Freq "Front Wall Bounce"
20.5078 44.60824997063895
21.9727 45.69613058575604
23.4375 46.260490949442556
24.9023 46.27695209775925
26.3672 47.71662057530094
27.832 49.0176063668533
29.2969 49.13754599953316
30.7617 50.37760245144324
32.2266 55.117249016189675
33.6914 56.44583342408083
35.1562 55.596012167395656
36.6211 56.70331317881954
38.0859 59.97110368448459
39.5508 61.5159618917958
41.0156 62.94768104688788
42.4805 64.19615950574679
43.9453 65.75275756231781
45.4102 67.09066772747867
46.875 68.53362261455439
48.3398 69.9235717078747
51.2695 71.39890038584397
52.7344 72.67664198817504
54.1992 73.7925805195035
55.6641 74.58818538466792
58.5938 75.98616474780545
60.0586 76.62088670093955
62.9883 77.55991008234417
64.4531 78.03997659425349
67.3828 78.8648439176228
68.8477 79.2343439839839
71.7773 80.03054492317975
74.707 80.5358776013243
77.6367 81.01965516155258
79.1016 81.38907260497902
82.0312 81.92112093980367
84.9609 82.23499998487563
87.8906 82.76505118671257
90.8203 83.27205320851832
95.2148 83.73735709244758
98.1445 84.11663206910492
101.074 84.52173218567376
105.469 84.8244292539062
108.398 85.12811817889603
112.793 85.40228114207213
117.188 85.47278144395341
120.117 85.6941763058177
124.512 85.80140220052621
128.906 85.89365099983883
133.301 85.86456768548368
139.16 85.63130843769314
143.555 85.47304309331388
147.949 85.37087065946542
153.809 85.29362220513106
159.668 84.9305852182978
165.527 84.44542229439298
171.387 84.25403226994096
177.246 83.990726180893
183.105 83.84447999917673
188.965 83.72260248228588
196.289 83.43390356687414
203.613 83.05858715645697
210.938 82.98839345723465
218.262 82.93405161838507
225.586 82.50133911025677
232.91 82.22691059066922
241.699 82.13764522822024
250.488 81.79628654702866
259.277 82.05698412609284
268.066 82.01366136320098
276.855 81.49454338454366
287.109 81.31707912196373
297.363 81.2138688958668
307.617 80.69777716090357
319.336 80.33391950952357
329.59 81.12549995112528
341.309 81.51866127339771
353.027 81.4300336047531
366.211 81.62053692927947
379.395 81.34240674726209
392.578 81.3656653108018
405.762 81.2185691830566
420.41 81.04372416746762
435.059 81.26666718727954
451.172 80.8428331271397
465.82 81.04426609995328
483.398 81.05739421673474
499.512 81.07425665438753
517.09 80.84514440877625
536.133 80.72878062088982
555.176 80.69100365571428
574.219 80.70998492830418
594.727 81.10063084928397
615.234 80.9997956920318
637.207 81.89702584248747
659.18 81.32246552652418
682.617 81.3168227125345
707.52 81.52638423666008
732.422 81.27751937164672
757.324 80.846311695115
785.156 81.45183916766777
811.523 80.97064112879293
840.82 81.25814283692917
870.117 81.68458516193353
900.879 81.57461776153174
933.105 82.48420952835833
965.332 82.1378996352494
1000.49 82.0987127572148
1035.64 82.38758613569804
1072.27 82.43918678061627
1108.89 83.26654621447834
1148.44 84.6410343890742
1189.45 84.65601240597786
1230.47 84.80090826694976
1274.41 84.31446186550127
1319.82 83.84672184969692
1366.7 84.17898409080522
1413.57 84.13871335610047
1463.38 84.2206392315945
1516.11 84.17540833550667
1568.85 83.46956824905988
1624.51 83.3057584530487
1681.64 83.4929489135542
1741.7 82.99174723845873
1803.22 82.23133929552594
1866.21 82.22733197105363
1932.13 82.36847030697238
1999.51 81.90254118291762
2069.82 82.39520632827114
2143.07 83.51035570877889
2219.24 83.72836892491912
2296.88 83.12046053097654
2378.91 84.28949603882882
2462.4 84.69252299959363
2548.83 83.89237950242219
2639.65 84.2350680900814
2731.93 84.41771277797044
2828.61 84.4966566864083
2928.22 84.12225885263531
3030.76 84.70373980192822
3137.7 84.77850211388848
3249.02 84.99475596018314
3363.28 84.81182162400549
3481.93 84.89722635320916
3604.98 85.0577232022453
3732.42 84.80365676961375
3864.26 85.11419821607394
4000.49 85.13992293191312
4141.11 85.535606278133
4287.6 85.41659993767585
4438.48 85.85433218809936
4595.21 85.17620512532937
4756.35 85.12496434115965
4924.8 85.1630199619057
5097.66 84.9999168146774
5277.83 84.92798669413278
5463.87 84.93537326862415
5657.23 84.35522751883168
5856.45 84.11941187357505
6062.99 84.04709412163739
6276.86 84.03783125101958
6498.05 84.01995234397984
6726.56 83.81590390123783
6963.87 83.77803806676462
7209.96 83.90880403837119
7464.84 84.26004172020026
7727.05 84.72527767992443
7999.51 85.07797413804613
8282.23 85.45811720095153
8573.73 85.64600886389503
8876.95 85.76347463525867
9188.96 86.05302542766188
9514.16 86.49265937045602
9849.61 86.93485510075068
10196.8 87.43435988182284
10555.7 87.79567251703843
10927.7 87.86125097013147
11313.0 87.76541018094463
11712.9 87.408522252339
12126.0 86.98261336159894
12553.7 86.29889272826298
12996.1 85.98024964658825
13454.6 86.02877086656699
13929.2 86.50478942102798
14419.9 87.794312236334
14928.2 88.79038606773135
15455.6 88.2453392389319
16000.5 86.40204094204708
16564.5 84.53402353816801
17148.9 83.32751137248606
17752.4 82.02419305529217
18379.4 80.67167433363807
19026.9 79.54589278161748
19697.8 79.10031169066347
19999.5 79.03614293641974
