Freq "Rear Wall Bounce"
20.5078 52.74310266794089
21.9727 52.09078015114278
23.4375 52.666906060352005
24.9023 52.54276836716596
26.3672 53.8470675972581
27.832 54.522900499900516
29.2969 55.793151708086356
30.7617 57.244440027606714
32.2266 59.42214206551094
33.6914 59.54639388275433
35.1562 59.321863006843074
36.6211 62.53451330139865
38.0859 63.48827672277251
39.5508 64.57072485077224
41.0156 65.69358736372683
42.4805 66.88508121668325
43.9453 68.28049473138823
45.4102 69.50849181997984
46.875 70.5423817438051
48.3398 71.44420689254014
51.2695 73.12057049616938
52.7344 74.42259485884263
54.1992 75.32755393064427
55.6641 75.90334313587152
58.5938 77.12588616003873
60.0586 77.64735108253574
62.9883 78.49882301518
64.4531 78.92937906802833
67.3828 79.65801193003426
68.8477 79.99555110454216
71.7773 80.70078016566353
74.707 81.12833334163936
77.6367 81.5581291861897
79.1016 81.89546217045108
82.0312 82.3668619791082
84.9609 82.6406291268183
87.8906 83.15570630823522
90.8203 83.58398536567954
95.2148 83.96752392098396
98.1445 84.30490115341951
101.074 84.65524258126173
105.469 84.87848495819556
108.398 85.1752561101139
112.793 85.44259113520312
117.188 85.46805236062627
120.117 85.65152317513953
124.512 85.74727658533416
128.906 85.7663118522825
133.301 85.6070409710668
139.16 85.40147333481177
143.555 85.2452176458282
147.949 85.13571819675283
153.809 84.86502039150832
159.668 84.47957157338713
165.527 84.08057982321688
171.387 83.66113021515602
177.246 83.47992975636606
183.105 83.18106945091208
188.965 83.05621205848362
196.289 82.81816020921913
203.613 82.24126535607823
210.938 81.87066041600897
218.262 81.74312238864272
225.586 81.64257570643198
232.91 81.11758061893033
241.699 80.7503266139498
250.488 80.03742923392548
259.277 80.01899652344215
268.066 80.56112771454329
276.855 80.01551298306684
287.109 79.5576298561459
297.363 79.6828113006254
307.617 79.84051926701504
319.336 79.59555971088247
329.59 79.18403430898476
341.309 78.42177921364922
353.027 78.01354649401722
366.211 77.90387304780859
379.395 77.74129549642967
392.578 77.11715572016607
405.762 77.39111130885843
420.41 76.79763241997395
435.059 76.63868546623436
451.172 76.41545070448603
465.82 75.68676029970538
483.398 75.85584929900739
499.512 75.93421931576789
517.09 75.17879430177855
536.133 75.39629566069664
555.176 75.28736756264293
574.219 74.35177053864766
594.727 75.15264526399291
615.234 75.22076246067178
637.207 74.93590509926071
659.18 75.73456822558964
682.617 75.22826232607326
707.52 74.30262534932291
732.422 74.6452783660851
757.324 74.5402734693815
785.156 74.06780102664462
811.523 74.5939483766404
840.82 74.86611654780154
870.117 74.41004840182333
900.879 74.90055661839597
933.105 74.78769747829509
965.332 74.3356431345093
1000.49 73.83839925131102
1035.64 73.04225919589419
1072.27 73.82341515991234
1108.89 76.12003973719163
1148.44 78.78824165663595
1189.45 79.08293491578338
1230.47 78.82600692113134
1274.41 76.59700029867805
1319.82 76.04202458107403
1366.7 74.2505598479149
1413.57 73.79776051801072
1463.38 72.69087862060756
1516.11 71.93086893530206
1568.85 71.2561603718267
1624.51 70.32629780696064
1681.64 69.7057622769533
1741.7 69.51900354454668
1803.22 69.12444167346453
1866.21 69.64719313152291
1932.13 70.09106253483401
1999.51 70.02064529673981
2069.82 69.82612936127484
2143.07 70.26778982081859
2219.24 70.0228132801647
2296.88 69.37019949045083
2378.91 69.74969069661842
2462.4 70.33914443813413
2548.83 69.88631573403163
2639.65 69.94771331338364
2731.93 70.52276698688392
2828.61 70.63273158968408
2928.22 70.29094967577186
3030.76 69.85771544476675
3137.7 69.98246331966546
3249.02 69.28288923689959
3363.28 69.43256036338387
3481.93 69.44960486301362
3604.98 68.9611095084212
3732.42 68.89739002335816
3864.26 69.06491534401007
4000.49 69.18116226033897
4141.11 69.02219572773933
4287.6 68.57675317523324
4438.48 68.43369184639214
4595.21 68.37180994719887
4756.35 68.38446441294457
4924.8 67.81628400128372
5097.66 68.44006686748078
5277.83 67.63015259080731
5463.87 67.44249958362107
5657.23 66.75025207749137
5856.45 67.79518032824211
6062.99 67.5237901254487
6276.86 66.62264233287718
6498.05 66.82332396563693
6726.56 65.9717194321901
6963.87 65.78306671890495
7209.96 65.35912371477679
7464.84 65.21885303678862
7727.05 65.05098660894852
7999.51 64.62670998598743
8282.23 64.12064202020832
8573.73 63.540060580391525
8876.95 63.106022856932
9188.96 62.89492157113661
9514.16 62.6569060833105
9849.61 61.71805849105091
10196.8 59.720232559402575
10555.7 57.89553705437814
10927.7 57.96812835506665
11313.0 57.84603418984946
11712.9 59.8361538774646
12126.0 62.473370701066656
12553.7 63.693361634819155
12996.1 64.43004928477541
13454.6 66.66376258431639
13929.2 68.47652299323654
14419.9 68.94740923896066
14928.2 68.87841241338737
15455.6 65.41554224945229
16000.5 60.42914465299738
16564.5 55.24193548401365
17148.9 50.83932775340509
17752.4 47.89681070973472
18379.4 47.22619784095173
19026.9 48.06924598715466
19697.8 50.63966421869634
19999.5 51.663627895011075
