Freq "Estimated In-Room Response"
20.5078 47.710289759612664
21.9727 53.38042745266026
23.4375 54.76540736024944
24.9023 55.606281573554554
26.3672 56.86747488169948
27.832 59.60898546489625
29.2969 61.61605887578966
30.7617 63.01130078051111
32.2266 64.59889646953161
33.6914 66.09750357140399
35.1563 67.53556195246648
36.6211 68.61975471169548
38.0859 70.24397921754219
39.5508 71.60501830843576
41.0156 72.60768716571995
42.4805 73.99112018252106
43.9453 74.97012760737837
45.4102 75.77219695919116
46.875 76.51672465268356
48.3398 77.26645743949304
51.2695 78.48753853574678
52.7344 79.21261309280422
54.1992 79.708993926176
55.6641 80.0993795062598
58.5938 80.904568295718
60.0586 81.1160523943353
62.9883 81.70791393419137
64.4531 82.00912695184016
67.3828 82.43644184334951
68.8477 82.64519468955979
71.7773 83.13746896091862
74.707 83.52709625344188
77.6367 83.77341714435897
79.1016 83.88519269749955
82.0313 84.20338909431682
84.9609 84.50838461758639
87.8906 84.6820056366088
90.8203 84.86828831239089
95.2148 85.14393691063921
98.1445 85.27300807204534
101.074 85.40546488869728
105.469 85.56639834802553
108.398 85.73753061420722
112.793 85.98744838330634
117.188 86.09746022204152
120.117 86.19350901821892
124.512 86.3331411112491
128.906 86.35780234764601
133.301 86.38570799849509
139.16 86.34219930083319
143.555 86.31559870214122
147.949 86.23848744430009
153.809 86.1346456012334
159.668 86.28494432028481
165.527 86.28527756128008
171.387 86.14765092488709
177.246 86.03531755842744
183.105 85.80251727872971
188.965 85.62863264915217
196.289 85.70042600551942
203.613 85.47344085860951
210.938 85.35940178156517
218.262 85.25211361066276
225.586 85.13016074031317
232.91 85.14160309115302
241.699 85.07718574516848
250.488 84.87765123415659
259.277 84.87547832367103
268.066 84.66541201482532
276.855 84.47104268045643
287.109 84.38069481666842
297.363 84.37061893484872
307.617 84.53295926725536
319.336 84.50874601491505
329.59 84.61293834540325
341.309 84.42841094558061
353.027 84.25496225270356
366.211 84.2835672179126
379.395 84.66513787329232
392.578 84.41798229795361
405.762 83.82504013380509
420.41 84.03471676292601
435.059 83.42220701005658
451.172 83.03104188721127
465.82 82.20277680724553
483.398 81.47353442417011
499.512 81.68080916196514
517.09 82.04866313088776
536.133 80.92970905699231
555.176 80.58519344858033
574.219 80.56134053354546
594.727 80.3765953492942
615.234 80.23535326051542
637.207 79.99949688411209
659.18 80.76025282646013
682.617 80.75198792009965
707.52 81.25957757958741
732.422 82.05134907337171
757.324 82.57240860119725
785.156 83.08388112119941
811.523 83.17330092142595
840.82 83.27244854068283
870.117 83.45377457486921
900.879 83.57612110617802
933.105 83.64344735390354
965.332 83.95670209681711
1000.49 84.17925710985949
1035.64 84.18982597283876
1072.27 84.36688820380655
1108.89 84.42532771099559
1148.44 84.42792952803634
1189.45 84.16117429184756
1230.47 83.23050181051704
1274.41 82.60239461139798
1319.82 82.39113087400997
1366.7 82.5684797849395
1413.57 82.38247724250928
1463.38 82.666612892832
1516.11 83.31588767755795
1568.85 83.71111234918729
1624.51 83.82600333831432
1681.64 84.01511397553446
1741.7 83.84523827775133
1803.22 83.10282495546886
1866.21 81.68033689017892
1932.13 80.31705579977
1999.51 79.0425696104612
2069.82 78.43777559466656
2143.07 78.71110643998333
2219.24 79.43218044384214
2296.88 80.44768319693438
2378.91 82.66574174359026
2462.4 83.39569049194371
2548.83 81.42723233419613
2639.65 81.80574883419592
2731.93 82.80927717835097
2828.61 83.55374064237517
2928.22 84.44784470902162
3030.76 84.61720018566102
3137.7 84.61879117044425
3249.02 84.66394030522372
3363.28 84.37560989807136
3481.93 84.02771120322379
3604.98 83.48711405485382
3732.42 83.12121887058295
3864.26 83.73966254666266
4000.49 83.43543282153308
4141.11 83.58371907447716
4287.6 83.46074203503717
4438.48 83.23439320373865
4595.21 82.83656498901975
4756.35 82.0108797719092
4924.8 79.93277987183806
5097.66 81.73874504778937
5277.83 83.69794757428728
5463.87 84.2189349729519
5657.23 84.68380433153683
5856.45 84.81722118877818
6062.99 84.63030778608517
6276.86 84.59801194248183
6498.05 84.8964018372039
6726.56 84.6452415140576
6963.87 84.37126688513496
7209.96 84.10093448125991
7464.84 83.81833569935999
7727.05 83.62608410485626
7999.51 83.75105421525691
8282.23 83.3165626403666
8573.73 82.72191712569517
8876.95 82.78500718220224
9188.96 83.51033163398971
9514.16 83.71875361837414
9849.61 84.38786880710703
10196.8 84.76535097174894
10555.7 85.27048357829469
10927.7 86.19828611030091
11313.0 86.66652910228107
11712.9 85.88597018796986
12126.0 83.60724732097033
12553.7 81.48943319476157
12996.1 79.12137033870066
13454.6 78.32144199397106
13929.2 79.6451463121204
14419.9 82.51446619908288
14928.2 82.43555910934005
15455.6 73.05383304522498
16000.5 77.85495712035973
16564.5 82.01247465596396
17148.9 75.68471829127473
17752.4 76.09791505748683
18379.4 78.56485534739652
19026.9 81.05291981180532
19697.8 80.57747961695398
19999.5 76.59147098734036
