Freq "Rear Wall Bounce"
20.5078 69.4530582269845
21.9727 65.72001067473795
23.4375 67.77085568370728
24.9023 69.22708096348502
26.3672 69.70873599343523
27.832 70.05309689750942
29.2969 71.2301430505432
30.7617 72.0043055375417
32.2266 72.51488863342134
33.6914 73.25836708665102
35.1562 74.00319654331187
36.6211 74.61462851391207
38.0859 75.14370208258595
39.5508 75.79653214085191
41.0156 76.48184141045328
42.4805 76.81747284999787
43.9453 77.24472987541027
45.4102 77.77941102680555
46.875 78.44123983821144
48.3398 79.01434848994349
51.2695 80.22389576123541
52.7344 80.79066570928117
54.1992 81.09914878486225
55.6641 81.37193364118247
58.5938 82.11365691825463
60.0586 82.63995145528449
62.9883 83.59229260936043
64.4531 83.96574485960237
67.3828 84.68511942092519
68.8477 85.01917041570334
71.7773 85.60116819621109
74.707 86.15457758066185
77.6367 86.68180011308897
79.1016 86.90674267419772
82.0312 87.27802875408304
84.9609 87.57366845179881
87.8906 87.85447995581741
90.8203 88.00888038998497
95.2148 88.15206327589651
98.1445 88.22449388238658
101.074 88.13222540385684
105.469 88.21112360801678
108.398 88.28630975472456
112.793 88.27382940035221
117.188 88.13529304337742
120.117 88.19503481376293
124.512 88.12732655746575
128.906 87.95108314447312
133.301 87.79803815195488
139.16 87.56216261266779
143.555 87.40682938052011
147.949 87.20428721097754
153.809 86.87469406039517
159.668 86.88346648590456
165.527 86.91126850933198
171.387 86.57866370562735
177.246 86.33902490941935
183.105 86.04183067896639
188.965 85.74252003069438
196.289 85.70978207650012
203.613 85.35101034176384
210.938 85.10710265253238
218.262 85.13862638739013
225.586 85.28006489717878
232.91 84.71033557105889
241.699 84.28684447465136
250.488 83.57365217527011
259.277 84.07137682138692
268.066 83.35374546728133
276.855 82.8909054427223
287.109 83.55368830439332
297.363 82.94864888307268
307.617 82.91771306824882
319.336 82.30362808283763
329.59 82.38490043536666
341.309 82.06394167439903
353.027 80.90331697615636
366.211 80.1489640401887
379.395 80.6058211992239
392.578 80.0566371946567
405.762 80.06008099151283
420.41 83.40202351913292
435.059 85.36183776103421
451.172 83.28491385017219
465.82 83.16934142514455
483.398 83.69044187718772
499.512 84.00755231816044
517.09 84.33070880639137
536.133 82.10496032713472
555.176 81.29459763634352
574.219 82.22307842803528
594.727 80.64473316426502
615.234 79.02477072703842
637.207 79.33337421370769
659.18 80.4020738356131
682.617 80.45946754898708
707.52 78.57755006264762
732.422 79.08990597248712
757.324 79.25503540741025
785.156 79.13502015112849
811.523 79.88729027209588
840.82 82.58522249508893
870.117 80.70815817937934
900.879 80.38916500720364
933.105 79.49429964860482
965.332 78.1349359800449
1000.49 77.66163313145353
1035.64 76.39746417974983
1072.27 77.20235855919407
1108.89 76.4310758507098
1148.44 77.09459429671517
1189.45 77.50985349033708
1230.47 77.49909999207107
1274.41 77.28836541629498
1319.82 76.05618069587403
1366.7 76.90579695442739
1413.57 77.29139577365132
1463.38 75.39972275947456
1516.11 74.10741649977192
1568.85 72.49338363331773
1624.51 73.53979159500844
1681.64 73.76184183963476
1741.7 72.12087330069897
1803.22 71.83679667465087
1866.21 72.28217718613345
1932.13 72.38587614972678
1999.51 74.81487823248602
2069.82 76.15374072684207
2143.07 75.8994740750626
2219.24 75.94823836990128
2296.88 75.90277100452428
2378.91 76.36105058671455
2462.4 74.77643572372197
2548.83 75.53454487662599
2639.65 73.29645648224238
2731.93 73.0713757541529
2828.61 73.21128331743618
2928.22 73.41102273109864
3030.76 73.32668658789167
3137.7 74.16776003690153
3249.02 74.55932443465372
3363.28 74.2582301575022
3481.93 72.6332821452655
3604.98 73.14356156055979
3732.42 73.08388943655359
3864.26 72.62489194758527
4000.49 72.66801792615786
4141.11 72.97526418058162
4287.6 71.60200146109474
4438.48 72.36640697926249
4595.21 70.8283963725237
4756.35 69.13108065931696
4924.8 70.74120932429929
5097.66 70.54004335982764
5277.83 69.50195186790718
5463.87 68.82812969314388
5657.23 68.73910746949042
5856.45 68.11517080721987
6062.99 68.87693965582748
6276.86 68.02467263031015
6498.05 68.39101347451327
6726.56 67.18216103313846
6963.87 67.91081865816406
7209.96 68.05515962196448
7464.84 66.58169331181361
7727.05 66.21481586584632
7999.51 66.19774235154652
8282.23 65.62264809438733
8573.73 65.5363514292346
8876.95 64.57388701681361
9188.96 64.29570859576182
9514.16 64.65251334113233
9849.61 64.84911914792005
10196.8 65.56373897158161
10555.7 65.00822235092079
10927.7 64.83751262002679
11313.0 65.09389872035675
11712.9 64.65023978897615
12126.0 63.671765206944116
12553.7 63.35616520451816
12996.1 63.31313462288995
13454.6 62.82346430948181
13929.2 62.66558481993158
14419.9 61.58323301882368
14928.2 59.85355465067215
15455.6 58.69570174572678
16000.5 58.21567717643731
16564.5 57.4661663355991
17148.9 56.03762915496344
17752.4 54.17598995860564
18379.4 53.08914469843006
19026.9 50.975894271270846
19697.8 47.0696205179172
19999.5 47.69318157505421
