Freq "Total Early Reflection"
20.5078 68.6819209117677
21.9727 65.54700437310721
23.4375 67.65481722218773
24.9023 69.09406753923825
26.3672 69.61982381422636
27.832 69.91812410060707
29.2969 71.16678657303726
30.7617 71.97828090253958
32.2266 72.48488096152074
33.6914 73.26044290070202
35.1562 73.99574274290906
36.6211 74.62327326286295
38.0859 75.18609669798109
39.5508 75.78087475857562
41.0156 76.36736695491597
42.4805 76.78542826512941
43.9453 77.29938013017406
45.4102 77.92207125990593
46.875 78.49932819990148
48.3398 79.01296517273724
51.2695 80.31910697369746
52.7344 80.86715155510574
54.1992 81.14879900771307
55.6641 81.49701693767632
58.5938 82.28897672881291
60.0586 82.79577525199294
62.9883 83.65604350632357
64.4531 84.0233563317937
67.3828 84.74990933535845
68.8477 85.07609347765005
71.7773 85.67433789863588
74.707 86.25296517667452
77.6367 86.7584471739389
79.1016 86.98442174276198
82.0312 87.39683179166609
84.9609 87.66209400735778
87.8906 87.93572919669427
90.8203 88.11868959690692
95.2148 88.30071419324136
98.1445 88.40001122956903
101.074 88.38728174787518
105.469 88.51333010592992
108.398 88.571247881603
112.793 88.53997187884663
117.188 88.47353199343839
120.117 88.52758209322572
124.512 88.42301034326206
128.906 88.29219858115972
133.301 88.16547661071625
139.16 87.91726128576352
143.555 87.72042808271642
147.949 87.68104848754706
153.809 87.4616965944537
159.668 87.5563255116788
165.527 87.43853698731411
171.387 87.12444982411951
177.246 86.84152255148122
183.105 86.69865775521765
188.965 86.67520789481206
196.289 86.59939847403906
203.613 86.23699932744991
210.938 86.10095238145048
218.262 85.79993420923398
225.586 86.04961835848674
232.91 86.12406052219022
241.699 85.76954229112533
250.488 86.13424638044205
259.277 85.7454173164294
268.066 85.46332332311853
276.855 85.42743469718344
287.109 85.40423032994784
297.363 85.4096925087494
307.617 84.90218325088338
319.336 84.49454643860791
329.59 84.18306873781377
341.309 83.84559819167082
353.027 83.8166023401666
366.211 83.96356683202386
379.395 83.09648617472342
392.578 81.89034937683853
405.762 82.31769593802053
420.41 85.04317436443723
435.059 86.71581876583771
451.172 87.27684062832215
465.82 86.59804552038035
483.398 86.05134545697295
499.512 85.46294429967918
517.09 85.58345442848109
536.133 85.66620721858459
555.176 84.91471538632173
574.219 85.51774794527945
594.727 84.62923569785056
615.234 83.90556597710899
637.207 83.9987342071497
659.18 82.94843494589574
682.617 83.59881939695117
707.52 83.49188156159005
732.422 82.9380028561104
757.324 83.00128392892027
785.156 82.869389143209
811.523 83.65152696676321
840.82 83.56576985489023
870.117 83.37830573625962
900.879 83.76495384213607
933.105 83.44659865528713
965.332 83.31499648165799
1000.49 82.84003826128314
1035.64 82.98331034832522
1072.27 82.7403183081878
1108.89 82.51483646456386
1148.44 82.54154232994499
1189.45 83.06571992655978
1230.47 83.27081004913833
1274.41 83.2050828693396
1319.82 82.76147086093741
1366.7 82.5869002909769
1413.57 82.39154826768747
1463.38 81.79276211204703
1516.11 81.55389886793601
1568.85 80.97495423719155
1624.51 80.8509770959477
1681.64 80.83600698292533
1741.7 81.177910995306
1803.22 81.77964398653185
1866.21 81.71980459102181
1932.13 81.90081256496273
1999.51 82.87351947031641
2069.82 83.64158696745555
2143.07 83.67425639901293
2219.24 83.63547321322015
2296.88 83.97454492185786
2378.91 84.22738746262604
2462.4 84.19027157447739
2548.83 84.28769524647248
2639.65 84.25638079064616
2731.93 84.1421419499653
2828.61 84.14450131737995
2928.22 83.7925522768067
3030.76 83.80408181593735
3137.7 84.0014332453443
3249.02 83.45272755402038
3363.28 83.61017017105846
3481.93 84.04466891394644
3604.98 84.36572284612394
3732.42 84.84894639810953
3864.26 85.06711110383735
4000.49 84.70188167145234
4141.11 84.77447088309911
4287.6 84.57873132232747
4438.48 84.13622205837585
4595.21 83.91782984954676
4756.35 83.94034838829238
4924.8 84.23683138721637
5097.66 84.51579655582702
5277.83 84.28802848916968
5463.87 84.2338907685437
5657.23 83.79734101676873
5856.45 83.91311030786325
6062.99 83.86123849900254
6276.86 83.84327619754697
6498.05 83.73135684227253
6726.56 83.77530578332457
6963.87 84.01215488446209
7209.96 83.91697721522554
7464.84 83.77828715420345
7727.05 83.77033443780071
7999.51 83.6373311334446
8282.23 83.20668711580454
8573.73 83.17489007059747
8876.95 82.86616693699857
9188.96 82.53978469643502
9514.16 81.98928654841704
9849.61 81.29766143187554
10196.8 81.0201399299169
10555.7 80.89577173289582
10927.7 80.74300121908611
11313.0 80.46871000051016
11712.9 80.14424043503872
12126.0 80.45476700006931
12553.7 80.58493825836511
12996.1 80.9206389461586
13454.6 80.98313871985486
13929.2 80.48625148412982
14419.9 79.77533458117263
14928.2 79.36578815790149
15455.6 79.23311552406541
16000.5 79.371878842686
16564.5 79.33050275567159
17148.9 78.77961341177921
17752.4 78.02345062803401
18379.4 77.2082601585607
19026.9 75.89338693515752
19697.8 74.41038528964265
19999.5 73.73490088187516
