Freq "Front Wall Bounce"
20.5078 52.41404408362696
21.9727 54.142246324198695
23.4375 55.26564497946073
24.9023 57.87977006097016
26.3672 60.42548169965882
27.832 62.691985687219116
29.2969 64.56643303420456
30.7617 66.66188725981011
32.2266 68.9642691686034
33.6914 70.91700093184134
35.1562 72.67045155562906
36.6211 74.2627904195964
38.0859 75.71302379548267
39.5508 77.03792163896598
41.0156 78.28054868722525
42.4805 79.18628901596941
43.9453 79.74998491252376
45.4102 80.20017339822122
46.875 80.5544614808554
48.3398 80.85086978934167
51.2695 81.5149114392508
52.7344 81.7526800761905
54.1992 81.90818189937356
55.6641 82.13229614684289
58.5938 82.44546071316788
60.0586 82.6115562783654
62.9883 82.9422825716644
64.4531 83.06464573284646
67.3828 83.36679016832882
68.8477 83.5323466694786
71.7773 83.93183560731518
74.707 84.3091847441299
77.6367 84.59609826634126
79.1016 84.731377298252
82.0312 84.9842773243701
84.9609 85.15168658352981
87.8906 85.44423300208966
90.8203 85.71238359463231
95.2148 85.93810096833705
98.1445 86.04229966708127
101.074 86.10252873020217
105.469 86.54649842631916
108.398 86.88205428776963
112.793 87.01226130707295
117.188 87.11481595636438
120.117 87.19053836373631
124.512 87.1997378172782
128.906 87.2482465016836
133.301 87.2303391455252
139.16 87.22447606449568
143.555 87.15319075680422
147.949 87.13095615988104
153.809 87.11825930811544
159.668 87.05892735108073
165.527 87.09433747990931
171.387 87.17175087656284
177.246 86.84248084097992
183.105 86.55641311438872
188.965 86.5451086108768
196.289 86.68370632036415
203.613 86.69954736009822
210.938 86.5254783243451
218.262 86.26320626011308
225.586 86.18271067685653
232.91 86.21148228489216
241.699 85.95189241040039
250.488 85.66546059359744
259.277 85.56373804593161
268.066 85.01496571118243
276.855 85.0633969507246
287.109 86.59853205978631
297.363 87.74919996485441
307.617 86.90262902845024
319.336 85.76463730859172
329.59 85.64892636545947
341.309 85.51733226778661
353.027 85.30013324257216
366.211 85.46036732095483
379.395 86.35569126569463
392.578 85.59355363772981
405.762 85.77212930658338
420.41 86.0022944148905
435.059 85.78387721813529
451.172 86.02021673350804
465.82 86.24434700340552
483.398 85.77204193676029
499.512 85.8465767263205
517.09 86.45574636970112
536.133 86.20984098320955
555.176 86.67667280596541
574.219 86.74634808907946
594.727 86.44318522122735
615.234 86.9884349285275
637.207 87.10394921347613
659.18 87.28185878843003
682.617 86.86492641962006
707.52 86.49048094706502
732.422 86.36410445655724
757.324 86.7080753059781
785.156 85.79431112804616
811.523 88.30888013914746
840.82 87.67292041643906
870.117 86.39535964814137
900.879 85.35059280495578
933.105 86.52759692496889
965.332 87.27520709897546
1000.49 85.83882867395965
1035.64 87.05601402189349
1072.27 85.31302063680062
1108.89 86.44539906734518
1148.44 85.21748686412697
1189.45 85.41362247380341
1230.47 84.43637755765789
1274.41 85.30389682994016
1319.82 86.26979154243824
1366.7 86.7180883079111
1413.57 86.92566411035043
1463.38 86.65321855519265
1516.11 86.20919263254062
1568.85 85.57481394494695
1624.51 85.11690582883286
1681.64 86.34605966773177
1741.7 87.32579893865153
1803.22 87.1316297551126
1866.21 86.49433604745286
1932.13 85.23007565282784
1999.51 84.96688357206668
2069.82 85.38313976003239
2143.07 85.93492331921797
2219.24 85.64009868905512
2296.88 84.66499680795113
2378.91 84.40832738838846
2462.4 85.91712930729547
2548.83 86.79628235464851
2639.65 86.04371130986603
2731.93 84.95311387112056
2828.61 84.9728406780119
2928.22 85.89314168754184
3030.76 86.28699884604988
3137.7 86.09395640789495
3249.02 85.4004719242812
3363.28 84.94298833430055
3481.93 85.05340146083188
3604.98 84.74321089461444
3732.42 84.76685048823339
3864.26 84.5926792119617
4000.49 83.56904016474287
4141.11 83.80090460765186
4287.6 84.18658725658193
4438.48 84.45271646733684
4595.21 84.1579146519142
4756.35 84.08777366850029
4924.8 84.77026116823436
5097.66 84.09999858211154
5277.83 83.85165038054575
5463.87 84.33316345453294
5657.23 83.94503258235376
5856.45 83.82540503981582
6062.99 84.19493317180466
6276.86 83.76243278460487
6498.05 83.94741609003894
6726.56 84.63564009212952
6963.87 84.08086437550925
7209.96 84.89770481630654
7464.84 84.71327458839664
7727.05 84.44660971613608
7999.51 84.92915757491329
8282.23 84.51290156185017
8573.73 84.80518258081747
8876.95 84.35633490651726
9188.96 84.38881288431314
9514.16 84.20944342739075
9849.61 84.39866468700144
10196.8 84.64073855248223
10555.7 84.87223445520151
10927.7 85.20577684684082
11313.0 85.52360063423065
11712.9 85.74089174341752
12126.0 85.66744375795393
12553.7 85.92364886373322
12996.1 86.24838350449294
13454.6 86.64359277497373
13929.2 86.80887711567085
14419.9 86.7531640772604
14928.2 86.49176005020915
15455.6 86.14089531493481
16000.5 85.92496896131212
16564.5 85.79012213479967
17148.9 85.87661826898037
17752.4 85.74305743190682
18379.4 85.65350294271018
19026.9 84.63883689302871
19697.8 82.82468820137854
19999.5 81.76077902993075
