Freq "On Axis"
20.5078 40.1092
21.9727 38.997399999999985
23.4375 41.24489999999999
24.9023 42.4875
26.3672 41.164100000000005
27.832 44.43990000000001
29.2969 44.898700000000005
30.7617 44.508300000000006
32.2266 45.894700000000014
33.6914 47.416700000000006
35.1562 48.28320000000001
36.6211 49.6606
38.0859 51.04979999999999
39.5508 52.03519999999999
41.0156 52.07260000000001
42.4805 53.91109999999999
43.9453 55.11640000000001
45.4102 56.28779999999999
46.875 57.562
48.3398 59.02069999999999
51.2695 62.30200000000001
52.7344 63.87939999999999
54.1992 65.1358
55.6641 66.4018
58.5938 68.4849
60.0586 69.60519999999998
62.9883 71.49
64.4531 72.2855
67.3828 73.5775
68.8477 74.4002
71.7773 75.9941
74.707 76.7101
77.6367 77.5481
79.1016 78.2078
82.0312 78.7376
84.9609 79.0144
87.8906 79.7993
90.8203 80.0549
95.2148 80.3543
98.1445 80.7701
101.074 81.2479
105.469 81.1446
108.398 81.6086
112.793 81.7756
117.188 82.0886
120.117 82.1357
124.512 82.07550000000002
128.906 82.0612
133.301 81.99220000000001
139.16 81.8065
143.555 81.6617
147.949 81.51469999999999
153.809 81.2755
159.668 81.07800000000002
165.527 80.9193
171.387 80.815
177.246 80.6947
183.105 80.4253
188.965 80.2885
196.289 80.2676
203.613 80.0786
210.938 80.02379999999998
218.262 79.9207
225.586 79.89399999999999
232.91 79.7958
241.699 79.6515
250.488 79.6192
259.277 79.7169
268.066 79.5413
276.855 79.7764
287.109 79.5132
297.363 79.7723
307.617 79.7245
319.336 79.6439
329.59 79.5448
341.309 79.42460000000001
353.027 79.4844
366.211 79.3273
379.395 79.3804
392.578 79.1505
405.762 79.96320000000001
420.41 80.438
435.059 80.2704
451.172 80.8135
465.82 80.6896
483.398 80.6669
499.512 80.5297
517.09 80.955
536.133 80.48210000000002
555.176 80.5637
574.219 81.0568
594.727 80.5598
615.234 80.2673
637.207 80.2898
659.18 80.0552
682.617 80.10380000000002
707.52 80.4407
732.422 80.7616
757.324 81.0362
785.156 82.1022
811.523 80.8808
840.82 80.38540000000002
870.117 80.5671
900.879 80.59999999999998
933.105 81.0708
965.332 81.3448
1000.49 82.3612
1035.64 81.7852
1072.27 82.40829999999998
1108.89 82.4382
1148.44 82.1367
1189.45 81.8394
1230.47 79.148
1274.41 79.7345
1319.82 80.5907
1366.7 81.66419999999998
1413.57 81.84779999999999
1463.38 81.0067
1516.11 80.07960000000001
1568.85 79.0845
1624.51 78.5924
1681.64 78.1528
1741.7 78.076
1803.22 78.8254
1866.21 81.8032
1932.13 81.3646
1999.51 81.38799999999999
2069.82 81.629
2143.07 82.30399999999999
2219.24 81.701
2296.88 80.8887
2378.91 79.8901
2462.4 81.3794
2548.83 82.24070000000002
2639.65 81.8953
2731.93 80.3743
2828.61 80.7239
2928.22 81.0676
3030.76 81.86749999999999
3137.7 82.2143
3249.02 81.6921
3363.28 81.3122
3481.93 81.478
3604.98 80.9462
3732.42 81.0384
3864.26 80.91010000000001
4000.49 79.9558
4141.11 80.86369999999998
4287.6 80.8477
4438.48 80.6708
4595.21 81.9355
4756.35 82.0485
4924.8 81.087
5097.66 80.611
5277.83 81.7579
5463.87 81.9098
5657.23 81.3771
5856.45 80.9279
6062.99 81.7922
6276.86 80.969
6498.05 80.8943
6726.56 81.3489
6963.87 80.6871
7209.96 80.9371
7464.84 80.641
7727.05 79.9098
7999.51 79.0468
8282.23 79.1093
8573.73 80.1177
8876.95 80.7175
9188.96 81.1896
9514.16 81.24810000000001
9849.61 81.4053
10196.8 81.5679
10555.7 81.9502
10927.7 83.1611
11313.0 84.9714
11712.9 84.7857
12126.0 82.7545
12553.7 83.3369
12996.1 83.00779999999999
13454.6 83.55129999999998
13929.2 83.7856
14419.9 84.11300000000001
14928.2 84.66429999999998
15455.6 85.0338
16000.5 85.3361
16564.5 85.159
17148.9 84.22329999999998
17752.4 81.9753
18379.4 79.3079
19026.9 77.5361
19697.8 77.2385
19999.5 77.1649
