Freq "Ceiling Bounce"
20.5078 54.5160433203786
21.9727 53.36869751343582
23.4375 55.79103758294073
24.9023 56.16510926781382
26.3672 57.05252624441394
27.832 58.014618988116155
29.2969 58.564331750277915
30.7617 59.18519269380914
32.2266 60.5365182981576
33.6914 61.011775813162245
35.1562 61.72059487946646
36.6211 62.22745492775164
38.0859 63.03082868270111
39.5508 63.4492998272477
41.0156 64.46524785036449
42.4805 64.49231965881894
43.9453 65.19584936447765
45.4102 65.63141927264101
46.875 66.21335945299347
48.3398 66.65062851568538
51.2695 67.62701809920031
52.7344 68.05713739591977
54.1992 68.57208198628399
55.6641 69.01296123362948
58.5938 69.93423217510671
60.0586 70.28230972719246
62.9883 71.04059665055631
64.4531 71.40632190022563
67.3828 72.19034733753831
68.8477 72.56275729421392
71.7773 73.30516807987473
74.707 74.04694592777349
77.6367 74.7211924713112
79.1016 75.02796692583077
82.0312 75.67569802254725
84.9609 76.2930093812739
87.8906 76.86310393382789
90.8203 77.44858913973277
95.2148 78.2541608204787
98.1445 78.8590685044746
101.074 79.41426827786397
105.469 80.18780689015196
108.398 80.6289367331066
112.793 81.2690803904467
117.188 81.8914877605771
120.117 82.3136732795499
124.512 82.79594946420363
128.906 83.22360361537487
133.301 83.84616372607059
139.16 84.31062138576121
143.555 84.60178408783906
147.949 84.84915703920583
153.809 85.28480714714708
159.668 85.62589988846793
165.527 85.90369510943452
171.387 85.92610839857349
177.246 85.96897524659128
183.105 86.06079982748497
188.965 86.22571992676858
196.289 86.23227172708782
203.613 86.15642854604835
210.938 85.8669806788439
218.262 85.67092743586863
225.586 85.4328059934621
232.91 85.10178132986088
241.699 84.82120269798112
250.488 84.5068591092343
259.277 84.547670597522
268.066 84.59638844070284
276.855 84.43655893381484
287.109 84.55132098076747
297.363 84.55244101985099
307.617 83.94166172579045
319.336 83.70323854784577
329.59 83.33501596367748
341.309 83.36017021615562
353.027 83.33209476044269
366.211 83.21523472716885
379.395 82.46305049525466
392.578 83.0078578553047
405.762 82.525329901298
420.41 82.63711144618708
435.059 82.35149698287476
451.172 82.37460320467582
465.82 83.09065465759682
483.398 82.39066400936866
499.512 82.5433681443217
517.09 83.3477390106354
536.133 79.87079120321113
555.176 82.2550037177918
574.219 83.22916310592025
594.727 82.2079654199076
615.234 81.62998612297852
637.207 80.95559603254227
659.18 81.80126694019147
682.617 81.35332519649904
707.52 80.61543779970397
732.422 81.81414898066966
757.324 81.91156154536321
785.156 80.39624094622089
811.523 81.26552315231848
840.82 80.01707274056817
870.117 81.33715692478339
900.879 80.1776344338082
933.105 79.52536932859556
965.332 81.05670378541926
1000.49 82.11310412611597
1035.64 82.11771541224546
1072.27 79.78952513022624
1108.89 79.35873544784785
1148.44 78.06727548903937
1189.45 78.36132834954256
1230.47 76.33588982295042
1274.41 76.39422721595594
1319.82 78.06787495909593
1366.7 77.02744974553895
1413.57 79.16676459508929
1463.38 78.74697520631662
1516.11 78.50178278448976
1568.85 78.20284237969007
1624.51 77.79332512730656
1681.64 78.47868929740639
1741.7 80.20330018019862
1803.22 81.04939790846782
1866.21 82.0782193291816
1932.13 80.2150112314674
1999.51 80.96581765506885
2069.82 82.22543129903865
2143.07 82.42106407457618
2219.24 82.109207662748
2296.88 81.842174728872
2378.91 82.33370146662278
2462.4 82.78324352506803
2548.83 82.262449132739
2639.65 81.58061581568646
2731.93 81.6940467177886
2828.61 81.99234900455475
2928.22 81.23555814042537
3030.76 81.48981071785282
3137.7 81.43151604623719
3249.02 81.23256491643644
3363.28 80.76140233493831
3481.93 80.7391889288821
3604.98 80.87003372822745
3732.42 80.40876308352674
3864.26 80.52346546151664
4000.49 80.896389802338
4141.11 80.82533345003556
4287.6 81.15404025074302
4438.48 81.04970933345551
4595.21 80.97248324621395
4756.35 81.07676605507751
4924.8 80.9049590710298
5097.66 81.03128244285546
5277.83 80.92313646878414
5463.87 80.6878614414157
5657.23 80.38687116786966
5856.45 80.84445540997703
6062.99 80.72492851299248
6276.86 80.78784375375733
6498.05 80.41771662945
6726.56 80.49664381998545
6963.87 80.43147525679348
7209.96 80.58651163429505
7464.84 80.76214880123408
7727.05 80.9903957606011
7999.51 80.60702388042384
8282.23 79.83063089471423
8573.73 79.12624476418235
8876.95 79.16224314463203
9188.96 78.82120274989992
9514.16 78.38642438216961
9849.61 78.33775513445711
10196.8 78.3762550406006
10555.7 77.53075627079849
10927.7 76.8087333188098
11313.0 76.12245173800386
11712.9 75.74709549652607
12126.0 75.97937864935257
12553.7 76.24463670688955
12996.1 75.88675042429382
13454.6 75.45587589432947
13929.2 75.31353559717247
14419.9 75.22427127131682
14928.2 75.03953506996363
15455.6 74.54652768875158
16000.5 74.20710948458694
16564.5 74.16812276756269
17148.9 74.22452216089498
17752.4 74.43604643352651
18379.4 74.3066022205863
19026.9 73.91974454777397
19697.8 73.09318190538492
19999.5 72.78669087270166
