Freq "Floor Bounce"
20.5078 52.94013582497979
21.9727 54.66947166131925
23.4375 53.94239252598237
24.9023 56.74045428632698
26.3672 53.242706019202956
27.832 55.47294280547828
29.2969 56.78541239262219
30.7617 59.09621036660073
32.2266 61.127413245891574
33.6914 62.6874973050721
35.1562 64.60411874087045
36.6211 66.4898771185009
38.0859 68.32618874222034
39.5508 70.10411197034506
41.0156 71.7870541266035
42.4805 73.1745575852055
43.9453 74.84215595668894
45.4102 75.93307096167221
46.875 76.75286699561502
48.3398 77.35882911147698
51.2695 78.20017969562115
52.7344 78.54120121084826
54.1992 78.7335343642758
55.6641 78.87987528835353
58.5938 79.249544321891
60.0586 79.438902671208
62.9883 79.82951190651214
64.4531 80.0190033506695
67.3828 80.37765827133974
68.8477 80.67704694280306
71.7773 81.04087471163513
74.707 81.38723077690582
77.6367 81.7446323728704
79.1016 81.90769343235003
82.0312 82.24917341460538
84.9609 82.56991107694961
87.8906 82.82157833859925
90.8203 83.20294293688193
95.2148 83.70002493963298
98.1445 83.95295065885023
101.074 84.15311749161171
105.469 84.43994336603336
108.398 84.64924876827327
112.793 84.8906619491553
117.188 85.04783953745732
120.117 85.26226249975814
124.512 85.50416664433114
128.906 85.54219140561231
133.301 85.60018273274844
139.16 85.71305439357887
143.555 85.76187737145656
147.949 86.06806425439504
153.809 86.30682829438976
159.668 86.08512623197228
165.527 86.13325940071114
171.387 86.26909014871293
177.246 86.16244175555772
183.105 85.97542022672644
188.965 86.16911848380006
196.289 86.03459376388862
203.613 85.8775230086561
210.938 85.97117439126912
218.262 85.7985527097655
225.586 85.56416338615398
232.91 85.44629246103389
241.699 85.29285963130249
250.488 85.55223392092613
259.277 85.72533495144938
268.066 86.41708103103666
276.855 86.24664126093285
287.109 86.23370226822959
297.363 86.13787143782709
307.617 85.92548808636559
319.336 86.24404717547166
329.59 85.77369588037993
341.309 85.67857931441858
353.027 85.30472199283898
366.211 85.81453205668127
379.395 86.04911463171223
392.578 85.92043017298025
405.762 85.87840907795815
420.41 85.66998294761191
435.059 84.80108088623834
451.172 84.55938861350992
465.82 85.08774876102378
483.398 85.55676179780819
499.512 85.0672962716055
517.09 84.38130466076457
536.133 84.28712094486998
555.176 83.97095046324361
574.219 83.73595758586342
594.727 84.24878075367735
615.234 84.49507816009518
637.207 84.82203390575597
659.18 86.21576065612871
682.617 86.50867277371415
707.52 86.23500116193547
732.422 85.95035982118401
757.324 87.06131867127361
785.156 87.74503915799065
811.523 87.85385824625283
840.82 88.0636280056356
870.117 87.65868288056838
900.879 86.33795198855577
933.105 85.38666137914629
965.332 86.10756709116211
1000.49 85.00907577136466
1035.64 86.10392076561523
1072.27 86.9757722119167
1108.89 86.03503168380186
1148.44 86.42901905874531
1189.45 86.3267253913542
1230.47 86.5965544046621
1274.41 86.35589226453553
1319.82 86.57898918397314
1366.7 86.10890068255
1413.57 85.8796062496011
1463.38 85.36708848694673
1516.11 84.88610390068445
1568.85 84.7276838167368
1624.51 84.44525441325757
1681.64 84.01453199037675
1741.7 83.5784092862198
1803.22 83.19250899007173
1866.21 83.61259480903294
1932.13 83.19770744129507
1999.51 82.96145264317022
2069.82 82.5497514761787
2143.07 81.59570750331756
2219.24 81.36553385685458
2296.88 81.7127716668927
2378.91 81.69983726955249
2462.4 80.29267026105585
2548.83 78.15844439111996
2639.65 79.3786577435342
2731.93 78.79232847657049
2828.61 78.18044669038008
2928.22 77.6305187315959
3030.76 77.5593788273892
3137.7 77.929571004423
3249.02 77.99278987704746
3363.28 77.86645747043137
3481.93 77.65889731584906
3604.98 77.47361272631719
3732.42 78.67300416637976
3864.26 79.98461181031362
4000.49 81.5785479010602
4141.11 83.06419877431634
4287.6 84.64357120066288
4438.48 86.2251960849025
4595.21 87.00506965981131
4756.35 87.0273272906038
4924.8 87.34852302180741
5097.66 88.26698832154983
5277.83 88.6508086719418
5463.87 88.33060465273667
5657.23 88.58216661508123
5856.45 88.29579914640436
6062.99 88.57444548073572
6276.86 88.7116541380491
6498.05 89.13818742450948
6726.56 88.51424719223627
6963.87 88.66087968645752
7209.96 88.7380174376169
7464.84 88.31016370006198
7727.05 88.45286267675321
7999.51 88.3484986381423
8282.23 88.01881536099812
8573.73 88.06411011763949
8876.95 88.10547572429856
9188.96 88.19532258100367
9514.16 88.6656134459367
9849.61 88.6508342220678
10196.8 88.69754024190186
10555.7 88.66463832672471
10927.7 88.50445751186737
11313.0 88.3666572899459
11712.9 88.58834425090693
12126.0 88.47533500169746
12553.7 87.95451850890665
12996.1 87.5696336560827
13454.6 87.11717235648746
13929.2 86.82620369589506
14419.9 86.8846557289627
14928.2 86.87768668972006
15455.6 86.84829368768567
16000.5 86.60135896703025
16564.5 86.6173271904543
17148.9 86.34261389853954
17752.4 85.9459625779661
18379.4 85.44339387631774
19026.9 85.00055145498443
19697.8 85.05276722920748
19999.5 84.87367773441447
