Freq "Listening Window"
20.5078 63.15754297254084
21.9727 65.00766078774647
23.4375 65.64240577306514
24.9023 68.05067644235088
26.3672 66.97563620094745
27.832 68.16901865598211
29.2969 68.70819818460186
30.7617 69.68612191696684
32.2266 70.50908234490821
33.6914 71.30276073191887
35.1562 71.88963360812488
36.6211 72.49929354882673
38.0859 73.50317019558626
39.5508 74.05933847941952
41.0156 74.35390731551503
42.4805 75.35808650297544
43.9453 75.66062418603289
45.4102 76.06040764612875
46.875 76.61561794883106
48.3398 77.0208134747961
51.2695 78.0750388251307
52.7344 78.45286359626415
54.1992 78.74245522672523
55.6641 79.24624838813357
58.5938 80.06344219696773
60.0586 80.45863985284636
62.9883 81.27602221468719
64.4531 81.5564131843022
67.3828 82.00434786524268
68.8477 82.34265972284973
71.7773 82.87441645062809
74.707 83.32795933018105
77.6367 83.82243509549639
79.1016 84.02971336716965
82.0312 84.4706418198338
84.9609 84.78720300256795
87.8906 84.87014772352097
90.8203 85.15727411142032
95.2148 85.55207930703438
98.1445 85.81351464327484
101.074 86.06266774381821
105.469 86.14290347196298
108.398 86.15816437086025
112.793 86.24664438864268
117.188 86.65417011694097
120.117 86.64324787887965
124.512 86.59015387974961
128.906 86.85449764989485
133.301 86.81559598313605
139.16 86.79236555460952
143.555 86.91011215463816
147.949 86.80397391101029
153.809 86.88966400056637
159.668 86.53584094442493
165.527 86.57466598401093
171.387 86.34149729044316
177.246 86.67029502076393
183.105 86.73066177389744
188.965 86.81120496142158
196.289 86.74516282572839
203.613 87.00236839644768
210.938 86.88515050712112
218.262 86.85606736453252
225.586 86.74084627548632
232.91 87.36264790064324
241.699 87.04318471304538
250.488 87.2246741197752
259.277 87.78672244818331
268.066 87.20259521930046
276.855 87.45098260543399
287.109 87.898813734855
297.363 87.6383219141153
307.617 87.11819881963991
319.336 86.86454699756244
329.59 87.32370757991929
341.309 87.33329383118581
353.027 88.04556435151417
366.211 87.64312348557631
379.395 87.41666567520626
392.578 87.08729523755542
405.762 87.34795923380852
420.41 87.66827218952936
435.059 87.989459989164
451.172 86.82883038667224
465.82 87.19991409473717
483.398 88.41310214422799
499.512 87.18118755630243
517.09 88.60411825458995
536.133 88.76500711697925
555.176 89.07360129702722
574.219 90.01606887556326
594.727 89.2805622337704
615.234 90.54505138608093
637.207 89.71256107046612
659.18 90.46690545017181
682.617 89.75578691492416
707.52 88.76461848507249
732.422 88.66020626504104
757.324 89.81857475213678
785.156 89.08226307254007
811.523 89.67520401146344
840.82 89.14245579345682
870.117 89.22235904476942
900.879 89.46272634619882
933.105 88.8266253928525
965.332 88.75999130239629
1000.49 88.30659443741477
1035.64 88.42030367850587
1072.27 88.31411285609497
1108.89 88.4630540186249
1148.44 88.24673108521215
1189.45 88.12416571897387
1230.47 87.77416782696227
1274.41 87.34923380647346
1319.82 87.42209785110248
1366.7 87.55618522685889
1413.57 87.54841136049914
1463.38 87.32016643697001
1516.11 86.8622090862541
1568.85 86.90868390438
1624.51 87.46250080045435
1681.64 87.71915954478543
1741.7 87.26930116113101
1803.22 87.28520016440545
1866.21 87.82374181804805
1932.13 87.84770008420277
1999.51 87.22094361467816
2069.82 87.41811442209645
2143.07 87.84953852902736
2219.24 87.10860816590086
2296.88 86.72941195748147
2378.91 87.42052024359022
2462.4 86.89497100973024
2548.83 86.27169886868059
2639.65 86.70897828946303
2731.93 86.63573253138694
2828.61 86.69139814074022
2928.22 86.9836119187461
3030.76 87.33425000561765
3137.7 87.26391203646875
3249.02 87.73842623704402
3363.28 87.77833350135842
3481.93 88.36827378610148
3604.98 87.94302588198767
3732.42 88.6586721257897
3864.26 88.0744489338497
4000.49 88.47314432526646
4141.11 88.29648756827952
4287.6 88.44258543697185
4438.48 88.46750012739197
4595.21 88.31719357536143
4756.35 88.817509434612
4924.8 88.70170090292386
5097.66 88.69909403776678
5277.83 88.4154221447878
5463.87 88.73123869389674
5657.23 88.65802954172806
5856.45 88.41414479678507
6062.99 88.25101740440512
6276.86 87.9240133340546
6498.05 88.19002102400971
6726.56 88.52321897458646
6963.87 88.76321389550735
7209.96 89.1265116125183
7464.84 89.28249021869286
7727.05 89.62821067623466
7999.51 89.38662893084833
8282.23 89.4378719627645
8573.73 89.29509834583486
8876.95 89.24276792856655
9188.96 89.2973693895889
9514.16 89.40471341240927
9849.61 89.56802047537373
10196.8 89.31933697843155
10555.7 88.90034834157142
10927.7 88.18140708964506
11313.0 87.79250931741066
11712.9 87.86037972851068
12126.0 88.34368345215547
12553.7 89.10736195784459
12996.1 89.85383936447063
13454.6 89.96050506304734
13929.2 89.42702574258585
14419.9 88.28324492635191
14928.2 89.09370575718276
15455.6 90.21142839514278
16000.5 89.69050603956013
16564.5 88.63427725533876
17148.9 87.36680993597749
17752.4 85.99283831400207
18379.4 84.54383982829187
19026.9 83.33824232880977
19697.8 82.07200615321824
19999.5 81.32595938545772
