Freq "Total Early Reflection"
20.5078 57.00267068072698
21.2402 57.66209777849802
21.9727 56.807963724059036
22.7051 57.23062444000139
23.4375 58.633471204309004
24.1699 57.84115080340153
25.6348 59.613395512953204
26.3672 60.515984827858645
27.0996 61.885038154763876
27.832 62.83582543004121
29.2969 65.50179740303976
30.0293 66.45549360161114
31.4941 68.36441303961242
32.2266 69.79231029950706
33.6914 71.84717033829264
34.4238 72.8458474893446
35.8887 75.10367092565598
37.3535 76.86136238165314
38.8184 78.56458622138793
39.5508 79.2314015920774
41.0156 80.36794436519037
42.4805 81.33225002553759
43.9453 81.65375604839153
45.4102 81.94011604590393
47.6074 82.07100361024762
49.0723 82.17916963876196
50.5371 82.2226194824447
52.7344 82.26220842565698
54.1992 82.3213522699826
56.3965 82.5104593703878
58.5938 82.71766628358608
60.0586 83.0480118240064
62.2559 83.1872066715212
64.4531 83.44202333774871
66.6504 83.61053078025338
69.5801 83.92846019671045
71.7773 84.19373165769674
73.9746 84.35349857954637
76.9043 84.81217493730031
79.834 85.08858222321881
82.7637 85.42701511194073
85.6934 85.78915553030858
88.623 85.85775396683252
91.5527 86.11445529220298
94.4824 86.34234515084397
98.1445 86.75477780201363
101.807 86.85646306809655
105.469 86.95380795655619
109.131 86.86859519805607
112.793 86.75805199670542
116.455 86.8487823230731
120.85 86.90785846189196
125.244 87.12337678641344
129.639 87.22585361319607
134.033 86.7972584930111
138.428 86.43445614865601
143.555 86.5069713415458
148.682 86.51220203389525
153.809 86.42190401533566
159.668 86.01051107382865
164.795 85.9552515144043
170.654 85.91836446526757
176.514 85.72350761730918
183.105 85.3984020490219
189.697 85.31497689696897
196.289 84.91885816986365
202.881 84.76149706571427
210.205 84.79950481082041
217.529 84.52427210106262
225.586 84.30025771545982
232.91 84.2914081049292
241.699 83.8970771032801
249.756 84.32601449799354
258.545 84.07829211031218
268.066 84.17381922862138
277.588 83.75264943427499
287.109 83.71740533976232
297.363 83.33864715877077
307.617 83.52935828156357
318.604 83.60009427917765
329.59 84.02832267141069
341.309 83.2915781014403
353.76 83.09565400647121
366.211 83.19190076638935
378.662 83.88115087621374
392.578 83.93208685055951
405.762 84.11159697303539
420.41 84.28059248856937
435.059 84.42859077842732
450.439 84.66532839065844
466.553 83.93525102901968
482.666 84.45488398491658
500.244 84.24632596511269
517.822 84.12145477038636
536.133 84.278996559496
554.443 85.06910456621375
574.219 84.69781210348317
594.727 84.09173531802507
615.234 83.5028851037981
637.207 80.94035296926889
659.912 82.61026263894202
683.35 84.58064476113825
706.787 84.6365038447529
731.689 83.98019009665329
758.057 83.22720568722191
784.424 82.26018912406828
812.256 81.70246418059476
840.82 80.82010207097281
870.85 80.54789899186534
901.611 79.68147687448212
933.105 79.67774312338976
966.064 79.68039645192066
999.756 80.91206038889062
1034.91 81.13549242468571
1071.53 79.01810089867195
1109.62 79.90402224864916
1148.44 82.8417187643662
1189.45 82.52929717684313
1231.2 81.88802150773053
1274.41 80.69947740812735
1319.82 80.6115578926864
1365.97 80.14217878703597
1414.31 79.9646617011419
1464.11 79.78597698994872
1515.38 80.17658517353735
1568.85 80.50018062184779
1624.51 80.68522035089137
1681.64 80.8664693725082
1740.97 81.08534073881192
1802.49 81.05960371291566
1866.21 81.37983679935846
1932.13 81.41246227803573
2000.24 81.24296401267362
2070.56 81.62484012585642
2143.8 81.8052522885468
2219.24 81.61959273633994
2297.61 81.72358417250356
2378.17 81.72278675534535
2462.4 81.61475679051149
2548.83 81.7477074132584
2638.92 81.93159944794321
2731.93 81.66584357979671
2828.61 81.49694207671875
2928.22 81.47937086098626
3031.49 81.54158940910177
3138.43 81.60693760863022
3249.02 81.30405228361897
3363.28 81.0387639123537
3481.93 81.0644311660868
3604.98 80.93676832039412
3732.42 80.8947134448927
3863.53 80.86814110354719
3999.76 80.73425597410788
4141.11 80.28645197564346
4286.87 80.51493349701579
4438.48 80.06545705965624
4594.48 80.46183098786787
4757.08 80.43830157877625
4924.8 80.7352568777449
5098.39 80.94159886202316
5277.83 80.84083040722378
5463.87 80.78223670355483
5656.49 80.46906552468332
5856.45 80.00469811926519
6062.99 80.01679254321233
6276.86 80.13872741610722
6498.05 80.73377283422101
6727.29 80.82820835729012
6964.6 80.84429481705119
7209.96 79.99779244333915
7464.11 79.85881144412103
7727.78 79.30842360756843
8000.24 79.64865124462843
8282.23 80.0484241179594
8574.46 80.09673659041246
8876.22 79.86693220034046
9189.7 79.46423982487362
9513.43 79.58968731682495
9848.88 79.69602799493165
10196.8 79.82946341686188
10556.4 79.37439566313402
10928.5 78.96773635277209
11313.7 78.73291838655923
11712.9 78.82670773879921
12126.0 79.21675516339324
12553.7 79.20242570097746
12996.1 78.86679110165456
13454.6 78.6705252217138
13928.5 78.30337137812626
14419.9 78.5559609797674
14928.2 78.73380613030331
15454.8 78.76693869140202
15999.8 78.59203097248103
16564.5 78.52115670270399
17148.2 78.52969072380364
17753.2 78.48951550397669
18379.4 78.32921710965384
19027.6 78.02805372809479
19698.5 77.50736662108575
19999.5 77.39678029179537
