Freq "Early Reflections DI"
22.4 39.02343805200945
23.0 38.79590660500341
23.6 38.989373579081075
24.0 40.89080292227527
25.0 41.8938741681815
25.8 40.542618293216776
26.5 39.59526466248721
27.2 40.662387265727574
28.0 41.31196940331918
29.0 40.10983076145823
30.0 39.110071613497325
30.7 39.35723793763492
31.5 40.45069200269012
32.5 40.982371015963196
33.5 41.00585159124961
34.5 41.058906515000814
35.5 41.09770734355766
36.5 40.727723917998745
37.5 40.30105181881788
38.7 39.932757547776674
40.0 40.39980259750686
41.2 40.679127233702744
42.5 40.619524625185846
43.7 40.66098988502448
45.0 40.98126909462577
46.2 41.08340424131919
47.5 41.01850939120392
48.7 40.947195020758386
50.0 40.87073593659102
51.5 40.86054768916297
53.0 40.82149267176183
54.5 40.80204376570656
56.0 40.7934774383416
58.0 40.727517955624265
60.0 40.72122492486473
61.5 40.7317565670846
63.0 40.76058382387227
65.0 40.804122685040795
67.0 40.839011271680306
69.0 40.90448398969666
71.0 40.92392744306794
73.0 40.92558511078222
75.0 40.929005093506746
77.5 40.92199696878393
80.0 40.90138459349345
82.5 40.85103395497174
85.0 40.82933169814869
87.5 40.758472649152495
90.0 40.74623093875611
92.5 40.71052810382544
95.0 40.69486871523799
97.5 40.72108990474928
100.0 40.69851134352592
103.0 40.674334804661754
106.0 40.67109509602875
109.0 40.69477498704687
112.0 40.733212698255244
115.0 40.84294437095919
118.0 40.96580626574884
122.0 41.114669116726475
125.0 41.207670238290106
128.0 41.29530840928308
132.0 41.35463816401976
136.0 41.40805370424857
140.0 41.40327880126375
145.0 41.41621828741293
150.0 41.46006826792885
155.0 41.474042065300395
160.0 41.54807392169482
165.0 41.59945637190647
170.0 41.60540447013241
175.0 41.694669988852084
180.0 41.80147469836507
185.0 41.822133822369395
190.0 41.89915344158588
195.0 41.90522739775568
200.0 41.93059628119964
206.0 41.938196730788164
212.0 41.95100637416013
218.0 41.87809596616661
224.0 41.763753154696005
230.0 41.55627789738246
236.0 41.43344257004243
240.0 41.50701126610545
250.0 41.735629182440746
258.0 41.839343703483024
265.0 41.88140476076087
272.0 41.93642816993162
280.0 41.98623832086383
290.0 41.93646040836113
300.0 41.858679476187234
307.0 41.83565081358813
315.0 41.89876439812143
325.0 42.039087952264595
335.0 42.14183192152268
345.0 42.221354387772735
355.0 42.15423288666871
365.0 42.23878406221614
375.0 42.22465324055311
387.0 42.21986995469882
400.0 42.088811671008514
412.0 42.10482224478875
425.0 42.15022424181697
437.0 42.307568001279165
450.0 42.47983380388703
462.0 42.536664413183075
475.0 42.42150203648255
487.0 42.13478877481636
500.0 41.90459536981763
515.0 41.87395766753279
530.0 41.96281207746175
545.0 42.23283277004872
560.0 42.50959136632393
580.0 42.717432594692795
600.0 43.11259224208672
615.0 43.023991662903015
630.0 42.596087786572156
650.0 42.49761725793428
670.0 42.71958909254754
690.0 43.02176975307344
710.0 43.37140243471792
730.0 43.60864631816071
750.0 43.53207150814809
775.0 43.50785347560887
800.0 43.48244389519567
825.0 43.49861945634123
850.0 43.840685898064066
875.0 43.84615167614534
900.0 43.763139323993556
925.0 43.70792035306327
950.0 43.609526880402484
975.0 43.54891307592071
1000.0 43.52756788217788
1030.0 43.51524002578411
1060.0 43.404041501247164
1090.0 43.553742619413356
1120.0 43.88767650584302
1150.0 44.42280797174834
1180.0 44.73118334487856
1220.0 45.29184386073457
1250.0 45.313137799108006
1280.0 44.97232052195719
1320.0 44.94323523033074
1360.0 44.90634490275394
1400.0 44.79666479873151
1450.0 44.48170991811641
1500.0 44.222418695114484
1550.0 44.23555239948412
1600.0 44.110252012188255
1650.0 44.21082629115905
1700.0 44.3214068968133
1750.0 44.302761506712244
1800.0 44.07806975258278
1850.0 44.221631614352674
1900.0 44.2472709473093
1950.0 44.26277752464685
2000.0 44.434029970194786
2060.0 44.76644741744778
2120.0 44.69785173584823
2180.0 44.81748648357977
2240.0 44.79164139893946
2300.0 44.84415453099842
2360.0 44.767026448053755
2400.0 44.86554626417089
2500.0 44.862769319931274
2580.0 44.61312584303796
2650.0 44.362990354427154
2720.0 44.6681031049133
2800.0 44.74744306177581
2900.0 44.38007329759833
3000.0 44.917298420101886
3070.0 45.305868829387364
3150.0 45.594046833123045
3250.0 45.50195724497087
3350.0 45.39580594005136
3450.0 45.37844088630864
3550.0 45.02510068617164
3650.0 44.88402933421433
3750.0 45.054012402106736
3870.0 45.05529282315834
4000.0 45.14399540110263
4120.0 45.39653253968238
4250.0 45.57119866813274
4370.0 45.398020626020255
4500.0 45.595089230866606
4620.0 45.620902819408215
4750.0 45.46053677012324
4870.0 45.376138025939994
5000.0 45.33592812494217
5150.0 45.452981183183056
5300.0 45.39691731713512
5450.0 45.23054762364461
5600.0 45.272008605219185
5800.0 45.49471286384271
6000.0 45.44096533236262
6150.0 45.61000152327128
6300.0 45.65804617144785
6500.0 45.47017102631776
6700.0 45.28296526202419
6900.0 45.48127915317065
7100.0 45.42641204914368
7300.0 45.37461747283827
7500.0 45.21576842046417
7750.0 45.364104044550615
8000.0 45.48718611184191
8250.0 45.70166623250327
8500.0 45.504865121329274
8750.0 45.500413868414284
9000.0 45.51110831448497
9250.0 45.561736270343616
9500.0 45.27753236231038
9750.0 45.42232437241074
10000.0 45.42331802789474
10300.0 45.36644212474869
10600.0 45.47131258261639
10900.0 45.82937997717082
11200.0 45.74523013028849
11500.0 46.03407894204483
11800.0 45.8471907671332
12200.0 45.56078744993019
12500.0 45.69413116976206
12800.0 45.87926532609019
13200.0 45.81180518477946
13600.0 45.852781616211985
14000.0 46.18089424358561
14500.0 46.37862859107655
15000.0 46.40358628807972
15500.0 46.47658058258935
16000.0 46.41498029365653
16500.0 46.460274586292755
17000.0 46.35176251500539
17500.0 46.29038154488869
18000.0 46.252875777062144
18500.0 46.24659616245347
19000.0 46.227044893302235
19500.0 46.33927378440332
