Freq "Listening Window"
20.5078 55.51630958066096
21.2402 55.316585246011215
21.9727 52.07497795714346
22.7051 38.51800201073277
23.4375 48.67329213251443
24.1699 53.54970936057782
25.6348 55.15216833290785
26.3672 50.86954897455547
27.0996 48.18188458404754
27.832 50.74907448098401
29.2969 58.27314794176095
30.0293 59.09320560245848
31.4941 56.014297169855865
32.2266 56.590393225896435
33.6914 59.01409694640361
34.4238 60.491255076686514
35.8887 62.83508212868006
37.3535 64.43047982029847
38.8184 65.45461205393104
39.5508 66.33416871968403
41.0156 67.38686433713531
42.4805 68.4714330651602
43.9453 69.606517589243
45.4102 71.16174919256163
47.6074 73.0321985218556
49.0723 74.01063720576018
50.5371 74.89001375050685
52.7344 75.95431090751863
54.1992 76.59766045688058
56.3965 77.5332965658606
58.5938 78.29234643455428
60.0586 78.60822101968168
62.2559 79.09169969732415
64.4531 79.4961769424644
66.6504 79.80201077098029
69.5801 80.25667360546691
71.7773 80.53585555210509
73.9746 80.8170522480643
76.9043 81.15837766001229
79.834 81.5906701882241
82.7637 82.02500361603082
85.6934 82.4196325547094
88.623 82.8151429622432
91.5527 83.21372065128797
94.4824 83.60915344108795
98.1445 84.07920275651628
101.807 84.52949727976925
105.469 84.9729520195005
109.131 85.40862102252171
112.793 85.82902980956959
116.455 86.23947062260294
120.85 86.69585581461064
125.244 87.12379801613639
129.639 87.50278409152486
134.033 87.934996192167
138.428 88.22033245362168
143.555 88.54618332252946
148.682 88.87393452597475
153.809 89.13189711127492
159.668 89.33157405460908
164.795 89.48174279342336
170.654 89.6266857996099
176.514 89.663136792959
183.105 89.70589417555493
189.697 89.728507904803
196.289 89.66684764251477
202.881 89.62047855497337
210.205 89.54127884012617
217.529 89.4817699596999
225.586 89.36140180856374
232.91 89.19473318773944
241.699 89.03323361239026
249.756 88.96535040638182
258.545 88.78109257448733
268.066 88.55933814626975
277.588 88.38961238979861
287.109 88.19768629031728
297.363 88.04667768751074
307.617 87.828876484783
318.604 87.73513868687448
329.59 87.5906182485463
341.309 87.29717194190718
353.76 87.09006427444365
366.211 86.89459789334077
378.662 86.74555201544838
392.578 86.23425304969557
405.762 86.09978276874958
420.41 86.62903462922293
435.059 86.67235416373325
450.439 86.63048168947857
466.553 86.47180137330933
482.666 86.40017135316646
500.244 86.2874100225338
517.822 85.98906568783559
536.133 86.01671292219127
554.443 86.13228629053135
574.219 85.90393874094394
594.727 85.95413644917325
615.234 85.83152380109232
637.207 85.89613186535756
659.912 85.77847162208772
683.35 85.61029991728901
706.787 85.68629569576862
731.689 85.68639927271605
758.057 85.34504686505404
784.424 85.11788569830566
812.256 84.8490072344168
840.82 84.86086137403865
870.85 84.81421373366264
901.611 84.61781855638787
933.105 84.5411447723303
966.064 83.9215661771199
999.756 83.7576805237026
1034.91 84.08232456644072
1071.53 84.64876167362148
1109.62 85.81488433823228
1148.44 85.52893942818112
1189.45 86.01706651092736
1231.2 86.07021197025242
1274.41 85.74307160065854
1319.82 85.7088069187226
1365.97 85.54314439594567
1414.31 85.73067958283832
1464.11 87.84232098926834
1515.38 88.81040398511841
1568.85 88.76319984765476
1624.51 88.3373005127753
1681.64 88.65150469400659
1740.97 89.40808479330465
1802.49 89.64598014552365
1866.21 90.0522547224627
1932.13 89.63570528099505
2000.24 89.02945119402057
2070.56 89.50336888406201
2143.8 90.26241070412468
2219.24 89.9161361284655
2297.61 89.90232582863725
2378.17 90.18659507228358
2462.4 89.9277303315706
2548.83 89.65264565525999
2638.92 90.1675446020659
2731.93 90.39862089663215
2828.61 90.18569044474658
2928.22 90.03128268172848
3031.49 90.40136216770382
3138.43 90.53626961472791
3249.02 90.12648503127423
3363.28 90.24471545212052
3481.93 89.96491281088817
3604.98 89.91043556022693
3732.42 89.13152970928734
3863.53 89.41023638829647
3999.76 88.95067823419939
4141.11 88.42633196759638
4286.87 87.99961548664893
4438.48 88.3330683692248
4594.48 87.96760275787544
4757.08 88.29813910774465
4924.8 88.30613794617412
5098.39 88.142232563396
5277.83 88.63580221168532
5463.87 88.55859267630828
5656.49 88.7802484082091
5856.45 89.02871478850065
6062.99 89.29718093898775
6276.86 89.54707100047541
6498.05 89.91848858956476
6727.29 90.2292539659983
6964.6 90.79199784405189
7209.96 90.78476658283148
7464.11 91.17882875652644
7727.78 91.01906250058121
8000.24 91.01815992429223
8282.23 90.97440417299191
8574.46 90.62151804792117
8876.22 90.36819307278316
9189.7 90.38429828539299
9513.43 90.39634094646885
9848.88 90.50184291142327
10196.8 90.7076863714497
10556.4 90.78739469520215
10928.5 90.71649305373447
11313.7 90.57256289858265
11712.9 90.5249899585462
12126.0 90.60869367087474
12553.7 90.83639514910396
12996.1 90.92520727619211
13454.6 90.86260442516475
13928.5 90.92437733303503
14419.9 91.21812421370957
14928.2 91.35647523325571
15454.8 91.67840648262623
15999.8 92.04216233081402
16564.5 92.14846197049084
17148.2 92.17831987734729
17753.2 91.93567947643761
18379.4 91.51819937155024
19027.6 91.1481570455317
19698.5 90.54413089814288
19999.5 90.25797642513581
