Freq "Ceiling Bounce"
20.5078 51.837468706934104
21.9727 52.86866865397393
23.4375 54.651068018005574
24.9023 57.23992253810876
26.3672 59.53575588709974
27.832 62.5134762283558
29.2969 67.03101120243637
30.7617 69.51157180849842
32.2266 71.77509061889496
33.6914 73.81632036149988
35.1562 75.63296423075248
36.6211 76.9539907891494
38.0859 77.73575752793258
39.5508 78.3495303054771
41.0156 78.97709781355825
42.4805 79.72346398287294
43.9453 80.1971824904301
45.4102 81.03355878800859
46.875 81.27918724042222
48.3398 81.55073485691867
51.2695 81.95751688380236
52.7344 82.14521914861393
54.1992 82.36663190350787
55.6641 82.54731151071091
58.5938 82.99989337241287
60.0586 83.1133020857434
62.9883 83.29083019203466
64.4531 83.368680457839
67.3828 83.547524434144
68.8477 83.71011446140076
71.7773 83.75989548821453
74.707 83.92968401618002
77.6367 84.11144431653902
79.1016 84.17052261871787
82.0312 84.42646179092792
84.9609 84.8538792840219
87.8906 84.96106272739576
90.8203 85.24001541278598
95.2148 85.73642519970706
98.1445 85.94138247019004
101.074 86.08529699260625
105.469 86.45246466790093
108.398 86.65806730750518
112.793 86.81953099499566
117.188 86.87415307978429
120.117 87.0745842296166
124.512 87.2538205557106
128.906 87.24795077337787
133.301 87.16406821745066
139.16 86.780744097338
143.555 86.4397579168611
147.949 86.0248113221551
153.809 85.76255248379576
159.668 85.49906250019015
165.527 85.38996682551677
171.387 85.28444741628475
177.246 84.99756396909947
183.105 84.62740405045035
188.965 84.59925937504728
196.289 84.60861318784931
203.613 84.33225591615393
210.938 84.19323417811995
218.262 84.43293330167485
225.586 84.59445228758416
232.91 85.09860054075517
241.699 85.39247089009741
250.488 85.25629248884607
259.277 85.92911901634537
268.066 85.60700370114404
276.855 85.74638059522671
287.109 86.07150520593062
297.363 86.2433172084766
307.617 85.85957510962761
319.336 85.54316268786734
329.59 85.31771499220478
341.309 85.45014560139032
353.027 85.66281367668883
366.211 85.41668397954348
379.395 85.09803630831465
392.578 85.45625104077915
405.762 84.89986047391717
420.41 84.92063079975178
435.059 86.21186844503175
451.172 85.46296837436333
465.82 85.26171993106833
483.398 85.30570926633295
499.512 85.4619065533394
517.09 83.65531229903728
536.133 82.28027896626979
555.176 84.76256819294808
574.219 85.18003855762927
594.727 85.57849845983398
615.234 84.17835658370808
637.207 83.49292745476926
659.18 84.76606287383868
682.617 83.87685385148824
707.52 84.30765262333679
732.422 83.90735371599293
757.324 84.59408924614422
785.156 84.99781432894554
811.523 85.43727284883799
840.82 85.3063701278199
870.117 85.72034898018633
900.879 87.36037990226718
933.105 84.72466253416779
965.332 85.24563132383358
1000.49 83.6806756901916
1035.64 86.44090607602638
1072.27 87.28600897326287
1108.89 86.23990148201821
1148.44 87.19593920782286
1189.45 86.68584436384332
1230.47 85.7523082507354
1274.41 84.44360942868731
1319.82 85.3992635946879
1366.7 84.8306056510961
1413.57 83.59841256755074
1463.38 84.59379498157199
1516.11 84.65052594459844
1568.85 83.55386171340682
1624.51 82.616989806138
1681.64 82.68188701343671
1741.7 80.55544003263837
1803.22 80.97522924756389
1866.21 79.1333821709729
1932.13 79.86361729708078
1999.51 80.07197901819205
2069.82 79.82557979239657
2143.07 81.93523091350131
2219.24 81.35364572334825
2296.88 83.33897293020367
2378.91 83.82555041327079
2462.4 84.55106641004848
2548.83 85.01963566258647
2639.65 85.52977942956043
2731.93 85.84355094470173
2828.61 85.73479691961988
2928.22 85.86500153861688
3030.76 85.34307464305193
3137.7 85.63897292376639
3249.02 85.40231109483027
3363.28 85.69733847278147
3481.93 85.80689213341878
3604.98 85.87450141873065
3732.42 84.77901458466921
3864.26 84.46150704207611
4000.49 83.40138691755213
4141.11 83.6339341514015
4287.6 83.38274160772023
4438.48 82.76912127295498
4595.21 82.64616097563137
4756.35 82.61131295721019
4924.8 82.75757805014867
5097.66 82.76347747072195
5277.83 83.17958142244335
5463.87 83.37010101223152
5657.23 83.37161465793405
5856.45 83.70856336574634
6062.99 83.65029200820447
6276.86 83.55060887390785
6498.05 82.99090292040763
6726.56 82.75105272752778
6963.87 82.43583067856997
7209.96 82.42865946871333
7464.84 82.41931556463591
7727.05 82.11305063163574
7999.51 81.77819137257968
8282.23 81.67678914578532
8573.73 81.54158493017513
8876.95 81.19200849557731
9188.96 81.05754727195142
9514.16 80.63252164443993
9849.61 80.17796815872433
10196.8 79.50421644711923
10555.7 79.06245050974822
10927.7 78.64493823403716
11313.0 78.32918006862748
11712.9 77.88026863095754
12126.0 77.27721709908175
12553.7 76.77747435542632
12996.1 76.38893275021226
13454.6 76.13356622564966
13929.2 76.05395178669386
14419.9 75.9058740856945
14928.2 75.40690869455004
15455.6 74.70012693483959
16000.5 73.98233928396795
16564.5 73.29928898885719
17148.9 72.76071596018264
17752.4 72.43203161513343
18379.4 70.95001487290105
19026.9 69.79169286446547
19697.8 68.76993448473394
19999.5 68.24372473342449
