Freq "Listening Window"
20.5078 35.736471927442764
21.9727 38.852439184439035
23.4375 35.63146663705477
24.9023 38.13197440020586
26.3672 38.552742679293075
27.832 38.92019348697487
29.2969 42.77660882369547
30.7617 44.50756326020657
32.2266 48.10331542895561
33.6914 50.60604695472789
35.1562 53.08020835506683
36.6211 55.57269691215181
38.0859 58.47831975803025
39.5508 60.61111411667342
41.0156 62.65457235011711
42.4805 64.76261931786328
43.9453 66.76460273502805
45.4102 68.43761085855492
46.875 70.17277583283945
48.3398 71.65406938582575
51.2695 74.52876794415484
52.7344 75.7803000210541
54.1992 76.9940558720284
55.6641 78.06014410527901
58.5938 80.05963590144093
60.0586 80.96887362969942
62.9883 82.60004800116224
64.4531 83.31332712208774
67.3828 84.61726857746365
68.8477 85.20878372434835
71.7773 86.08592646793794
74.707 86.89215264408357
77.6367 87.39198992774243
79.1016 87.55723992884045
82.0312 87.75215912164549
84.9609 87.81156557858563
87.8906 87.75145441879016
90.8203 87.64890648994295
95.2148 87.54715025038904
98.1445 87.49088472731766
101.074 87.4124739302808
105.469 87.25292327851798
108.398 87.10778988148259
112.793 87.11302625608947
117.188 87.04037678524064
120.117 87.02826253304146
124.512 87.07298083835381
128.906 87.01722757167461
133.301 87.04811140819741
139.16 87.10947180698271
143.555 87.10583968394513
147.949 87.12329912706862
153.809 87.05279163678506
159.668 87.18712688405917
165.527 87.31912599697479
171.387 87.39497923794752
177.246 87.41973053859608
183.105 87.3120666424474
188.965 87.38726553189207
196.289 87.50278168224708
203.613 87.53005793140505
210.938 87.45892543983751
218.262 87.07470415706905
225.586 87.23881819276941
232.91 87.59368314951632
241.699 87.28469528797042
250.488 87.61349429181301
259.277 87.88390671270157
268.066 87.49596162452583
276.855 87.24496733281325
287.109 87.26269033822118
297.363 87.51286296751641
307.617 87.33234889141012
319.336 87.0761410573881
329.59 87.15268992300018
341.309 87.72714029246953
353.027 87.32471310051689
366.211 87.12968482300158
379.395 87.59808739696604
392.578 87.53808476222535
405.762 87.48113022222513
420.41 87.9468049263455
435.059 87.52363510942112
451.172 87.32382844224458
465.82 87.63467546875437
483.398 87.75449048454061
499.512 87.00434182529092
517.09 86.9478704650435
536.133 86.51142068961487
555.176 86.93231885370635
574.219 86.64117224135471
594.727 85.65960881216502
615.234 85.73851952731401
637.207 85.59080200368747
659.18 86.55483100935321
682.617 86.58508828351161
707.52 86.64807209835892
732.422 87.371151815298
757.324 87.37793681115527
785.156 86.1614170505376
811.523 86.59180241884758
840.82 85.89265526960726
870.117 86.21329670437459
900.879 85.86162761370208
933.105 85.70467618160988
965.332 85.76040217627069
1000.49 85.61527847751603
1035.64 86.11067768574921
1072.27 86.16771755172601
1108.89 86.66231120235302
1148.44 86.37788864389026
1189.45 86.73915552691805
1230.47 87.26448111845768
1274.41 86.8718610689864
1319.82 86.29902305130824
1366.7 85.59814847665633
1413.57 85.12674928512777
1463.38 84.5358343254406
1516.11 83.65825273387978
1568.85 84.10886421408573
1624.51 84.9801992484681
1681.64 85.15216819352912
1741.7 84.54970354561694
1803.22 84.70827356770884
1866.21 85.45351882814738
1932.13 85.54252022917301
1999.51 84.7231262978572
2069.82 83.82389287093228
2143.07 84.6963029652248
2219.24 85.2261107127214
2296.88 84.4078511266293
2378.91 84.20335828945117
2462.4 84.96708483946985
2548.83 84.73895597602879
2639.65 84.9708939122137
2731.93 85.63073443345988
2828.61 85.2007029372174
2928.22 85.6161477792463
3030.76 85.97327969383679
3137.7 85.45682901552479
3249.02 85.56681051783892
3363.28 86.08694104658652
3481.93 85.88324933682792
3604.98 85.99345979799786
3732.42 86.23494324320271
3864.26 85.99030872503607
4000.49 86.54383844248447
4141.11 87.11135624857059
4287.6 87.13087816974537
4438.48 87.35736320918592
4595.21 86.62318569968177
4756.35 86.45320904795183
4924.8 86.0621850462228
5097.66 85.90000427534922
5277.83 85.49117523244811
5463.87 85.64178037250265
5657.23 85.48943292419527
5856.45 85.46677429590785
6062.99 85.63420761876186
6276.86 86.13084841466406
6498.05 85.64978698642882
6726.56 85.72852735844161
6963.87 85.72619131634053
7209.96 85.26811595879477
7464.84 85.31788068044533
7727.05 85.60965428436963
7999.51 85.45914587507447
8282.23 85.02852840818447
8573.73 84.88308182337529
8876.95 85.05003183188309
9188.96 85.22210014138143
9514.16 85.17282165424233
9849.61 84.93712298110059
10196.8 85.00433740410233
10555.7 85.10435469883593
10927.7 85.38177069993739
11313.0 85.75154332737529
11712.9 85.58487449661487
12126.0 85.99367286896702
12553.7 85.17571279330143
12996.1 85.98228718965744
13454.6 84.36750928392392
13929.2 84.79662536441633
14419.9 84.41932294416983
14928.2 83.74182033188428
15455.6 83.28083562249202
16000.5 82.86103830399612
16564.5 82.48300024279015
17148.9 82.59097569655002
17752.4 82.4092739172776
18379.4 83.38157136832766
19026.9 84.13119864179357
19697.8 83.95314788874646
19999.5 84.45822195457698
