Freq "Estimated In-Room Response"
20.5078 69.00544684357632
21.9727 65.61206989871566
23.4375 65.01761555833855
24.9023 67.92319620475415
26.3672 68.08213783463596
27.832 65.89126379424978
29.2969 67.46444920206254
30.7617 71.99297025618358
32.2266 74.75598113686968
33.6914 76.16875656681083
35.1562 75.91999383798915
36.6211 74.45226457273564
38.0859 74.84140382152775
39.5508 77.07535954080521
41.0156 78.85951048166106
42.4805 79.91117817171751
43.9453 79.76826130330673
45.4102 78.86528990159236
46.875 78.12466330777477
48.3398 77.5612850335726
51.2695 79.25920798948098
52.7344 80.19055132153485
54.1992 80.54590738389986
55.6641 80.70934553396006
58.5938 80.298437894553
60.0586 79.71362736459986
62.9883 79.44564278865153
64.4531 79.78324596988601
67.3828 81.07150967473304
68.8477 81.43628806861588
71.7773 81.79297936573101
74.707 81.87434455945028
77.6367 81.88316669126203
79.1016 81.92656596158244
82.0312 82.31811050151589
84.9609 82.74816070195567
87.8906 82.77316195090884
90.8203 82.94973357838415
95.2148 83.39469807257782
98.1445 83.90370980889581
101.074 84.35992131572286
105.469 84.71874360083225
108.398 84.92483897436043
112.793 85.13843942311443
117.188 85.1444264769043
120.117 85.50192253095518
124.512 85.85554145316749
128.906 86.23138088118927
133.301 86.5538662090171
139.16 86.63187056913046
143.555 86.54660855201784
147.949 86.89679224625822
153.809 87.05231552545092
159.668 87.14323049402455
165.527 87.11314802259115
171.387 87.05164959050195
177.246 87.0264250957228
183.105 87.0117483834841
188.965 86.85400890192525
196.289 86.84522323934644
203.613 86.81910795409857
210.938 86.70322232433138
218.262 86.44046215684797
225.586 86.35112635569345
232.91 86.02248545288182
241.699 85.69074527588532
250.488 85.76435866458431
259.277 85.57044242161301
268.066 85.20157353006351
276.855 85.21226261645164
287.109 84.8018022477552
297.363 84.78680933621449
307.617 84.44155530391717
319.336 84.10179001501145
329.59 83.78486431521597
341.309 83.56907447327718
353.027 83.25605383097856
366.211 83.24461197111924
379.395 83.03473175153813
392.578 82.9848700493436
405.762 83.02969144618277
420.41 83.34639339856633
435.059 82.44874938554102
451.172 83.29267180642749
465.82 83.51001030238288
483.398 82.59623651162788
499.512 82.6560652606641
517.09 82.10434185011704
536.133 81.83433068349476
555.176 81.84650407628496
574.219 81.57016891543199
594.727 81.4372493992654
615.234 81.21777610511938
637.207 80.96031575948305
659.18 81.0424476244282
682.617 80.81851597687749
707.52 80.44147677836592
732.422 80.36593499985203
757.324 80.35367322683024
785.156 78.61365495872694
811.523 80.14967311331498
840.82 84.00485890752387
870.117 83.15129228147987
900.879 82.92226225000115
933.105 81.99058570001559
965.332 81.64858449125016
1000.49 80.70292055531415
1035.64 80.53917029833723
1072.27 80.14686306624611
1108.89 79.7764744209685
1148.44 78.93588788992642
1189.45 79.51490868994243
1230.47 81.85027088557794
1274.41 80.59055305443839
1319.82 80.14254014357842
1366.7 79.63821727073454
1413.57 78.92945958732108
1463.38 80.76034962054085
1516.11 81.24512857784984
1568.85 80.83291720296327
1624.51 80.37154911582395
1681.64 80.35524494640367
1741.7 81.09284811153596
1803.22 81.42651962428805
1866.21 81.02079765337488
1932.13 80.07279806030714
1999.51 80.35191359245096
2069.82 80.6859941839018
2143.07 80.30787006907426
2219.24 80.00528385968855
2296.88 80.4582688093014
2378.91 80.73959445465012
2462.4 80.64328679061097
2548.83 80.63635670550075
2639.65 80.435956607614
2731.93 79.91685691688052
2828.61 79.92035968418719
2928.22 79.45028206313799
3030.76 79.90804267990195
3137.7 80.88278937290316
3249.02 81.1171319911008
3363.28 81.90827235340606
3481.93 82.55583988735226
3604.98 82.75922157512474
3732.42 83.04725575602504
3864.26 83.17416612835851
4000.49 83.36467727202745
4141.11 83.42872316116498
4287.6 83.347366207265
4438.48 83.25913072617996
4595.21 83.56227037913828
4756.35 83.1977445758382
4924.8 83.18987069558744
5097.66 83.64238711769731
5277.83 83.63117951728739
5463.87 84.3669648686374
5657.23 84.1838226859628
5856.45 84.4017469317422
6062.99 84.57680637741561
6276.86 84.8772953094226
6498.05 85.19015203958214
6726.56 84.82222220037339
6963.87 84.67066138732453
7209.96 84.6166150046796
7464.84 84.52164359853569
7727.05 84.13064457894205
7999.51 84.03544428055696
8282.23 84.14830116571659
8573.73 84.02288601503085
8876.95 83.9226417532496
9188.96 83.90593254256234
9514.16 83.73495449688053
9849.61 83.41843245311917
10196.8 83.38103011200943
10555.7 83.29082817835868
10927.7 83.02758058020076
11313.0 82.71323506693666
11712.9 82.34509836901846
12126.0 81.88797319659488
12553.7 81.48787102867948
12996.1 80.89870709189933
13454.6 80.62331236316102
13929.2 80.04742492107515
14419.9 79.5981183877718
14928.2 79.24616706873532
15455.6 78.95818873212197
16000.5 78.41032004484579
16564.5 77.55591039434952
17148.9 76.61233041109617
17752.4 75.82616904215415
18379.4 74.95700099576914
19026.9 73.9877807666753
19697.8 73.10810453560822
19999.5 72.79569780009388
