Freq "Sound Power"
20.5078 62.694434657282
21.2402 64.0041963018604
21.9727 64.97618263901391
22.7051 65.78682663926033
23.4375 66.98407248547664
24.1699 68.27654138608155
25.6348 68.94572282525435
26.3672 69.66535264717675
27.0996 70.10709049116298
27.832 71.76061128514753
29.2969 73.14300006938295
30.0293 73.58435933712738
31.4941 75.38033483574249
32.2266 75.83304042856118
33.6914 77.1094613025907
34.4238 77.60687427312631
35.8887 78.54980920249123
37.3535 79.44811983393417
38.8184 80.3011818220146
39.5508 80.71189581725487
41.0156 81.1703394052621
42.4805 82.06573121558517
43.9453 82.83390484628795
45.4102 83.42452177209437
47.6074 84.14370774750863
49.0723 84.67530215766818
50.5371 85.16912854546591
52.7344 85.81397340665323
54.1992 86.2077579456452
56.3965 86.83274680045697
58.5938 87.3846904463577
60.0586 87.73816044419377
62.2559 88.18934592173305
64.4531 88.56957443207952
66.6504 88.82941263299672
69.5801 89.16916898968303
71.7773 89.4262139306618
73.9746 89.56299301965798
76.9043 89.66804271094941
79.834 89.6589384037932
82.7637 89.75263016645908
85.6934 89.76213529193818
88.623 89.78266277274393
91.5527 89.83922650404485
94.4824 89.78883988493448
98.1445 89.79595406255875
101.807 89.6266798870438
105.469 89.45003652662949
109.131 89.33594058476352
112.793 89.15055173150867
116.455 89.13811952533796
120.85 89.22335625425589
125.244 89.1617072175247
129.639 89.14956408633496
134.033 89.18139464272221
138.428 89.10127665213783
143.555 89.00358504049983
148.682 88.87331902111758
153.809 88.84285118064852
159.668 88.38153108855315
164.795 87.84971359414476
170.654 87.34885767225859
176.514 87.0928313372026
183.105 86.71914139302082
189.697 87.10345716515984
196.289 86.61529377456993
202.881 86.42049752689978
210.205 86.74909573885382
217.529 86.75364151033938
225.586 87.14469195899567
232.91 86.92666388611117
241.699 86.98193677031877
249.756 86.54223781667922
258.545 86.20518749820958
268.066 86.17275759017876
277.588 86.01024998100446
287.109 85.93119168186033
297.363 85.8838645810212
307.617 85.51722361809745
318.604 85.69881465427328
329.59 85.36175179852707
341.309 87.00441170116714
353.76 87.31502560563156
366.211 87.2309741711887
378.662 86.90198634022123
392.578 86.24408824339409
405.762 86.51343450639925
420.41 85.45246900696381
435.059 85.82878689952813
450.439 85.20769227887321
466.553 85.17870524473308
482.666 84.21384836061972
500.244 84.16338368502628
517.822 84.09413620947936
536.133 83.42795516791058
554.443 83.29933676405248
574.219 82.78423625362895
594.727 82.65239002641528
615.234 83.29952175060983
637.207 84.98818648407796
659.912 84.1316803886432
683.35 83.87852159919248
706.787 84.10773746337796
731.689 83.85779355050025
758.057 83.58275725329851
784.424 82.67376094493358
812.256 82.44032314707735
840.82 82.53132648994556
870.85 82.49197999486232
901.611 82.7319441012083
933.105 83.24296278117535
966.064 83.12403414931353
999.756 83.1941300208375
1034.91 82.92632208391777
1071.53 82.47781620341277
1109.62 82.34726235316245
1148.44 82.88165189715407
1189.45 83.01710249839401
1231.2 83.08861073993357
1274.41 82.96127575611543
1319.82 83.15755896019844
1365.97 82.67299438858707
1414.31 82.95747010236074
1464.11 82.6349261519867
1515.38 82.63198733504568
1568.85 82.4074025988963
1624.51 82.10964110460394
1681.64 81.98807175565176
1740.97 81.55576872211081
1802.49 81.60825437063538
1866.21 81.84378135186944
1932.13 81.30458705530701
2000.24 80.48365587650709
2070.56 80.51405386309999
2143.8 81.03227601686918
2219.24 80.85429234513545
2297.61 80.566558583247
2378.17 81.01592939468172
2462.4 81.21560664602801
2548.83 81.3075805951726
2638.92 81.88339358638486
2731.93 82.57168213900611
2828.61 82.30673349439398
2928.22 82.27645286988596
3031.49 82.96100103926915
3138.43 83.07196417232319
3249.02 82.77966641897775
3363.28 82.89313713285604
3481.93 82.9743598304794
3604.98 82.89713293843644
3732.42 82.38273196069932
3863.53 82.46611194247443
3999.76 82.779299963909
4141.11 82.73886620721655
4286.87 82.89081829751113
4438.48 83.30510932865114
4594.48 82.8929652192178
4757.08 83.08251636453247
4924.8 83.22173611657907
5098.39 82.99518828203742
5277.83 83.09344588686677
5463.87 82.99455892228956
5656.49 83.02445588047999
5856.45 83.09874776470126
6062.99 82.87013092192326
6276.86 83.21595912092033
6498.05 82.95139667537929
6727.29 82.93651518660418
6964.6 82.42057785549376
7209.96 82.11547455466543
7464.11 82.08661013129051
7727.78 81.65703320896084
8000.24 81.7831300835057
8282.23 81.69775604166901
8574.46 81.42076056747531
8876.22 81.51062953325207
9189.7 81.46791208517668
9513.43 81.21747043404565
9848.88 81.19828248660693
10196.8 80.94449662644949
10556.4 80.62798766716313
10928.5 80.41684608709201
11313.7 80.12942302142099
11712.9 80.01504789085558
12126.0 80.06532086239615
12553.7 79.91802361191482
12996.1 79.73507785807243
13454.6 79.578533026345
13928.5 79.22870543976146
14419.9 78.88898529657881
14928.2 78.34086694039145
15454.8 77.78232134227784
15999.8 77.24362017291148
16564.5 76.33746809366146
17148.2 75.4087077260224
17753.2 74.23586788522675
18379.4 72.99004739440704
19027.6 72.13378115226226
19698.5 71.53922714610103
19999.5 71.55438253407922
