Freq "Estimated In-Room Response"
20.1416 61.7035102070391
20.5078 61.81795603746714
21.9727 60.79617776247136
23.8037 61.7948392913147
25.2686 62.22566741660516
27.0996 63.005560842739186
29.2969 64.77876722925441
31.1279 65.62480273146431
33.3252 67.26503528383654
35.8887 68.42909538113888
38.4521 69.9754477108662
41.3818 71.8820786678108
44.3115 72.83854744045445
47.2412 73.72817169104107
50.9033 75.44037954442693
54.5654 76.53488765466416
58.2275 77.33546504083459
62.6221 78.41271697108164
67.0166 79.06468321966042
71.7773 79.64994499275242
76.9043 80.40798073809097
82.3975 80.59625091825839
88.2568 81.29375989967195
94.8486 82.27974025852613
101.44 81.87314219893827
108.765 82.72922731775833
116.455 82.54055877503987
124.878 82.60369410449587
134.033 82.86865998868531
143.555 82.88988538100341
153.809 82.8359704172428
164.795 82.91344540836963
176.88 82.94496048949944
189.331 82.76506719501087
202.881 82.76228917521004
217.529 82.82343248733035
233.276 82.6469059860891
250.122 82.54408921224027
268.066 82.62271780612387
287.109 82.66753246613256
307.617 82.71101767973146
329.956 82.31773859613017
353.394 82.39792386546064
379.028 83.02871248410554
406.128 82.81264527198702
435.425 82.27537666669949
466.553 83.36941649516419
499.878 82.8761333058097
535.767 82.88270225901161
574.219 83.25437824064794
615.601 83.13579351978936
659.912 83.07282916423937
707.153 82.4985304463462
757.69 82.49884164745009
812.256 82.40732187477934
870.483 82.59826891113167
933.105 82.48510512234775
1000.12 82.04478513210533
1071.9 81.67756468502466
1148.8 80.8528907748712
1231.2 81.92823713166638
1319.46 81.99627086716444
1414.31 81.07144427055184
1515.75 79.60425575541466
1624.51 79.0535708625644
1740.97 80.16158963671387
1866.21 78.4720968421869
1999.88 77.61792675290155
2143.43 77.99207835029273
2297.24 78.14274309242862
2462.4 79.26322873770057
2638.92 79.20351597737911
2828.25 79.77844686193504
3031.49 81.53078606972036
3249.02 80.66948163618416
3482.3 80.75172321998156
3732.06 81.36849778367413
4000.12 80.529916227132
4287.23 81.22533507293333
4594.85 80.83610166295227
4924.44 82.15901825542062
5278.2 81.23267819906125
5656.86 81.05215356298629
6062.99 81.48375010433507
6498.05 81.08025919394258
6964.23 80.92622759081851
7464.11 79.91137286103665
7999.88 80.05537838464684
8574.1 79.23469706283257
9189.7 79.37712446366672
9849.24 80.08835634108257
10556.0 81.1862081459372
11313.7 81.71559300056518
12125.6 82.1904979497739
12996.1 81.30988857009301
13928.8 81.35216544767127
14928.6 81.50031643019155
16000.1 81.31562532878917
17148.2 70.4806959506406
18379.0 78.68991866457246
19698.5 77.24587166683948
19999.9 79.83981954926554
