Freq "Listening Window"
22.4 17.586248285093163
23.0 20.648615130817248
23.6 23.325696249851532
24.0 25.674253987145576
25.0 27.128329432446534
25.8 28.355467558425616
26.5 29.17866104188515
27.2 32.25546755842562
28.0 33.83219903328707
29.0 35.764751750607516
30.0 37.6863092909624
30.7 39.697045223026706
31.5 40.59704522302671
32.5 40.18499749053099
33.5 43.828303149526576
34.5 46.749789432756515
35.5 46.34978943275651
36.5 48.73918325629241
37.5 50.638158620149724
38.7 50.438158620149736
40.0 50.60414092040698
41.2 60.11559659290823
42.5 59.381919958717944
43.7 61.426248765612115
45.0 63.72624876561211
46.2 60.65932691445161
47.5 61.048244640148866
48.7 61.95932691445162
50.0 64.59266090984698
51.5 66.4703809811049
53.0 67.7703809811049
54.5 69.1259948901711
56.0 70.25932691445162
58.0 71.59266090984698
60.0 72.52599489017108
61.5 74.01508165159224
63.0 74.82624876561214
65.0 75.49266090984699
67.0 76.82624876561212
69.0 77.70388574927505
71.0 78.53738723900312
73.0 79.41533616577175
75.0 79.92624876561213
77.5 80.60464541014237
80.0 81.20464541014236
82.5 81.8487556645472
85.0 82.30464541014236
87.5 82.70464541014236
90.0 82.8934225365122
92.5 83.01609975374824
95.0 83.49417251900326
97.5 83.70565448124744
100.0 83.91710616728305
103.0 84.05076454701017
106.0 84.11710616728305
109.0 84.06209805454368
112.0 84.06209805454368
115.0 83.98668761784137
118.0 83.9751553341933
122.0 84.04063856066998
125.0 84.08520125302294
128.0 84.05153957193804
132.0 84.01860403160903
136.0 84.14141539458822
140.0 84.41910684415679
145.0 84.48668761784135
150.0 84.33078872256907
155.0 84.23078872256906
160.0 84.01963329114328
165.0 83.80792132715287
170.0 83.66538355796408
175.0 83.83252502606123
180.0 83.82211923085946
185.0 83.80168740357573
190.0 83.75774277840232
195.0 83.54739730224296
200.0 83.15873958899975
206.0 82.69170806807843
212.0 82.48018912574874
218.0 82.38090754182808
224.0 82.5255867557393
230.0 82.8141574393306
236.0 82.89391080020293
240.0 82.94930755954827
250.0 82.78429263400936
258.0 82.64930755954828
265.0 82.73925618217837
272.0 82.97354489950051
280.0 83.19739656714559
290.0 83.18604151530151
300.0 83.15115453708924
307.0 83.05975862473521
315.0 82.99739656714557
325.0 82.69687946320266
335.0 82.59687946320267
345.0 82.63201605512276
355.0 82.64737309153271
365.0 82.70256587393463
375.0 82.60544172776075
387.0 82.42444372907777
400.0 82.19341091334057
412.0 81.9563241189806
425.0 81.76004658139563
437.0 81.37922907213259
450.0 80.90760982609459
462.0 81.26876546645086
475.0 81.91394193563572
487.0 82.42781790197077
500.0 82.61086600771945
515.0 82.86573170225572
530.0 83.058264332652
545.0 82.98029261712763
560.0 82.97014958958079
580.0 82.94771785319729
600.0 83.29971176281353
615.0 83.99835004156999
630.0 84.00659774133999
650.0 84.02537232350333
670.0 83.70012769281033
690.0 83.41165682828678
710.0 82.96167608894265
730.0 82.45662814949061
750.0 81.54462520304422
775.0 80.63160998323302
800.0 79.09257812936598
825.0 78.44298535397269
850.0 78.85817221070299
875.0 78.98861564933438
900.0 78.96062407793897
925.0 79.98919249569245
950.0 80.65149427241063
975.0 81.04101056128499
1000.0 81.644454139287
1030.0 82.30877696229311
1060.0 83.0335954326609
1090.0 83.24409327069921
1120.0 82.48240657593097
1150.0 83.28454526916953
1180.0 83.75641047920573
1220.0 83.4137102478267
1250.0 83.20408381761153
1280.0 83.80686457806718
1320.0 83.8494334765486
1360.0 83.04041112011822
1400.0 82.5404781650289
1450.0 82.44172866195642
1500.0 82.13440162892711
1550.0 82.47218257764426
1600.0 82.49383450054236
1650.0 82.57009304267353
1700.0 81.95947911835201
1750.0 81.93540868950853
1800.0 80.9882848832121
1850.0 81.106016247356
1900.0 80.53184399019678
1950.0 80.20192672716162
2000.0 79.74050699990866
2060.0 79.04517126671037
2120.0 79.90656845478902
2180.0 80.00886047179021
2240.0 80.20858492065004
2300.0 79.60627507857942
2360.0 80.34624801183186
2400.0 79.35242746854338
2500.0 79.19074903845183
2580.0 78.69282046491574
2650.0 78.50251981460774
2720.0 79.030479216331
2800.0 78.93930536120428
2900.0 79.98721757719173
3000.0 80.62310429179011
3070.0 80.603629236271
3150.0 81.14653340352642
3250.0 82.05053068441867
3350.0 82.31674539850904
3450.0 81.48864945104073
3550.0 80.40846100191484
3650.0 81.460313744087
3750.0 82.48768617219245
3870.0 82.5667081830317
4000.0 82.4341622967227
4120.0 82.64769437853444
4250.0 82.9581878355703
4370.0 82.51802835968097
4500.0 82.05646781626683
4620.0 81.41861090602049
4750.0 81.8035468201485
4870.0 82.02454515066758
5000.0 82.85724177362735
5150.0 82.31537517061575
5300.0 81.83174766007592
5450.0 81.69014769796091
5600.0 82.02286329551511
5800.0 81.89144274434479
6000.0 80.65871372288277
6150.0 80.62101485099134
6300.0 81.97025652868027
6500.0 83.84988833444011
6700.0 83.99615523525276
6900.0 82.96968965291803
7100.0 81.97788219294657
7300.0 81.78728523727611
7500.0 82.79572573719337
7750.0 81.99643365379389
8000.0 80.9603384700839
8250.0 79.95369576297688
8500.0 80.30852279320803
8750.0 82.61857871030507
9000.0 81.96070554772972
9250.0 80.68298839180865
9500.0 82.94700643577703
9750.0 84.54867632906235
10000.0 83.02342465336761
10300.0 81.15288729866764
10600.0 80.09734174309416
10900.0 81.55984041045461
11200.0 81.8651747995791
11500.0 80.58395958070946
11800.0 77.7487798154663
12200.0 81.53568673841586
12500.0 83.17808233564394
12800.0 82.11062733610235
13200.0 84.83015170397371
13600.0 81.94049914028652
14000.0 75.76804050268119
14500.0 80.70134549468399
15000.0 79.31884539455369
15500.0 81.50040524236621
16000.0 81.15371840599599
16500.0 86.6355973279581
17000.0 80.68150204903735
17500.0 81.66232947659138
18000.0 70.0013007069922
18500.0 24.856161759402355
19000.0 9.661546894334876
19500.0 15.552589243090594
