Freq "Early Reflections DI"
22.4 40.48286071827127
23.0 40.474295500299405
23.6 40.48436481641798
24.0 40.46295362101736
25.0 40.44595005016225
25.8 40.455923114980635
26.5 40.4550148032061
27.2 40.4350949048214
28.0 40.454211417699355
29.0 40.4357312224646
30.0 40.42147094570524
30.7 40.41585347576839
31.5 40.410360746234744
32.5 40.426111818820786
33.5 40.4198173957831
34.5 40.41810978442771
35.5 40.42192261831656
36.5 40.42192261831654
37.5 40.40264056415694
38.7 40.4430639830544
40.0 40.440228163885934
41.2 40.45662819954566
42.5 40.404943918266284
43.7 40.4240350087954
45.0 40.452682842114086
46.2 40.42562956790651
47.5 40.44671013082585
48.7 40.434758305095144
50.0 40.46210064508362
51.5 40.48080140390242
53.0 40.47661824060209
54.5 40.459374904816315
56.0 40.48326496707949
58.0 40.48326496707949
60.0 40.48496294975159
61.5 40.48706400274442
63.0 40.53261465655258
65.0 40.53783164087321
67.0 40.51354801103861
69.0 40.524979525037836
71.0 40.546308646085734
73.0 40.53671616985899
75.0 40.55324592558864
77.5 40.557607960720844
80.0 40.56581790502021
82.5 40.55925311923744
85.0 40.573125411582296
87.5 40.56143553337046
90.0 40.592901077316654
92.5 40.577974175477266
95.0 40.576930273137265
97.5 40.61292295498541
100.0 40.58847387669667
103.0 40.614362919055424
106.0 40.61517898630689
109.0 40.62131781528585
112.0 40.62241889238102
115.0 40.606738344023725
118.0 40.618816520796486
122.0 40.61681000263539
125.0 40.616026902487434
128.0 40.61174256549637
132.0 40.61909327448882
136.0 40.63522090660443
140.0 40.65950022127653
145.0 40.7202329326293
150.0 40.81423446384893
155.0 40.96557307117442
160.0 41.081237691983915
165.0 41.1836851904054
170.0 41.263209555711086
175.0 41.30754237334983
180.0 41.34611335278473
185.0 41.36257260637224
190.0 41.4026745968543
195.0 41.41172973162294
200.0 41.43328164299348
206.0 41.45507535535751
212.0 41.486453461190266
218.0 41.48209340972373
224.0 41.506812169162046
230.0 41.51467812157263
236.0 41.5467304481306
240.0 41.559412413490776
250.0 41.58986536719823
258.0 41.63749654955568
265.0 41.683939856308854
272.0 41.71274262932562
280.0 41.73768973861712
290.0 41.75243384534315
300.0 41.76541406634972
307.0 41.79610122788884
315.0 41.82434489453718
325.0 41.877154183000755
335.0 41.996410381600654
345.0 42.13795373827399
355.0 42.30090079056107
365.0 42.402260950692195
375.0 42.405970525598065
387.0 42.43107223453903
400.0 42.466209130242405
412.0 42.52970806724805
425.0 42.677296163943325
437.0 42.83724545412774
450.0 42.886341709711104
462.0 42.94414785369548
475.0 42.94276855424374
487.0 42.95011153167138
500.0 42.978199075891524
515.0 42.93524484986675
530.0 42.972393464386926
545.0 43.006741687909425
560.0 42.978506935833806
580.0 42.97662562042636
600.0 42.96824395382802
615.0 42.974231546774575
630.0 43.00121205736704
650.0 43.02789425502766
670.0 43.015868339357084
690.0 42.928766332342846
710.0 42.86775268620744
730.0 42.81852505494277
750.0 42.61225632055685
775.0 42.11962663038963
800.0 42.0757590736267
825.0 42.76379442481621
850.0 43.23161284762979
875.0 43.30987400805698
900.0 43.09616560436487
925.0 42.938508616900975
950.0 43.087440464924626
975.0 43.1085963917908
1000.0 43.01718517683598
1030.0 43.10773911431595
1060.0 43.45949053922638
1090.0 43.68571750269187
1120.0 43.69289454730243
1150.0 43.62287304196158
1180.0 43.46227287039184
1220.0 43.27800944842785
1250.0 43.092097227253916
1280.0 43.02649657675903
1320.0 42.87901742115304
1360.0 42.71889714547379
1400.0 42.41982876409216
1450.0 42.056928356968314
1500.0 41.94699307749008
1550.0 42.02467134922664
1600.0 41.94596153088388
1650.0 41.781311841008716
1700.0 41.88444309451749
1750.0 41.80450304552235
1800.0 41.78182399441479
1850.0 41.58317846571637
1900.0 42.17799572951971
1950.0 41.85487938979254
2000.0 41.82168542618287
2060.0 41.618366032836846
2120.0 41.177611549706256
2180.0 41.751501949823435
2240.0 41.67262862750431
2300.0 41.61447439270256
2360.0 41.357853477229085
2400.0 41.166576638245985
2500.0 40.97439226005689
2580.0 41.111458444420336
2650.0 41.519251966494224
2720.0 41.994320093707586
2800.0 42.154833383048995
2900.0 43.03763479215225
3000.0 43.40961968917051
3070.0 43.51793663341358
3150.0 43.663347726179055
3250.0 43.67391027328732
3350.0 43.21359044861886
3450.0 43.110369330646975
3550.0 43.25399866892302
3650.0 43.34354729731571
3750.0 43.87048005981977
3870.0 44.51244271060514
4000.0 45.06095144777133
4120.0 45.42370366500245
4250.0 45.48805346302949
4370.0 45.41362262578839
4500.0 45.60195099415367
4620.0 45.54536653066472
4750.0 45.4901940541433
4870.0 45.399651747820315
5000.0 45.23152505294753
5150.0 44.919333569446295
5300.0 44.571214023400145
5450.0 44.335978822880904
5600.0 44.01583332576131
5800.0 43.44579617610354
6000.0 42.71131137153354
6150.0 41.51181882396274
6300.0 41.05520795980681
6500.0 41.40985247839096
6700.0 41.91500289102575
6900.0 41.92275878125818
7100.0 42.2565722009405
7300.0 42.619759216780366
7500.0 42.94644909107137
7750.0 43.59445320709969
8000.0 44.13588916705682
8250.0 44.46021738061144
8500.0 44.68725204689011
8750.0 44.9334717464766
9000.0 44.837055069598534
9250.0 44.532341983698615
9500.0 44.17963109949267
9750.0 43.848581812745564
10000.0 43.2566820087368
10300.0 42.92293755264639
10600.0 42.422571644798126
10900.0 42.90247475691085
11200.0 43.38106878884412
11500.0 43.129494764801024
11800.0 41.494298431123795
12200.0 37.178676501841835
12500.0 37.65512390939807
12800.0 39.47748524168078
13200.0 40.780036540110174
13600.0 42.40604500248325
14000.0 42.897849475244996
14500.0 42.85646505374652
15000.0 42.79316972714676
15500.0 42.47208218847864
16000.0 42.68063083425288
16500.0 42.794207817116074
17000.0 41.41443917723453
17500.0 40.75640802786347
18000.0 42.40565540728187
18500.0 43.22572825747815
19000.0 42.86127358270265
19500.0 43.05408034990526
