Freq "Early Reflections DI"
20.5078 37.38937057735191
21.9727 37.475676166875644
23.4375 38.20628789889355
24.9023 38.58174705442809
26.3672 38.79479098195523
27.832 38.80249060318309
29.2969 39.25693446872043
30.7617 39.141896800663474
32.2266 39.43148920800405
33.6914 39.63590593807905
35.1563 39.65170567842959
36.6211 39.679392238656774
38.0859 39.667881117775366
39.5508 39.91813895660998
41.0156 39.823464245193406
42.4805 39.90122861001268
43.9453 39.98950135554976
45.4102 39.75803420266304
46.875 39.568138882380225
48.3398 39.91491657446829
51.2695 39.95917950931451
52.7344 39.787882655124534
54.1992 39.77489653142548
55.6641 39.69331610194109
58.5938 39.736990168122844
60.0586 39.74524885368251
62.9883 39.76372040845793
64.4531 39.76184907977253
67.3828 39.77894651707132
68.8477 39.820085904712144
71.7773 39.85263599431221
74.707 39.80272174538098
77.6367 39.77841612138346
79.1016 39.74549639420253
82.0313 39.76013855143495
84.9609 39.77206827967282
87.8906 39.753612596015714
90.8203 39.75972817828608
95.2148 39.731489733399286
98.1445 39.752919019954646
101.074 39.81584145355157
105.469 39.74146011298558
108.398 39.73287558104977
112.793 39.80472121928648
117.188 39.91948875634931
120.117 39.91501498317112
124.512 39.884838847451036
128.906 39.89604715830947
133.301 39.77713014691574
139.16 39.69298651721613
143.555 39.72314805702857
147.949 39.729284117983
153.809 39.84669138669756
159.668 39.878051603210125
165.527 39.890668461244005
171.387 39.81632567492281
177.246 39.820521140548905
183.105 39.87182497843986
188.965 39.88551989192409
196.289 39.8866509366043
203.613 39.863114115248905
210.938 39.90664279805024
218.262 39.85627614168334
225.586 39.8831945176415
232.91 39.923064131149516
241.699 39.91499993662052
250.488 39.99913626508281
259.277 39.98425798845112
268.066 39.98476726597126
276.855 40.057764843475766
287.109 40.155081384429536
297.363 40.047540095860384
307.617 39.96297666446418
319.336 40.08930113968958
329.59 40.15326603055267
341.309 40.116604451295984
353.027 40.31570906530517
366.211 40.391555344338784
379.395 40.271454871816786
392.578 40.23247106629805
405.762 40.34426620969589
420.41 40.36449347948512
435.059 40.3470322052257
451.172 40.65647633872379
465.82 40.67267114889093
483.398 40.647760380549016
499.512 40.44167409791038
517.09 40.444938045124374
536.133 40.47065040695868
555.176 40.93271964445701
574.219 40.756560349156175
594.727 40.898865170091796
615.234 41.099403952505554
637.207 41.091241760288156
659.18 40.882021914115995
682.617 41.16173081097564
707.52 41.10814537354841
732.422 41.189594595612306
757.324 41.209607967664056
785.156 40.889314659981906
811.523 40.613681740439176
840.82 40.42551898989578
870.117 40.69689344691514
900.879 41.21221808085366
933.105 40.90623587618617
965.332 40.41958583455255
1000.49 39.93854232909477
1035.64 39.45496916181624
1072.27 39.03536668042122
1108.89 39.7144500412666
1148.44 39.949874118116796
1189.45 40.189234685187216
1230.47 40.21545034124519
1274.41 40.19676885109183
1319.82 40.11263598895975
1366.7 40.0540420049161
1413.57 40.54945985084896
1463.38 40.97299391909132
1516.11 41.189413220061866
1568.85 41.432460593177424
1624.51 41.11546785595333
1681.64 40.445556760473664
1741.7 40.77118052664703
1803.22 41.05543468227174
1866.21 39.9358622917473
1932.13 39.8599266640947
1999.51 40.06431799689936
2069.82 40.10155760882796
2143.07 40.011592540798404
2219.24 39.061718111070576
2296.88 38.74220602662827
2378.91 38.42855358749014
2462.4 38.22386036769231
2548.83 38.86425684490952
2639.65 38.940496411540835
2731.93 38.385027318293425
2828.61 37.37351600178148
2928.22 38.501590821836345
3030.76 39.12827677474368
3137.7 39.676488449554284
3249.02 39.90288671324306
3363.28 41.67312522143874
3481.93 42.1640511025243
3604.98 42.40050379355834
3732.42 42.89376724243856
3864.26 42.7932585649248
4000.49 43.01675726370189
4141.11 43.74516633789551
4287.6 43.91536472991132
4438.48 43.90671512466707
4595.21 43.15447014998438
4756.35 42.14146194380089
4924.8 43.470335683543965
5097.66 43.94866488308318
5277.83 44.21230413276464
5463.87 44.15282973963082
5657.23 44.25965853360472
5856.45 44.571656288533745
6062.99 44.64177711221721
6276.86 44.67892154869442
6498.05 45.11537849465789
6726.56 45.612433586402446
6963.87 45.74817299670201
7209.96 45.42443990002991
7464.84 44.943336936316726
7727.05 44.03766944472146
7999.51 43.90715351147908
8282.23 43.78001459100186
8573.73 44.69969744625118
8876.95 44.50311004971758
9188.96 42.91092421971322
9514.16 40.8814499667553
9849.61 40.937625701166354
10196.8 42.73332841640476
10555.7 44.36727510847642
10927.7 45.582160473807534
11313.0 45.54548794900924
11712.9 45.764147242007326
12126.0 44.93207589419926
12553.7 44.76705807958892
12996.1 43.401754952526915
13454.6 43.44598212063863
13929.2 46.037906522103285
14419.9 45.29867358666489
14928.2 43.72713284634344
15455.6 44.50533473931952
16000.5 45.123415640984874
16564.5 43.669159709685616
17148.9 40.69197302120958
17752.4 40.487200172054486
18379.4 41.959031423075785
19026.9 42.71164066653043
19697.8 42.76445461470719
19999.5 42.60309898395387
