Freq "On Axis"
20.5078 44.7243
21.9727 48.31130000000002
23.4375 50.37270000000001
24.9023 51.77279999999999
26.3672 53.13580000000002
27.832 53.9504
29.2969 55.828
30.7617 56.5257
32.2266 58.006699999999995
33.6914 59.52369999999999
35.1563 60.4769
36.6211 61.6463
38.0859 62.7509
39.5508 63.337500000000006
41.0156 64.701
42.4805 66.7338
43.9453 66.6462
45.4102 66.152
46.875 67.0547
48.3398 69.21800000000002
51.2695 70.1623
52.7344 70.7526
54.1992 71.6348
55.6641 72.5447
58.5938 74.12549999999999
60.0586 74.89940000000001
62.9883 76.4614
64.4531 77.1132
67.3828 78.2022
68.8477 78.8405
71.7773 80.16400000000002
74.707 80.8504
77.6367 81.3298
79.1016 81.6899
82.0313 82.4461
84.9609 82.5711
87.8906 82.4752
90.8203 82.98249999999999
95.2148 82.43539999999999
98.1445 82.6277
101.074 82.5976
105.469 82.2777
108.398 82.1767
112.793 82.2443
117.188 82.0671
120.117 82.0689
124.512 81.9361
128.906 81.7405
133.301 81.7707
139.16 81.6325
143.555 81.4565
147.949 81.562
153.809 81.7693
159.668 81.8911
165.527 82.0107
171.387 81.97050000000002
177.246 82.1087
183.105 82.1694
188.965 82.3522
196.289 82.5625
203.613 82.4221
210.938 82.4503
218.262 82.1936
225.586 82.13840000000002
232.91 82.0165
241.699 81.6353
250.488 81.5369
259.277 81.7732
268.066 81.2423
276.855 81.26419999999999
287.109 81.4573
297.363 81.1976
307.617 80.9118
319.336 80.6996
329.59 80.7694
341.309 80.356
353.027 80.3233
366.211 80.2613
379.395 80.3426
392.578 79.8966
405.762 79.8869
420.41 80.2672
435.059 80.1343
451.172 80.6604
465.82 80.7804
483.398 80.41039999999998
499.512 79.73169999999999
517.09 79.8255
536.133 79.1099
555.176 80.199
574.219 80.2887
594.727 80.1217
615.234 80.78450000000001
637.207 81.0435
659.18 80.7188
682.617 81.1671
707.52 81.2773
732.422 81.673
757.324 81.8183
785.156 81.0411
811.523 80.6989
840.82 81.712
870.117 82.62370000000001
900.879 82.9144
933.105 81.9519
965.332 81.3321
1000.49 80.5314
1035.64 79.1988
1072.27 77.57909999999998
1108.89 78.51240000000001
1148.44 79.37439999999998
1189.45 80.0362
1230.47 80.54500000000002
1274.41 80.6554
1319.82 80.9304
1366.7 80.5015
1413.57 81.6462
1463.38 83.27290000000002
1516.11 84.3535
1568.85 85.0833
1624.51 84.4583
1681.64 82.4985
1741.7 82.465
1803.22 82.652
1866.21 79.541
1932.13 78.0236
1999.51 77.8945
2069.82 79.5543
2143.07 80.76229999999998
2219.24 77.586
2296.88 78.5299
2378.91 77.4811
2462.4 76.1756
2548.83 77.6912
2639.65 78.57389999999998
2731.93 77.0467
2828.61 75.9094
2928.22 77.29839999999999
3030.76 77.1942
3137.7 76.19029999999998
3249.02 74.327
3363.28 74.9297
3481.93 77.65119999999999
3604.98 79.6472
3732.42 80.6449
3864.26 80.5834
4000.49 79.4613
4141.11 79.4681
4287.6 78.6798
4438.48 77.51940000000002
4595.21 75.2099
4756.35 72.4201
4924.8 78.284
5097.66 82.8089
5277.83 85.042
5463.87 84.8517
5657.23 84.0036
5856.45 83.99280000000002
6062.99 83.7741
6276.86 83.5283
6498.05 85.0271
6726.56 87.03230000000002
6963.87 87.8851
7209.96 87.05349999999999
7464.84 83.9521
7727.05 78.9735
7999.51 77.5156
8282.23 74.2911
8573.73 76.0226
8876.95 77.32479999999998
9188.96 78.45839999999998
9514.16 77.3435
9849.61 77.6672
10196.8 81.0883
10555.7 82.65299999999999
10927.7 84.83869999999999
11313.0 81.9939
11712.9 83.6904
12126.0 79.319
12553.7 78.9468
12996.1 75.6658
13454.6 70.851
13929.2 74.9653
14419.9 76.2202
14928.2 70.0052
15455.6 78.9128
16000.5 80.594
16564.5 74.29339999999999
17148.9 68.4052
17752.4 71.2063
18379.4 75.0122
19026.9 76.6068
19697.8 76.29310000000001
19999.5 73.5219
