Freq "On Axis"
20.5078 60.05340000000001
21.9727 60.903700000000015
23.4375 66.05700000000002
24.9023 71.132
26.3672 74.51229999999998
27.832 77.3508
29.2969 80.3512
30.7617 83.2227
32.2266 85.49269999999999
33.6914 87.7646
35.1562 90.2372
36.6211 91.8454
38.0859 93.7139
39.5508 95.4881
41.0156 97.138
42.4805 98.4102
43.9453 99.3593
45.4102 99.83
46.875 100.08
48.3398 99.91500000000002
51.2695 99.357
52.7344 99.1139
54.1992 98.95690000000002
55.6641 98.7394
58.5938 98.5839
60.0586 98.6757
62.9883 98.78630000000001
64.4531 98.8623
67.3828 99.0065
68.8477 99.1472
71.7773 99.5097
74.707 99.8188
77.6367 100.003
79.1016 100.09199999999998
82.0312 100.247
84.9609 100.265
87.8906 100.462
90.8203 100.48400000000001
95.2148 100.434
98.1445 100.47299999999998
101.074 100.34300000000002
105.469 100.564
108.398 100.665
112.793 100.682
117.188 100.68100000000001
120.117 100.69
124.512 100.517
128.906 100.395
133.301 100.401
139.16 100.357
143.555 100.286
147.949 100.303
153.809 100.314
159.668 100.324
165.527 100.30000000000001
171.387 100.419
177.246 100.209
183.105 100.094
188.965 100.241
196.289 98.4673
203.613 99.3143
210.938 98.8399
218.262 100.177
225.586 100.51000000000002
232.91 100.43
241.699 100.138
250.488 100.74100000000001
259.277 100.479
268.066 100.493
276.855 100.082
287.109 99.9434
297.363 100.722
307.617 100.57400000000001
319.336 100.17
329.59 99.8818
341.309 99.9134
353.027 99.7192
366.211 100.044
379.395 100.01
392.578 99.8045
405.762 99.79249999999999
420.41 99.5727
435.059 99.428
451.172 100.081
465.82 99.2809
483.398 98.827
499.512 99.2759
517.09 98.72379999999998
536.133 98.7465
555.176 97.87210000000002
574.219 98.36010000000002
594.727 99.5617
615.234 100.89699999999999
637.207 101.286
659.18 100.983
682.617 100.421
707.52 100.28
732.422 99.6552
757.324 99.34370000000001
785.156 101.679
811.523 100.62
840.82 100.39599999999999
870.117 98.52949999999998
900.879 100.832
933.105 99.5793
965.332 102.27
1000.49 100.879
1035.64 101.133
1072.27 100.769
1108.89 99.9073
1148.44 99.4165
1189.45 98.3114
1230.47 97.5488
1274.41 98.4564
1319.82 97.7768
1366.7 98.7795
1413.57 99.5856
1463.38 97.7977
1516.11 97.6617
1568.85 98.8721
1624.51 100.001
1681.64 101.341
1741.7 100.618
1803.22 100.646
1866.21 99.8154
1932.13 99.1319
1999.51 99.4232
2069.82 101.237
2143.07 101.916
2219.24 100.51599999999999
2296.88 99.20090000000002
2378.91 100.06
2462.4 102.182
2548.83 101.85
2639.65 99.6529
2731.93 99.3209
2828.61 100.592
2928.22 101.437
3030.76 101.18200000000002
3137.7 100.78400000000002
3249.02 100.549
3363.28 101.03200000000001
3481.93 101.197
3604.98 100.86
3732.42 101.271
3864.26 101.142
4000.49 101.74700000000001
4141.11 102.84700000000001
4287.6 102.195
4438.48 102.277
4595.21 101.484
4756.35 101.03399999999999
4924.8 101.063
5097.66 100.543
5277.83 101.40900000000002
5463.87 101.592
5657.23 101.363
5856.45 101.541
6062.99 101.86700000000002
6276.86 101.318
6498.05 101.425
6726.56 101.401
6963.87 101.521
7209.96 100.851
7464.84 100.031
7727.05 100.178
7999.51 100.001
8282.23 100.996
8573.73 100.937
8876.95 100.87800000000001
9188.96 100.154
9514.16 100.329
9849.61 100.72
10196.8 101.014
10555.7 100.666
10927.7 100.438
11313.0 100.491
11712.9 100.609
12126.0 101.76000000000002
12553.7 102.854
12996.1 103.156
13454.6 102.628
13929.2 104.636
14419.9 106.802
14928.2 105.083
15455.6 102.31799999999998
16000.5 100.51599999999999
16564.5 99.1628
17148.9 98.6012
17752.4 98.6387
18379.4 99.6233
19026.9 100.304
19697.8 101.267
19999.5 100.639
