Freq "Early Reflections DI"
20.5078 38.20317456423953
21.9727 37.256778313483636
23.4375 38.481890252998596
24.9023 38.09377258051558
26.3672 38.27411229541353
27.832 38.31297159322439
29.2969 38.479921083025985
30.7617 38.580198757691605
32.2266 38.73939700109875
33.6914 38.875449683787366
35.1563 39.02057767014733
36.6211 39.13931594300375
38.0859 39.220702444576716
39.5508 39.282444064841755
41.0156 39.38204855268289
42.4805 39.43190287097289
43.9453 39.483002321462635
45.4102 39.530636451322266
46.875 39.582479925512374
48.3398 39.592623567739935
51.2695 39.680074135882904
52.7344 39.659284317122555
54.1992 39.70518628927182
55.6641 39.778226524527454
58.5938 39.82065816675684
60.0586 39.84288500784265
62.9883 39.86008081265507
64.4531 39.852006622208464
67.3828 39.86535302548769
68.8477 39.87801142070032
71.7773 39.91896695327459
74.707 39.96392889582111
77.6367 39.97292604762154
79.1016 39.973275015006095
82.0313 39.984063299940416
84.9609 40.01309053863598
87.8906 40.045991046779406
90.8203 40.05287506580831
95.2148 40.148575407194826
98.1445 40.12444759074914
101.074 40.15893557093834
105.469 40.1304940766061
108.398 40.15826162569245
112.793 40.186750645733724
117.188 40.24401595352762
120.117 40.236019890207444
124.512 40.30005540293563
128.906 40.33999592409444
133.301 40.34228209797526
139.16 40.390142551065765
143.555 40.440306514999904
147.949 40.49244458327459
153.809 40.55303948572168
159.668 40.59055344492454
165.527 40.64261300607497
171.387 40.727303179184304
177.246 40.78759968069575
183.105 40.78527224907853
188.965 40.80795464965355
196.289 40.707828858759754
203.613 40.762989603592274
210.938 40.827515645350886
218.262 40.80197960734857
225.586 40.85082017797836
232.91 40.95525575184679
241.699 40.91728841279644
250.488 41.01551930379003
259.277 41.03365195392318
268.066 40.95325784308429
276.855 41.084829048437584
287.109 41.04812754849421
297.363 40.96542402610994
307.617 40.984917984709725
319.336 40.92738245932533
329.59 41.13505005654359
341.309 41.00825776321253
353.027 41.348625266159644
366.211 41.41419859872585
379.395 41.44480318567075
392.578 41.30247725033402
405.762 41.33633868434032
420.41 41.58661966755773
435.059 41.468273391758245
451.172 41.591805294913584
465.82 41.581139009522616
483.398 41.917030127817654
499.512 42.553320829198555
517.09 42.17612927967771
536.133 42.187789282096816
555.176 42.384554577166995
574.219 42.28200835577334
594.727 42.167645667207836
615.234 42.38759254197578
637.207 42.27599683756088
659.18 42.5591892475701
682.617 42.4150871346679
707.52 42.69956266838321
732.422 42.8162780696362
757.324 42.97846208657893
785.156 43.06051925001263
811.523 42.95491240660435
840.82 42.96287477533596
870.117 42.87180210678885
900.879 42.93039293253729
933.105 42.87544520235852
965.332 42.997961427694605
1000.49 43.17532542660871
1035.64 43.12262025037096
1072.27 43.36419699091806
1108.89 43.24472456784373
1148.44 43.286308721638406
1189.45 43.316299226786185
1230.47 43.51910121463774
1274.41 43.653088673223635
1319.82 43.70664979471783
1366.7 43.5627561362883
1413.57 43.41786112668977
1463.38 43.63569223834705
1516.11 43.58792319399811
1568.85 43.122699451320756
1624.51 42.80878983803231
1681.64 42.91712129950278
1741.7 42.65795377889157
1803.22 42.47256818756421
1866.21 42.03660964636124
1932.13 42.26347492440007
1999.51 42.096706805183715
2069.82 41.75691782935303
2143.07 41.68540891505522
2219.24 41.57871328151512
2296.88 41.703805678416245
2378.91 42.026068920789015
2462.4 42.272139104046005
2548.83 42.255465219296354
2639.65 42.68948372671717
2731.93 42.83389830257153
2828.61 43.00304840085951
2928.22 43.29419963098074
3030.76 43.409272325600526
3137.7 43.5684470347974
3249.02 43.52488269554905
3363.28 43.44013892798375
3481.93 43.22709373229755
3604.98 43.052170290651304
3732.42 42.599385150887656
3864.26 42.40552512952101
4000.49 41.98085508877767
4141.11 41.722567095281974
4287.6 41.583358546322046
4438.48 41.391279911775754
4595.21 41.19023106544077
4756.35 41.06284481037427
4924.8 41.035524201322346
5097.66 41.14311656041218
5277.83 41.15624589614475
5463.87 41.09941059424766
5657.23 41.36242657789043
5856.45 41.703858432461814
6062.99 41.96502852391495
6276.86 42.24143214138819
6498.05 42.42835569719588
6726.56 42.51055345016361
6963.87 42.61837173197509
7209.96 42.73330272510434
7464.84 42.87771016583508
7727.05 42.877186954955505
7999.51 42.831820990117194
8282.23 42.82116699394632
8573.73 42.91132020543267
8876.95 43.00553696919917
9188.96 43.20851998891938
9514.16 43.34724489512307
9849.61 43.4679874844804
10196.8 43.44224613736114
10555.7 43.48049098190738
10927.7 43.58949086343533
11313.0 43.76653392220945
11712.9 44.0687496959973
12126.0 44.36838909663865
12553.7 44.485989101494624
12996.1 44.580630315196075
13454.6 44.621932133626686
13929.2 44.62346580877946
14419.9 44.65358420013182
14928.2 44.849409439394535
15455.6 45.07333938978164
16000.5 45.124383712280206
16564.5 45.06322314266589
17148.9 45.0098717414275
17752.4 45.07995182719965
18379.4 45.16193124008373
19026.9 45.18720117965461
19697.8 45.224263667609534
19999.5 45.19655769619236
