Freq "Ceiling Bounce"
20.5078 57.514893111752
21.9727 51.970107427726816
23.4375 46.584066769931496
24.9023 54.83400368500074
26.3672 38.070661812954484
27.832 52.081065986751554
29.2969 45.23412795787945
30.7617 55.84036893447379
32.2266 59.610026406085154
33.6914 63.25535313335391
35.1562 66.80797398804518
36.6211 69.4526701265932
38.0859 72.82911566372564
39.5508 75.24685527526356
41.0156 78.79511525590732
42.4805 80.64661095800786
43.9453 82.66777771308078
45.4102 84.63606638804117
46.875 86.53112293038924
48.3398 88.2695586412067
51.2695 91.1701550842808
52.7344 92.34787615131421
54.1992 93.350913533321
55.6641 94.18465741357517
58.5938 95.45034355321829
60.0586 96.00402268694693
62.9883 96.88055308868555
64.4531 97.22026131614733
67.3828 97.76955353324243
68.8477 98.01984485285466
71.7773 98.4857236243391
74.707 98.86842946166743
77.6367 99.18446737818611
79.1016 99.31871166191183
82.0312 99.48922237795868
84.9609 99.64817352414398
87.8906 99.7952211250282
90.8203 99.94085372621895
95.2148 99.85909001271027
98.1445 99.9605079981437
101.074 99.87517675048838
105.469 99.8426462711813
108.398 99.82159637547159
112.793 99.73851997724744
117.188 99.69475114495808
120.117 99.69716019519805
124.512 99.51610596333721
128.906 99.18035122983525
133.301 99.06370419262124
139.16 98.85177444988378
143.555 98.71248061148661
147.949 98.62027065867187
153.809 98.39228604294783
159.668 98.28921600966986
165.527 98.21528731374318
171.387 98.01231433831619
177.246 97.85795896285167
183.105 97.70329766040393
188.965 97.55529254185687
196.289 97.54920169143031
203.613 97.42096125623831
210.938 97.4060526531984
218.262 97.20016236393468
225.586 97.1307001462971
232.91 97.15578226521228
241.699 96.79585779008379
250.488 96.76961837709408
259.277 96.99598810474407
268.066 96.59898004831149
276.855 96.86447938069793
287.109 96.81243640179389
297.363 97.11142679031832
307.617 96.7447053323064
319.336 96.64495981897673
329.59 96.29535692240835
341.309 96.19650932372254
353.027 96.2806596601323
366.211 96.31690260504487
379.395 96.81451336763949
392.578 96.38725741614705
405.762 96.2395183431394
420.41 96.76161792974216
435.059 96.00916083784278
451.172 96.12268799878106
465.82 96.39781672021103
483.398 96.61358106544343
499.512 96.57992478200626
517.09 96.26471479450723
536.133 95.38832731279254
555.176 96.20339566973236
574.219 96.63308702969314
594.727 96.41443390298654
615.234 96.6175948621464
637.207 96.5897930329975
659.18 95.71590161749265
682.617 94.84050942039795
707.52 93.52905250005925
732.422 93.62102340004746
757.324 93.81965987450597
785.156 94.62043054225207
811.523 94.91097403770966
840.82 95.58251167791896
870.117 95.37879205874859
900.879 95.35802178269593
933.105 95.2650525887509
965.332 92.70194203242605
1000.49 89.96684929259665
1035.64 91.42830420831368
1072.27 93.83344583893803
1108.89 98.41885766812162
1148.44 99.50459142870844
1189.45 99.47795488152828
1230.47 98.22436354235347
1274.41 95.14032180834589
1319.82 93.16302872217591
1366.7 95.28546898873589
1413.57 97.08865691871843
1463.38 95.69938003529971
1516.11 95.30880025172728
1568.85 95.07647236261144
1624.51 94.06549422572385
1681.64 94.60298366051781
1741.7 92.69430444156015
1803.22 90.8582983182564
1866.21 89.59914380084739
1932.13 93.03700686575726
1999.51 93.4420809399573
2069.82 93.81315230796375
2143.07 93.32429066457718
2219.24 93.01215552367326
2296.88 89.46259043121415
2378.91 83.36218903437675
2462.4 82.06028990368216
2548.83 79.69477328442713
2639.65 83.41255537265125
2731.93 85.86736660848955
2828.61 88.78312608093587
2928.22 90.27412231156859
3030.76 90.66276838780675
3137.7 91.69495166335174
3249.02 92.41320067226818
3363.28 93.1346311879681
3481.93 93.94152652261609
3604.98 94.09917811699982
3732.42 95.29553389519285
3864.26 95.87844371137561
4000.49 95.68894547377816
4141.11 96.39923003922073
4287.6 96.04624334637167
4438.48 96.01026548135614
4595.21 95.29362269533472
4756.35 95.56321372377448
4924.8 95.65915474127914
5097.66 95.56593268330766
5277.83 95.51051316855126
5463.87 95.5486372274161
5657.23 95.21229840313748
5856.45 95.06795411615649
6062.99 94.39333401359511
6276.86 94.17169930134143
6498.05 93.73068964013056
6726.56 93.45139208016327
6963.87 93.22183694155112
7209.96 93.05069524683375
7464.84 92.82218135879775
7727.05 92.21605725843588
7999.51 91.96248565348887
8282.23 91.31140837351126
8573.73 90.66488021079003
8876.95 90.003859001411
9188.96 89.27986168461749
9514.16 88.60751038392381
9849.61 87.97851586467274
10196.8 86.89133702086126
10555.7 85.40378847376638
10927.7 85.12518579258696
11313.0 85.4236613223358
11712.9 85.66632736559043
12126.0 86.92234422776438
12553.7 87.34098803779779
12996.1 87.54759444253818
13454.6 87.4400931601833
13929.2 87.09955530683858
14419.9 86.98481801718123
14928.2 86.52374532061467
15455.6 86.06429844925891
16000.5 85.13899160518768
16564.5 83.7652321451784
17148.9 82.01107900971735
17752.4 79.80142467137058
18379.4 77.01258424830803
19026.9 74.45091384718972
19697.8 74.3834950463202
19999.5 74.54046535134094
