Freq "Total Early Reflection"
20.5078 58.375644428250865
21.9727 53.26227235612092
23.4375 47.01603994481286
24.9023 55.71231621981846
26.3672 41.00845218535525
27.832 52.4156445265304
29.2969 46.725610414737645
30.7617 57.12425395947969
32.2266 60.815332597562104
33.6914 64.23244539569549
35.1562 67.84924010746576
36.6211 70.37424280119424
38.0859 73.67531473885526
39.5508 76.15129127516224
41.0156 79.54046800593278
42.4805 81.30357995155978
43.9453 83.30035537998462
45.4102 85.2769084414756
46.875 87.14836117142443
48.3398 88.86989329674334
51.2695 91.73801283345419
52.7344 92.8934226153192
54.1992 93.8805256780542
55.6641 94.7045543352192
58.5938 95.95326861426364
60.0586 96.50021847744112
62.9883 97.34669490977814
64.4531 97.6804812764075
67.3828 98.23012719201816
68.8477 98.47569030603644
71.7773 98.93265838601533
74.707 99.30393902285302
77.6367 99.61096916301662
79.1016 99.74636709446797
82.0312 99.91730490550106
84.9609 100.05449735425205
87.8906 100.22669007496552
90.8203 100.36067582342964
95.2148 100.32928230118597
98.1445 100.4107974449349
101.074 100.33792832456211
105.469 100.2913731006563
108.398 100.25550153913856
112.793 100.18780525308884
117.188 100.1202591940326
120.117 100.07850412425333
124.512 99.9087322424267
128.906 99.63914015250141
133.301 99.52483088591819
139.16 99.3170654968283
143.555 99.20296949113892
147.949 99.10121902898311
153.809 98.8390032620851
159.668 98.73045020430546
165.527 98.65543337647894
171.387 98.49044082751047
177.246 98.34921525125279
183.105 98.17293655992864
188.965 98.00447109750338
196.289 97.97243748213766
203.613 97.87387525340561
210.938 97.78136689487494
218.262 97.59925421153297
225.586 97.5573079257367
232.91 97.51797216237092
241.699 97.25281906099184
250.488 97.35873189678546
259.277 97.4462032778174
268.066 97.23768765022113
276.855 97.33404119653216
287.109 97.11924861947995
297.363 97.29134219473818
307.617 97.10946406850485
319.336 97.02320226697401
329.59 96.66704250839305
341.309 96.70180336664579
353.027 96.79257667752418
366.211 96.7736355075124
379.395 97.22917584295925
392.578 96.86860760944073
405.762 96.64906017307793
420.41 96.9986063908031
435.059 96.53344643007513
451.172 97.14115379663511
465.82 97.1221829501465
483.398 97.02422981700894
499.512 97.05374684662507
517.09 96.86228227705516
536.133 96.41590718172114
555.176 97.1535806889601
574.219 97.57105587917846
594.727 97.50251807973127
615.234 97.79207728987758
637.207 97.58180146106474
659.18 96.80734081256503
682.617 96.47299337734108
707.52 96.40366369058916
732.422 96.19282680536762
757.324 96.56239073437274
785.156 96.61507859534197
811.523 96.54896323802824
840.82 96.91160161372184
870.117 97.11269349896011
900.879 97.87637166014986
933.105 97.94975676136004
965.332 97.29585537080388
1000.49 94.98484057861609
1035.64 93.71971753690781
1072.27 92.1401803750172
1108.89 93.74211856327933
1148.44 95.82800677369264
1189.45 96.49491567287467
1230.47 97.551309826651
1274.41 96.74742985421538
1319.82 96.37580976230521
1366.7 96.99816766457684
1413.57 96.98481664103187
1463.38 96.32584822546526
1516.11 95.4579463679059
1568.85 95.0883877502018
1624.51 94.976594232363
1681.64 95.11721246843919
1741.7 94.64527096359149
1803.22 93.9335957552258
1866.21 93.22281391531348
1932.13 93.14939310248906
1999.51 93.62220268563073
2069.82 93.81458948790348
2143.07 93.87912940740931
2219.24 93.07855555697712
2296.88 92.62542495549877
2378.91 93.44511502653734
2462.4 94.62988101140706
2548.83 94.70190652814102
2639.65 93.78738353688945
2731.93 93.45927346843962
2828.61 94.08315222163502
2928.22 94.90733267810637
3030.76 95.30508441971848
3137.7 95.17787897537346
3249.02 94.99195174151183
3363.28 94.93388301911855
3481.93 95.22760935879967
3604.98 95.44433390338281
3732.42 95.8313201736916
3864.26 95.21511049456387
4000.49 94.9430964510939
4141.11 95.61284032020916
4287.6 95.59832196847267
4438.48 95.76042839985502
4595.21 95.57129971190398
4756.35 95.94987657060358
4924.8 95.86612157014866
5097.66 95.77230290752439
5277.83 95.71085751457369
5463.87 95.8717139841338
5657.23 95.68316996774212
5856.45 95.23749048638622
6062.99 95.79377618022355
6276.86 95.30240508018196
6498.05 95.34998452977653
6726.56 95.41088674714423
6963.87 94.96523011484057
7209.96 95.21120734550945
7464.84 94.714054784568
7727.05 94.7166688778452
7999.51 94.56086377961466
8282.23 94.70323178941244
8573.73 94.85554721764575
8876.95 94.72380668467457
9188.96 94.52567431558282
9514.16 94.49520160417215
9849.61 94.42366292293629
10196.8 94.53982939333245
10555.7 94.42387314485275
10927.7 94.2793946637533
11313.0 93.80383907767167
11712.9 93.3475843493742
12126.0 93.2179720615337
12553.7 93.20703020759161
12996.1 93.27321331721924
13454.6 93.31868481882842
13929.2 93.26403552525022
14419.9 93.10394423352133
14928.2 92.79579664485694
15455.6 92.48691592306136
16000.5 92.19295083217447
16564.5 91.63928284192353
17148.9 91.13508345224211
17752.4 90.69678878685023
18379.4 90.38020979386377
19026.9 90.23855404939474
19697.8 89.98022940159626
19999.5 89.80200106270684
