Freq "Early Reflections DI"
20.0 39.26131732894419
20.2909 39.274837255200936
20.586 39.28269149333235
20.8855 39.301757977915884
21.1893 39.29843075126726
21.4975 39.3249461698569
21.8102 39.33969866787075
22.1274 39.35228839753066
22.4492 39.36064572588356
22.7758 39.35485683110656
23.1071 39.385770709046
23.4432 39.41325692297852
23.7841 39.41714903020687
24.1301 39.42751743274616
24.4811 39.448691927096434
24.8372 39.45357269268314
25.1984 39.47889115099986
25.5649 39.48554504422847
25.9368 39.507669483250254
26.3141 39.52976341650475
26.6968 39.54611529988313
27.0851 39.56760196681961
27.4791 39.59161472643743
27.8788 39.62089128574107
28.2843 39.63369685515286
28.6957 39.63396387763822
29.1131 39.6441026065645
29.5365 39.66037935101281
29.9661 39.67613764092502
30.402 39.70136402598817
30.8442 39.712962920447836
31.2929 39.72772932368375
31.748 39.74787459570868
32.2098 39.765863921299115
32.6783 39.77979331483907
33.1536 39.80099555854912
33.6359 39.81353104682502
34.1251 39.83538380817106
34.6215 39.85703644240209
35.125 39.87523226984601
35.6359 39.886928230590115
36.1543 39.91172846414847
36.6802 39.91618377134323
37.2137 39.93851963299015
37.755 39.95447597278205
38.3041 39.97804684520945
38.8613 39.99972860813047
39.4265 39.9905905552332
40.0 40.00149743604946
40.5818 40.02649839069534
41.1721 40.02713481623714
41.771 40.03554039187476
42.3785 40.04572558369877
42.9949 40.081024368115266
43.6203 40.09028909302165
44.2548 40.083687327253
44.8985 40.093094471581864
45.5515 40.121257166230734
46.2141 40.13320377026314
46.8863 40.125077232585184
47.5683 40.140524916478824
48.2602 40.16774300399567
48.9621 40.146561446459586
49.6743 40.17639908288777
50.3968 40.19165972502488
51.1299 40.18707970714338
51.8736 40.21152352920201
52.6281 40.2014669257637
53.3936 40.224076257390266
54.1702 40.22162916292886
54.9581 40.2066690695965
55.7575 40.22902212828312
56.5685 40.23915583841739
57.3914 40.23316878902972
58.2261 40.246263985585045
59.073 40.24055998697678
59.9323 40.260682893795234
60.804 40.24869996529266
61.6884 40.252557717161665
62.5857 40.27010786735964
63.496 40.269326116194804
64.4196 40.26744348202595
65.3566 40.26351637935869
66.3073 40.26572603929499
67.2717 40.267817453074514
68.2502 40.271131980070166
69.2429 40.27907060968609
70.2501 40.26552855391844
71.2719 40.27556665757126
72.3086 40.26649312696421
73.3603 40.260298794495625
74.4274 40.24946313498836
75.5099 40.24149130729961
76.6083 40.253316386997966
77.7226 40.25884141261656
78.8531 40.248824026959866
80.0 40.24955374753657
81.1636 40.24190730559148
82.3442 40.235255054666496
83.5419 40.22738254344901
84.757 40.21807413140624
85.9899 40.21284303369805
87.2406 40.21500956294564
88.5096 40.19389890523482
89.797 40.195208481346214
91.1031 40.1963042222973
92.4282 40.18237676639714
93.7726 40.16511962447669
95.1366 40.15286718640745
96.5204 40.171789979768604
97.9243 40.161595252933864
99.3486 40.14299267928155
100.794 40.12696191056621
102.26 40.118584434302335
103.747 40.09307146034706
105.256 40.075536763673355
106.787 40.071164422400145
108.34 40.088032037167835
109.916 40.051429555390825
111.515 40.04402331238063
113.137 40.02864278611318
114.783 40.01606944396494
116.452 40.00805135314546
118.146 39.99172818170078
119.865 39.98541987355368
121.608 39.98341169773475
123.377 39.97328351294148
125.171 39.95900074268718
126.992 39.95685433137368
128.839 39.958985568428474
130.713 39.94973516213901
132.615 39.93835671078031
134.543 39.968516041366186
136.5 39.97281527416533
138.486 39.97908650666531
140.5 40.00237935333446
142.544 40.01526070637692
144.617 40.03549711519106
146.721 40.066790732417985
148.855 40.07593817572811
151.02 40.10946842133988
153.217 40.14515926411195
155.445 40.156129659068796
157.706 40.19162274609515
160.0 40.221135798387635
162.327 40.24468237639712
164.688 40.27589391906078
167.084 40.29701634294037
169.514 40.31793541821803
171.98 40.332474578965744
174.481 40.34697131925911
177.019 40.35894630428392
179.594 40.36887551724378
182.206 40.37914188693121
184.856 40.39041390671862
187.545 40.3756230959187
190.273 40.390120930324244
193.041 40.38096767406505
195.849 40.38269630456365
198.697 40.37812013134291
201.587 40.36325504721914
204.52 40.374052089509505
207.494 40.384215363028474
210.512 40.36112669030091
213.574 40.379969389404394
216.681 40.388620182178016
219.833 40.37602447109167
223.03 40.38907034788332
226.274 40.40411119442534
229.565 40.42524896289193
232.905 40.44724058616043
236.292 40.47345753392574
239.729 40.52077401781466
243.216 40.55215744008814
246.754 40.59352582845975
250.343 40.62898109382277
253.984 40.67593740553123
257.678 40.714772760726774
261.426 40.76333455643841
265.229 40.800092223617185
269.087 40.83856359204678
273.001 40.85266031312628
276.972 40.862616602141415
281.0 40.881521440793904
285.088 40.882903340945035
289.234 40.8894897603557
293.441 40.8794053856995
297.709 40.88138174298432
302.04 40.868832496988105
306.433 40.85663326148017
310.89 40.86485895807894
315.412 40.8699355038639
320.0 40.85889188295184
324.655 40.87064529435443
329.377 40.87868768261092
334.168 40.89472690752062
339.028 40.90841724996132
343.959 40.929959544093364
348.962 40.954548201063275
354.038 40.95925696097726
359.188 40.96628660823127
364.412 40.96602407212238
369.713 40.97691862382774
375.09 41.0023719941243
380.546 40.99103377328768
386.081 41.00756982487867
391.697 41.000361466216276
397.394 41.02084027372757
403.175 41.04054498474885
409.039 41.057981461872615
414.989 41.08984987762416
421.025 41.11567611622628
427.149 41.13994301556987
433.362 41.16868265790906
439.665 41.20610447733027
446.06 41.222244267772254
452.548 41.250308944022805
459.131 41.247036388955564
465.809 41.256961469290516
472.584 41.276375190610835
479.458 41.28515959744621
486.432 41.281308206434545
493.507 41.30661680121966
500.686 41.295884540837065
507.968 41.31266553554667
515.357 41.312033196340266
522.853 41.31919436185798
530.458 41.32042728235808
538.174 41.33389877160312
546.002 41.34548456539966
553.943 41.37001498083647
562.001 41.37699693781468
570.175 41.37687316962359
578.469 41.396712706483314
586.883 41.42582135406917
595.419 41.42845954623124
604.08 41.45152123946539
612.866 41.46807184656278
621.78 41.4993291486869
630.824 41.51714224343132
640.0 41.55123314127903
649.309 41.5703379061993
658.753 41.589641369035334
668.335 41.61958129704706
678.056 41.669933676781994
687.919 41.71023666582248
697.925 41.75916396007278
708.077 41.80310291601688
718.376 41.829007625459326
728.825 41.854277490769405
739.426 41.87276212059601
750.181 41.90212208366508
761.093 41.961072676299494
772.163 42.04943645219994
783.394 42.16671203795859
794.789 42.29066416436514
806.349 42.40272243209556
818.078 42.48935435494127
829.977 42.55539688233233
842.05 42.61181087101376
854.298 42.65034314393799
866.724 42.68480276194495
879.33 42.70545450375593
892.12 42.71508813505642
905.097 42.72560824757058
918.262 42.72626920150981
931.618 42.73188961922273
945.169 42.72374414974449
958.917 42.70677879581335
972.864 42.6863696601923
987.015 42.6747158560149
1001.37 42.66980137319821
1015.94 42.65093343121352
1030.71 42.59159849031427
1045.71 42.49446754854017
1060.92 42.389587722926365
1076.35 42.30849254576755
1092.0 42.25796883368719
1107.89 42.219775059863395
1124.0 42.181569262615994
1140.35 42.136385970787344
1156.94 42.11001179060801
1173.77 42.14302375967884
1190.84 42.23943209007966
1208.16 42.36549756987691
1225.73 42.49317107557742
1243.56 42.56696253284355
1261.65 42.64088855070483
1280.0 42.76608911159411
1298.62 42.95891692311608
1317.51 43.184599043031454
1336.67 43.34736255346775
1356.11 43.44694426277101
1375.84 43.471192196634334
1395.85 43.45061150765561
1416.15 43.39966485077892
1436.75 43.38556678053149
1457.65 43.419429537130824
1478.85 43.42785219746479
1500.36 43.340118386736734
1522.19 43.20598178927149
1544.33 43.10740193999219
1566.79 43.11294718910116
1589.58 43.212302103588115
1612.7 43.36161697362863
1636.16 43.469281965877286
1659.95 43.565280257581776
1684.1 43.71930245026141
1708.6 43.87707674570164
1733.45 43.93043318566157
1758.66 43.96904737116026
1784.24 44.06265646960679
1810.19 44.16671851800771
1836.52 44.21727928017988
1863.24 44.27394788846752
1890.34 44.35259222394724
1917.83 44.37938528868486
1945.73 44.40422691792267
1974.03 44.46857714620319
2002.74 44.52689180040497
2031.87 44.581800605779065
2061.43 44.59760175456631
2091.41 44.565916628585214
2121.83 44.58600300773668
2152.69 44.61454045846547
2184.01 44.62223793390034
2215.77 44.5807331996687
2248.0 44.46479478755994
2280.7 44.32138074878853
2313.87 44.208635843711136
2347.53 44.21262123937716
2381.68 44.31218019101762
2416.32 44.37456635101938
2451.46 44.39577379218869
2487.12 44.42574240524199
2523.3 44.378402120274444
2560.0 44.25387273488772
2597.24 44.190564402265736
2635.01 44.191915978348305
2673.34 44.116413982828874
2712.23 44.03615909158975
2751.68 43.916251556802266
2791.7 43.7415732367473
2832.31 43.71215410713472
2873.5 43.75000202076269
2915.3 43.64266115583163
2957.7 43.479952331939074
3000.72 43.3850509021087
3044.37 43.31108453145001
3088.65 43.30761397423247
3133.58 43.33742335873181
3179.16 43.30535078488458
3225.4 43.2271338371217
3272.31 43.15542989652491
3319.91 43.16655316190325
3368.2 43.14705976963769
3417.19 43.16049454318208
3466.89 43.15197219335563
3517.32 43.10452148006942
3568.48 43.03742267734421
3620.39 42.999336130636166
3673.05 42.93571500738227
3726.47 42.860011172810914
3780.67 42.712540418634006
3835.67 42.567456835620334
3891.46 42.42131564542069
3948.06 42.28906975147001
4005.49 42.13773465841997
4063.75 42.011554352865446
4122.86 41.91088127492739
4182.82 41.83268464628924
4243.66 41.75439049515674
4305.39 41.68789952468863
4368.01 41.680615550093776
4431.55 41.70431955207874
4496.01 41.63775622992327
4561.4 41.695627736179745
4627.75 41.783621553849315
4695.06 41.82316119946839
4763.35 41.85909058326011
4832.64 41.866242837142124
4902.93 41.8409120546777
4974.24 41.850860664994656
5046.6 41.8505356787835
5120.0 41.85175097879541
5194.47 41.872100337012654
5270.03 41.92349997585555
5346.68 41.996052276025324
5424.45 42.03706402129272
5503.35 42.02502576570936
5583.4 41.98173892984259
5664.61 41.968811669118224
5747.01 41.99293241695878
5830.6 41.99984362342681
5915.41 42.063688672621254
6001.45 42.128646459268936
6088.74 42.16729349002509
6177.3 42.18170171544013
6267.15 42.22552721484425
6358.31 42.237726727367615
6450.8 42.329967324469436
6544.62 42.40330263707209
6639.82 42.482228554137635
6736.4 42.58287014468982
6834.38 42.64658505511197
6933.79 42.68698280829592
7034.64 42.69888738697688
7136.96 42.70835996121963
7240.77 42.700837587668744
7346.09 42.65039174811491
7452.94 42.62665915930371
7561.35 42.61085555039401
7671.33 42.65537019555461
7782.91 42.7099638754533
7896.12 42.712137676667425
8010.97 42.73956613511234
8127.49 42.773321393597726
8245.71 42.84626390889569
8365.65 42.96551581857422
8487.33 43.13889303291796
8610.78 43.31657492700974
8736.03 43.46789878607443
8863.09 43.60051581586707
8992.01 43.707462513631555
9122.8 43.78376817331946
9255.5 43.831099733870445
9390.12 43.89043608307102
9526.7 43.939990562795785
9665.27 43.97666465400563
9805.86 43.996552583970114
9948.49 44.00790221592035
10093.2 44.029266324437316
10240.0 44.06093905657343
10388.9 44.09505204027286
10540.1 44.1202417128913
10693.4 44.1109584573569
10848.9 44.083445733806926
11006.7 44.062504731560836
11166.8 44.083675496994076
11329.2 44.10502490845802
11494.0 44.11119934017513
11661.2 44.11021773288931
11830.8 44.11876221120927
12002.9 44.101985106812364
12177.5 44.01610238656225
12354.6 43.902420410711244
12534.3 43.7970451619033
12716.6 43.71421415827143
12901.6 43.70012711395441
13089.2 43.71719233013536
13279.6 43.70376711913478
13472.8 43.69585627683135
13668.8 43.76567597704046
13867.6 43.925409724760925
14069.3 44.09857674702721
14273.9 44.24615125381405
14481.5 44.38659209453276
14692.2 44.538217648441275
14905.9 44.69547377397548
15122.7 44.84554818839382
15342.7 44.99682208258709
15565.8 45.13527482363861
15792.2 45.29083250849939
16021.9 45.4598807956626
16255.0 45.61100172187457
16491.4 45.77986037274637
16731.3 45.95695238856132
16974.7 46.11370485988553
17221.6 46.23698154392321
17472.1 46.343591674978086
17726.2 46.42718827543533
17984.0 46.47107612479513
18245.6 46.49887298490964
18511.0 46.53411418697206
18780.2 46.559269233185404
19053.4 46.553278946095205
19330.5 46.522002739761234
19611.7 46.48036182544418
19897.0 46.442604130939785
