Freq "Side Wall Bounce"
20.5078 64.23279226946126
21.2402 67.32461661971104
21.9727 69.64940298928624
22.7051 70.89628633695965
23.4375 72.28001000429694
24.1699 72.00072873334983
25.6348 74.57945819628978
26.3672 75.86112104416573
27.0996 75.80286203793236
27.832 77.16751929410925
29.2969 78.67144741604963
30.0293 78.94797103916586
31.4941 79.51031736324666
32.2266 79.99150996863217
33.6914 82.03467698442772
34.4238 82.62110231908437
35.8887 82.9792343201736
37.3535 84.82010117818167
38.8184 84.90260557654815
39.5508 85.54247606832102
41.0156 85.80747066865118
42.4805 86.69678529349498
43.9453 86.71532755598712
45.4102 87.6767176617297
47.6074 88.18635862304636
49.0723 88.41723728468526
50.5371 88.75709693820666
52.7344 89.15488230602543
54.1992 89.2006711029936
56.3965 89.42045927481395
58.5938 89.03509449003792
60.0586 89.50488293997323
62.2559 89.56786258574414
64.4531 89.505683124267
66.6504 89.31354044487423
69.5801 89.46106035807858
71.7773 88.87874940335509
73.9746 88.48042112171582
76.9043 88.38853881628712
79.834 88.26226907829728
82.7637 88.19914620603681
85.6934 88.02493569369098
88.623 87.75259580522106
91.5527 87.74746809912905
94.4824 87.65949687022223
98.1445 87.4466263523358
101.807 87.16293516921357
105.469 86.91383166548489
109.131 86.99917507224613
112.793 86.56048596436821
116.455 86.42767474712419
120.85 86.457975069216
125.244 86.43529974048424
129.639 86.60212062354772
134.033 86.65175443038467
138.428 86.29586945647762
143.555 86.24330228474706
148.682 86.16289247708067
153.809 86.19369041895197
159.668 85.74182246711489
164.795 85.56174267229822
170.654 85.40126580225561
176.514 85.36963711615664
183.105 85.88791519800029
189.697 86.5297246712562
196.289 86.3153132663421
202.881 86.22380149224132
210.205 87.07892185684196
217.529 87.65821485055582
225.586 87.99905754579554
232.91 87.90936285193334
241.699 86.84250967675433
249.756 87.01123548592822
258.545 87.1814169765604
268.066 87.31098070115075
277.588 87.228021511146
287.109 87.01187847940923
297.363 87.02539718287643
307.617 86.59461165085106
318.604 87.53817616380132
329.59 86.39936599117404
341.309 86.81393057034647
353.76 86.77416619055424
366.211 86.73328263227447
378.662 87.42243344513209
392.578 86.54270982037228
405.762 85.89916867077636
420.41 86.27717176370616
435.059 86.39052757829204
450.439 87.04508686233537
466.553 87.7253747535012
482.666 86.75228338020838
500.244 86.60957303255377
517.822 87.40791909666295
536.133 87.45065125701666
554.443 87.27000597074964
574.219 87.07098343928283
594.727 86.47347483265656
615.234 87.32102956226647
637.207 86.54846504765074
659.912 86.96205333390697
683.35 86.52863205805984
706.787 86.9268590022815
731.689 86.97531116088444
758.057 86.20404482012306
784.424 86.32328326824481
812.256 85.84752618368968
840.82 86.3218581881252
870.85 86.3128562073177
901.611 86.36122872910032
933.105 86.44210641720066
966.064 86.43563922594078
999.756 86.32283061228138
1034.91 86.02160184020222
1071.53 85.90194318668436
1109.62 85.38844636600525
1148.44 85.04012958184633
1189.45 85.46594633860106
1231.2 85.18277625320881
1274.41 84.70747716403805
1319.82 84.19354377065162
1365.97 84.66754857630302
1414.31 83.46896338888077
1464.11 83.5894835740827
1515.38 84.56114865208743
1568.85 83.83239682808431
1624.51 83.83464688265101
1681.64 82.64161029326178
1740.97 81.46626620598538
1802.49 81.77850821409429
1866.21 81.44754873245371
1932.13 81.3771704525894
2000.24 81.10691032243174
2070.56 82.14461704146929
2143.8 82.52519968365527
2219.24 82.53978324716716
2297.61 82.3587869229787
2378.17 82.15305090871882
2462.4 81.76310976353368
2548.83 81.2942701244957
2638.92 81.45507596593104
2731.93 81.36138926663733
2828.61 80.82090276317531
2928.22 80.71736970901982
3031.49 81.3429214669406
3138.43 81.26888703505941
3249.02 80.63023783878764
3363.28 80.72256791381494
3481.93 81.11111110108943
3604.98 81.61232534229782
3732.42 81.00826831051866
3863.53 81.47253635897067
3999.76 81.97456934921694
4141.11 82.98041111033494
4286.87 83.93944230282013
4438.48 84.60069563937489
4594.48 84.59723471700985
4757.08 83.70775000700414
4924.8 83.40601004074651
5098.39 83.68675392572807
5277.83 84.53567260615698
5463.87 85.39695123618174
5656.49 85.07728925756346
5856.45 83.90148999161498
6062.99 83.93685768537345
6276.86 84.19774849718605
6498.05 84.33836576726364
6727.29 83.62225780072613
6964.6 83.46708582345055
7209.96 83.08595178705595
7464.11 82.84861825277618
7727.78 82.17256583664637
8000.24 82.20467325205921
8282.23 82.39684997410383
8574.46 81.38614655870778
8876.22 80.8116939768548
9189.7 80.90436184109528
9513.43 80.33067057669876
9848.88 80.34522005812953
10196.8 80.0506608128079
10556.4 80.04723194683875
10928.5 80.00494744110819
11313.7 79.54715247993626
11712.9 79.60066820933145
12126.0 79.55578266264128
12553.7 79.7832177727544
12996.1 79.58184175389859
13454.6 80.1888184844327
13928.5 80.39761724183758
14419.9 80.33898454196667
14928.2 80.48820814301119
15454.8 81.12734408452529
15999.8 80.9309866729523
16564.5 80.56660011545114
17148.2 78.99525014129075
17753.2 76.79978696256038
18379.4 74.11970554982021
19027.6 73.36277280620065
19698.5 73.21320329527292
19999.5 73.41328490214117
