Freq "Front Wall Bounce"
20.5078 62.66222104156752
21.2402 61.705274512783674
21.9727 63.11905384862958
22.7051 63.476036826166606
23.4375 63.249549382573846
24.1699 62.25437971383148
25.6348 62.543108942611454
26.3672 62.89020196787406
27.0996 62.41363365218258
27.832 62.15702712480605
29.2969 60.55933832094375
30.0293 57.12696923054146
31.4941 53.766179920300274
32.2266 59.190190008120894
33.6914 62.2666499788714
34.4238 63.79004945348477
35.8887 66.46942582725175
37.3535 71.66969252951634
38.8184 75.06848904904533
39.5508 76.56423724905896
41.0156 79.06843211692602
42.4805 81.31211728082886
43.9453 82.70989265151384
45.4102 83.82672559943892
47.6074 84.85298788355604
49.0723 85.4138900382205
50.5371 85.83989683575557
52.7344 86.32644268893176
54.1992 86.59370230126575
56.3965 87.15496132141726
58.5938 87.41192620669855
60.0586 87.58542819109172
62.2559 88.11901989049527
64.4531 88.16750903915165
66.6504 88.29081267165695
69.5801 88.6511597811924
71.7773 89.05761181388054
73.9746 89.3744577939793
76.9043 89.61727549662189
79.834 89.85728540231986
82.7637 89.80918190607811
85.6934 90.0061889736893
88.623 90.36859423337624
91.5527 90.38110294021577
94.4824 90.37410757161452
98.1445 90.17201917040245
101.807 90.06657910555865
105.469 90.1699998448451
109.131 90.0435887149327
112.793 89.78312518318968
116.455 89.68457519210855
120.85 89.6849558218788
125.244 89.77419371274249
129.639 89.6535662069748
134.033 89.39478926799661
138.428 89.28794911836005
143.555 89.3799195849674
148.682 89.31342814073189
153.809 88.9883694118467
159.668 88.74352536749812
164.795 88.99164034999195
170.654 89.0317952740639
176.514 88.36355189081792
183.105 88.33894059809792
189.697 88.232860697717
196.289 87.91087262005581
202.881 88.3648432894043
210.205 88.25810493137634
217.529 87.76765906565366
225.586 87.62008723862941
232.91 87.78734482563384
241.699 88.28033985849025
249.756 89.10884859390738
258.545 89.00029389554211
268.066 88.69298805988569
277.588 89.05211357295426
287.109 88.48174888268737
297.363 88.80967326927012
307.617 88.66746869225406
318.604 88.78721396482798
329.59 88.51397262322122
341.309 88.12215770739179
353.76 88.35649007872887
366.211 89.0740543625216
378.662 89.38319457877832
392.578 89.30020437436836
405.762 89.18613290129355
420.41 89.34657432538835
435.059 89.18884681400458
450.439 87.68093449025379
466.553 87.68617128996422
482.666 90.14112317109898
500.244 87.95911750077981
517.822 89.19017827677617
536.133 89.9424369083748
554.443 89.28854953603555
574.219 89.69542006380014
594.727 90.31936459976201
615.234 89.11790877754758
637.207 90.00098718238642
659.912 89.59619611111083
683.35 90.13385025158102
706.787 89.64450327155073
731.689 89.81550729356374
758.057 89.41583498439387
784.424 88.91061872162692
812.256 88.14707103788483
840.82 89.55443565578199
870.85 89.7897470477827
901.611 90.03844281005388
933.105 89.96530036074294
966.064 90.38314674814094
999.756 89.11266663450687
1034.91 88.92226330693309
1071.53 89.44342281423904
1109.62 89.95200286104802
1148.44 89.28452522996898
1189.45 90.04817207392419
1231.2 90.20050907243423
1274.41 89.6660425815178
1319.82 89.32408782282798
1365.97 90.01415746641767
1414.31 90.01433940149002
1464.11 89.81171530849781
1515.38 89.05145565684283
1568.85 87.87621115008275
1624.51 87.24008400137042
1681.64 87.72488653474488
1740.97 87.48541103298433
1802.49 87.40374948542514
1866.21 86.76667342661978
1932.13 85.81632925939294
2000.24 84.47773034022933
2070.56 83.1337204460081
2143.8 83.58056223603954
2219.24 83.87860391322279
2297.61 85.09804157539473
2378.17 85.39844604954236
2462.4 85.19995581002368
2548.83 86.35729337450192
2638.92 87.17932423600992
2731.93 87.34523919923994
2828.61 87.51434948207239
2928.22 87.65798992215088
3031.49 88.70030592249759
3138.43 88.98639120116857
3249.02 88.30926501692953
3363.28 88.05789043784496
3481.93 87.3212148693813
3604.98 85.43682386888948
3732.42 84.4918659091817
3863.53 83.89325341846049
3999.76 84.62001493713429
4141.11 83.78115069857743
4286.87 84.41601070512154
4438.48 84.08320822669428
4594.48 84.99540831696646
4757.08 86.86866375566868
4924.8 87.67929980888346
5098.39 88.15942884506671
5277.83 87.86137692545229
5463.87 87.50841215817441
5656.49 88.82425572806372
5856.45 89.276755580108
6062.99 88.86328015697855
6276.86 87.70853436234125
6498.05 88.38076641411571
6727.29 89.30733438373157
6964.6 89.83476951577317
7209.96 89.73836991697826
7464.11 89.9759677576527
7727.78 90.51771692856975
8000.24 90.16159172992066
8282.23 90.81741993689339
8574.46 91.17223847694211
8876.22 90.56160247005305
9189.7 90.77509749302652
9513.43 91.04955981904001
9848.88 90.8864540069512
10196.8 91.01818631254599
10556.4 91.0463032024625
10928.5 90.51643325554726
11313.7 89.78446718203888
11712.9 89.55364137250841
12126.0 88.87197043786588
12553.7 88.53030971499852
12996.1 88.6140608284938
13454.6 89.87141242975883
13928.5 89.38453393926092
14419.9 88.31678421579964
14928.2 89.17986655346125
15454.8 90.56495431878918
15999.8 91.46897335303588
16564.5 92.50783746270459
17148.2 93.00057272529034
17753.2 92.1640322785407
18379.4 91.28311572939015
19027.6 90.23882166553707
19698.5 89.57030179437385
19999.5 89.50598654939671
