Freq "Side Wall Bounce"
20.5078 63.760701285788386
21.2402 63.99114981593951
21.9727 64.32165882942316
22.7051 64.89678736850979
23.4375 66.04409389006389
24.1699 67.20148131506741
25.6348 67.95105947922755
26.3672 68.87609117336298
27.0996 70.15190351064358
27.832 69.66375423468001
29.2969 70.67671759590762
30.0293 70.99786647127885
31.4941 71.82299814878529
32.2266 72.22200180627553
33.6914 72.94191781343231
34.4238 73.35901426557274
35.8887 73.91374089782106
37.3535 74.48621910298847
38.8184 75.14288202222406
39.5508 75.41339490148141
41.0156 76.04200378784441
42.4805 76.58879607068411
43.9453 77.06255007707426
45.4102 77.58143878610991
47.6074 78.34060538261815
49.0723 78.67389480589922
50.5371 79.08022886404213
52.7344 79.70892888284035
54.1992 80.03745620711683
56.3965 80.47906359184397
58.5938 80.85479749788226
60.0586 81.06924799427296
62.2559 81.35020705480486
64.4531 81.4150834101603
66.6504 81.53442562799883
69.5801 81.71615240847099
71.7773 81.73103071603119
73.9746 81.75973906487289
76.9043 81.77616687404438
79.834 81.76304806763305
82.7637 81.70692295017426
85.6934 81.67478156538893
88.623 81.93381746339905
91.5527 81.9684809218954
94.4824 82.02072657608663
98.1445 82.00726366531698
101.807 82.02664703892916
105.469 81.96004176167199
109.131 81.91289261099082
112.793 81.77930084511397
116.455 81.73396819834593
120.85 81.87633468621283
125.244 82.03940344629153
129.639 82.0882956928804
134.033 81.96142792066783
138.428 81.82648454038869
143.555 81.88404718329927
148.682 82.3474538383091
153.809 82.29541250439985
159.668 82.03993260111882
164.795 82.14710596762598
170.654 82.65602628650933
176.514 82.85550612547019
183.105 82.60298472084251
189.697 82.47398754906466
196.289 82.7522464713256
202.881 82.51014834382853
210.205 82.35564334973304
217.529 82.65860557501863
225.586 82.3900934398306
232.91 82.44333999516189
241.699 82.6326454071635
249.756 82.931299729334
258.545 83.95370639277914
268.066 83.35964349913709
277.588 83.3199755571243
287.109 82.75200698993541
297.363 82.74690129828942
307.617 83.84005988367844
318.604 83.71403987760775
329.59 83.76250811260513
341.309 83.43515684823751
353.76 83.08200359563367
366.211 83.08909195357609
378.662 82.58375993464436
392.578 82.73850676702448
405.762 82.86317021488772
420.41 84.1434036669977
435.059 84.2867248686133
450.439 82.70136531302435
466.553 82.33658547071202
482.666 82.11189950815603
500.244 82.6142982677359
517.822 82.67654215035488
536.133 82.67546761965399
554.443 82.03035886137062
574.219 82.31057132882054
594.727 82.03899952737805
615.234 82.51122777486552
637.207 81.52274923784546
659.912 82.82461466623587
683.35 83.18678060372036
706.787 82.92259526758636
731.689 82.4893186972215
758.057 82.04036659671368
784.424 83.19997315769542
812.256 81.71670245514147
840.82 81.97952214118028
870.85 81.45721028387163
901.611 82.14871698987614
933.105 82.07509360089577
966.064 82.19278385135146
999.756 82.12856116767531
1034.91 82.34633796468975
1071.53 82.3937147406378
1109.62 81.61801228057622
1148.44 80.94630787076778
1189.45 80.96936220973507
1231.2 80.33706958642611
1274.41 80.4012213682954
1319.82 80.47043572409244
1365.97 80.27874055405898
1414.31 79.81002144467598
1464.11 80.15985776460482
1515.38 79.96492056285484
1568.85 79.9883710440966
1624.51 79.73252440858839
1681.64 80.08394603434365
1740.97 80.15838281252005
1802.49 80.09764799354961
1866.21 79.56396660663364
1932.13 81.0005522748298
2000.24 80.2492942132841
2070.56 80.378711448051
2143.8 78.8053695916011
2219.24 79.49600949877744
2297.61 78.99516339780351
2378.17 78.64664235858051
2462.4 78.23024485206177
2548.83 77.86685096651937
2638.92 77.45884890662754
2731.93 77.26925767818088
2828.61 78.3196202588104
2928.22 78.30721445670714
3031.49 78.36205033857948
3138.43 79.10889469240442
3249.02 79.26520481458624
3363.28 78.68077928733848
3481.93 78.66739097638838
3604.98 78.65384063251469
3732.42 78.94414381075849
3863.53 79.222077891716
3999.76 78.6977233194953
4141.11 79.30034956302543
4286.87 79.20925571946327
4438.48 78.8938102446624
4594.48 79.07628843474436
4757.08 79.24358116915393
4924.8 78.88235964626746
5098.39 79.12529357246024
5277.83 79.33003330190698
5463.87 79.53346544164525
5656.49 79.4456450660592
5856.45 79.36504860955685
6062.99 79.37243160637726
6276.86 78.73051592460266
6498.05 78.89415227701826
6727.29 78.7158554972973
6964.6 78.77449299031156
7209.96 78.5133922851298
7464.11 78.94848910551268
7727.78 78.2860064543104
8000.24 78.36868160839744
8282.23 77.80312893666738
8574.46 77.3784193730985
8876.22 77.56995120006594
9189.7 77.35089386410846
9513.43 77.23848341824542
9848.88 77.45725692823643
10196.8 77.760035644204
10556.4 77.90107599848196
10928.5 77.64834970038144
11313.7 76.5501541447677
11712.9 74.8488310122709
12126.0 73.5785145602944
12553.7 74.80337331644637
12996.1 76.17678744538114
13454.6 76.97896341966981
13928.5 77.53948169906499
14419.9 77.28989572333371
14928.2 76.95644136379501
15454.8 77.1164924367434
15999.8 77.25302718451071
16564.5 76.96573378428843
17148.2 76.39135293468618
17753.2 75.67103412442768
18379.4 75.36436603394554
19027.6 75.24601568839111
19698.5 74.3321540275774
19999.5 74.094035429298
