Freq "Sound Power"
22.4 54.61988603141903
23.0 54.80596429551376
23.6 54.998308679703584
24.0 55.13770845327362
25.0 55.30081578677154
25.8 55.43186150755743
26.5 55.559613177160074
27.2 55.67630039944602
28.0 55.78547171217387
29.0 55.878941783282514
30.0 55.96344896339342
30.7 56.03366406341955
31.5 56.10871217960768
32.5 56.185542248394015
33.5 56.21282302413552
34.5 56.25590718055339
35.5 56.2921378947422
36.5 56.343421295357714
37.5 56.38587323541812
38.7 56.53741212177415
40.0 56.95030241483245
41.2 57.755921881839825
42.5 59.05100396167116
43.7 60.616473143779004
45.0 62.29759249605793
46.2 63.96570562946083
47.5 65.54135550533073
48.7 67.09353656549904
50.0 68.67602942338743
51.5 70.36921209082136
53.0 72.1539504431871
54.5 73.93307054742817
56.0 75.4204630979133
58.0 76.47899513394033
60.0 77.02665613944295
61.5 77.24562548027434
63.0 77.36665061781032
65.0 77.68005857448777
67.0 78.23401921678506
69.0 79.00448581951547
71.0 79.74606957615404
73.0 80.38705674819997
75.0 80.86881982021366
77.5 81.16934745627903
80.0 81.38042887062095
82.5 81.59574665444892
85.0 81.91157936792743
87.5 82.32537004798765
90.0 82.77551916506012
92.5 83.19695655240373
95.0 83.51912137001891
97.5 83.68466575812157
100.0 83.74048048285611
103.0 83.7557394736093
106.0 83.80788675901351
109.0 83.90591429762705
112.0 84.04827134630797
115.0 84.19570952565913
118.0 84.33916974180481
122.0 84.44711197808456
125.0 84.43381542194159
128.0 84.27839092564882
132.0 83.98029805913232
136.0 83.63769333543316
140.0 83.43036253585088
145.0 83.39049027682957
150.0 83.52555069220826
155.0 83.68320607933946
160.0 83.79496974204524
165.0 83.85235140385115
170.0 83.85373930320401
175.0 83.85561251136659
180.0 83.83047082963601
185.0 83.83663066592347
190.0 83.8580878250531
195.0 83.89076592896122
200.0 83.92945671933649
206.0 83.87732662229898
212.0 83.71154297203226
218.0 83.43178745413418
224.0 83.03598038583094
230.0 82.65240615914047
236.0 82.40924341570503
240.0 82.40776084713268
250.0 82.609447782922
258.0 82.96634599846904
265.0 83.38054263587891
272.0 83.69136827468148
280.0 83.82816285872902
290.0 83.80057798566169
300.0 83.60680379516047
307.0 83.32502691690249
315.0 83.0094132077003
325.0 82.68769639855451
335.0 82.35686834890168
345.0 82.0210601853551
355.0 81.72264535669363
365.0 81.47009833674386
375.0 81.32267928456291
387.0 81.23744313871407
400.0 81.18950729679628
412.0 81.14584343819332
425.0 81.12241265508348
437.0 81.0722195973508
450.0 81.03428312243787
462.0 81.00628293281983
475.0 80.97074966454512
487.0 80.91745864885736
500.0 80.84778650785985
515.0 80.73425017373388
530.0 80.60069983978703
545.0 80.44884709052533
560.0 80.33290783726822
580.0 80.29001948366023
600.0 80.35739990401171
615.0 80.48719643956382
630.0 80.63398267225968
650.0 80.72761946733894
670.0 80.6850951630414
690.0 80.56426937704948
710.0 80.42160953864878
730.0 80.33594263780999
750.0 80.38164211964582
775.0 80.54939293688933
800.0 80.75878971250299
825.0 80.73538713080463
850.0 80.46989343292931
875.0 80.19712674560436
900.0 80.09398969738025
925.0 80.17850674160658
950.0 80.35887790811084
975.0 80.50781008266864
1000.0 80.53631412624017
1030.0 80.51644088899597
1060.0 80.46843746237995
1090.0 80.20775017039726
1120.0 79.63594472448997
1150.0 78.84552963298616
1180.0 77.98644441630881
1220.0 77.2163711206302
1250.0 76.65859110721985
1280.0 76.43609344299247
1320.0 76.53012054748451
1360.0 76.79259017234331
1400.0 77.0103854910778
1450.0 77.27943896955071
1500.0 77.34544411601513
1550.0 77.24475550818946
1600.0 77.47289003306375
1650.0 77.47305869686473
1700.0 77.29331240979337
1750.0 77.17465371379767
1800.0 76.85614146200858
1850.0 76.96634738543297
1900.0 77.08515074540314
1950.0 76.9832735509347
2000.0 77.03444206628036
2060.0 76.68142589233715
2120.0 76.23231703149949
2180.0 75.69719663174924
2240.0 75.16229151652963
2300.0 74.83629464340461
2360.0 74.74826761694582
2400.0 74.77033851790101
2500.0 74.73276709709934
2580.0 74.49656844397846
2650.0 74.27349901033462
2720.0 74.27815917360608
2800.0 74.44304650712186
2900.0 74.7641630449478
3000.0 75.08154826637406
3070.0 75.37247324477788
3150.0 75.52320301311168
3250.0 75.46384353926467
3350.0 75.31695603871792
3450.0 75.03179733606937
3550.0 74.80282533434949
3650.0 74.7182475753837
3750.0 74.7249070824027
3870.0 74.71865403584812
4000.0 74.63957913421953
4120.0 74.37604566598982
4250.0 73.99547797848876
4370.0 73.62811350932606
4500.0 73.43798570478752
4620.0 73.52039606620598
4750.0 73.78799173256373
4870.0 74.29729721360614
5000.0 74.93725784958058
5150.0 75.63645845669322
5300.0 76.2321345217196
5450.0 76.53211020412353
5600.0 76.29488589208303
5800.0 75.8127644407199
6000.0 75.3613460970899
6150.0 75.26821830414936
6300.0 75.71291317715178
6500.0 76.27246177786569
6700.0 76.25732175088628
6900.0 75.62416478479015
7100.0 74.63184314831447
7300.0 73.90286957898135
7500.0 73.74494619045096
7750.0 74.1152610997958
8000.0 74.661760849232
8250.0 74.50491105017258
8500.0 74.04925120273725
8750.0 73.68042444681396
9000.0 73.84510594014513
9250.0 74.43742942548974
9500.0 74.94290475238184
9750.0 75.18868400571286
10000.0 75.34633760145991
10300.0 75.2395226830075
10600.0 74.80347295441884
10900.0 74.61128868826914
11200.0 74.38925038398828
11500.0 74.33971722299626
11800.0 74.78266859689415
12200.0 75.16827481747819
12500.0 75.29163417064727
12800.0 75.82228392272026
13200.0 75.99534508795594
13600.0 76.34748142596261
14000.0 76.32201114390438
14500.0 76.20647355339126
15000.0 75.8241836757848
15500.0 75.00254524951599
16000.0 75.27505755799025
16500.0 75.01519257279912
17000.0 74.95428270194063
17500.0 74.53119605052787
18000.0 73.58684739308289
18500.0 72.86700986432652
19000.0 71.4785939157883
19500.0 70.24041899538747
