Freq "Early Reflections DI"
20.5078 49.6628503941314
21.9727 49.66095932528367
23.4375 49.706765811729966
24.9023 49.6831078124403
26.3672 49.7015787732757
27.832 49.74410152748173
29.2969 49.783001422004176
30.7617 49.751808975197704
32.2266 49.76108526644562
33.6914 49.76561587689383
35.1562 49.74401339801729
36.6211 49.7427247798996
38.0859 49.77614020798087
39.5508 49.81437870687431
41.0156 49.794569842747734
42.4805 49.80660670349556
43.9453 49.82172740314857
45.4102 49.830048929895966
46.875 49.84238576496409
48.3398 49.85589010058251
51.2695 49.852453667631536
52.7344 49.77788317073657
54.1992 49.80845362840577
55.6641 49.92949577624964
58.5938 49.905108645424036
60.0586 49.91226167200338
62.9883 49.94246111372854
64.4531 49.966809789852974
67.3828 49.960425061762606
68.8477 49.944281771318884
71.7773 49.99460669223508
74.707 50.03235427941384
77.6367 50.04967955466947
79.1016 50.06252245997828
82.0312 50.09644289743311
84.9609 50.1310077862051
87.8906 50.125759267091055
90.8203 50.16682297398164
95.2148 50.238143887208295
98.1445 50.292376876996514
101.074 50.332667602242125
105.469 50.364931154860514
108.398 50.39049030708844
112.793 50.43355373461064
117.188 50.48088312660404
120.117 50.49402329785647
124.512 50.584821881201734
128.906 50.63681730124608
133.301 50.6656303489296
139.16 50.7258300698949
143.555 50.77744525263361
147.949 50.8134680800498
153.809 50.870765353399634
159.668 50.88939392472692
165.527 51.051085049460454
171.387 50.994026555687796
177.246 51.09201324578147
183.105 51.12107153445389
188.965 51.173561872069996
196.289 51.24118893465926
203.613 51.2766957201607
210.938 51.37136574609187
218.262 51.293100550929765
225.586 51.32772927416573
232.91 51.38023144037277
241.699 51.42513906194662
250.488 51.48238125214009
259.277 51.45093730756885
268.066 51.28425778043729
276.855 51.45718995596235
287.109 51.403760481487936
297.363 51.43481883436836
307.617 51.24227182770112
319.336 51.37039653878767
329.59 51.28383394750122
341.309 51.40244006868133
353.027 51.45179440186661
366.211 51.35199042264868
379.395 51.332704896972714
392.578 51.38132252409136
405.762 51.26140488642584
420.41 51.38394439136759
435.059 51.52858972115621
451.172 51.56472571181288
465.82 51.20436586077773
483.398 51.74329998704964
499.512 51.27771040574032
517.09 51.29078054486227
536.133 51.60440539782384
555.176 51.62032991383788
574.219 51.95147177987003
594.727 51.49332725181294
615.234 52.2273133105417
637.207 51.8967178404242
659.18 51.77966671816287
682.617 52.24735976159826
707.52 52.04957586797491
732.422 51.624070373562475
757.324 52.311079575381456
785.156 51.72630099979331
811.523 51.95697947737854
840.82 51.906610040836725
870.117 51.6838759142405
900.879 51.6977150670854
933.105 51.69948696452637
965.332 51.727553139995564
1000.49 51.49067250358871
1035.64 51.74198262429286
1072.27 51.811792950113926
1108.89 51.95890144578959
1148.44 51.93170825705346
1189.45 52.04304463423148
1230.47 51.7600272629941
1274.41 52.00400861861493
1319.82 52.51613341012235
1366.7 52.57661838673954
1413.57 53.01018936420752
1463.38 53.19359053453638
1516.11 53.21087191372264
1568.85 53.46412126008774
1624.51 53.96566317700794
1681.64 54.23476140270333
1741.7 54.188310645311304
1803.22 53.97386902465935
1866.21 53.924459190291245
1932.13 53.779942112092854
1999.51 53.290153767685695
2069.82 53.40442832312566
2143.07 53.688086551226164
2219.24 53.1958875148414
2296.88 53.087088728745755
2378.91 53.5002060980443
2462.4 53.68323072951985
2548.83 53.512303436105555
2639.65 53.58303725769147
2731.93 53.65042647864644
2828.61 53.62820184119724
2928.22 53.56670205261992
3030.76 53.76799044961945
3137.7 53.696467152436824
3249.02 53.68107596117048
3363.28 53.4026154784746
3481.93 53.45688889028462
3604.98 53.19041492395826
3732.42 53.34468954544646
3864.26 53.34180307151479
4000.49 53.3096644368199
4141.11 53.40304461685757
4287.6 53.37328487514901
4438.48 53.468270446042496
4595.21 53.53733350472753
4756.35 53.38641320628459
4924.8 53.4755541288192
5097.66 53.505680491267825
5277.83 53.49402277592473
5463.87 53.64006452500951
5657.23 53.75516172425553
5856.45 53.75654802079384
6062.99 53.627092862610255
6276.86 53.542101511488056
6498.05 53.560943020144066
6726.56 53.525214974618265
6963.87 53.54715008662694
7209.96 53.44428722642385
7464.84 53.29958388723077
7727.05 53.171044522371275
7999.51 53.16365396083731
8282.23 53.283911516556955
8573.73 53.43236024323204
8876.95 53.510604950753745
9188.96 53.531180725613524
9514.16 53.490498436816594
9849.61 53.47742315466144
10196.8 53.685303444537254
10555.7 53.76188921913442
10927.7 53.86957139740991
11313.0 53.96230102976199
11712.9 54.14124919609786
12126.0 54.27298393028559
12553.7 54.34844835983459
12996.1 54.41891100171222
13454.6 54.44297611463507
13929.2 54.36928879666915
14419.9 54.31444153539128
14928.2 54.339145117516296
15455.6 54.25503682543814
16000.5 54.09677544748928
16564.5 54.01240711727101
17148.9 54.13974449352524
17752.4 54.27286941821325
18379.4 54.35214642236966
19026.9 54.55724567746219
19697.8 54.78895097189441
19999.5 54.88425206982194
