Freq "Early Reflections DI"
20.5078 38.4234686230009
21.9727 39.180059146786874
23.4375 39.747294758030904
24.9023 39.847837583161606
26.3672 39.84433041024627
27.832 39.942904090850476
29.2969 40.044417983562084
30.7617 40.189698853984794
32.2266 40.13659111112946
33.6914 40.138383619580054
35.1562 40.15966668769704
36.6211 40.154419906187044
38.0859 40.15773715996846
39.5508 40.151794525204025
41.0156 40.153503319311326
42.4805 40.16067991202753
43.9453 40.16303027249619
45.4102 40.168891086579336
46.875 40.12441028752664
48.3398 40.16307455401285
51.2695 40.174067740361366
52.7344 40.17774994386491
54.1992 40.16982432360044
55.6641 40.171692393585374
58.5938 40.19936366442067
60.0586 40.21048843638221
62.9883 40.2031160778581
64.4531 40.200235679036524
67.3828 40.204968104867675
68.8477 40.20687571607705
71.7773 40.20207435209666
74.707 40.22082645179685
77.6367 40.23654016236074
79.1016 40.228738027319395
82.0312 40.201060713659004
84.9609 40.24189849445793
87.8906 40.2644505267975
90.8203 40.23976627145488
95.2148 40.255503260856244
98.1445 40.24692114089943
101.074 40.24917148303926
105.469 40.25505893449312
108.398 40.25524450690055
112.793 40.26567453753995
117.188 40.30126076797728
120.117 40.35963989786852
124.512 40.401201221933675
128.906 40.37665615085518
133.301 40.37789477878076
139.16 40.35877745651953
143.555 40.44863093440043
147.949 40.43630720465089
153.809 40.438293615520635
159.668 40.45956572028712
165.527 40.51345470041778
171.387 40.51676653741603
177.246 40.47170471978113
183.105 40.46340736739896
188.965 40.487795955526295
196.289 40.508538502275016
203.613 40.574716290969036
210.938 40.64656532482401
218.262 40.63044087145083
225.586 40.603437315052886
232.91 40.70459019522805
241.699 40.78698935180877
250.488 40.870857893480235
259.277 40.712044552417325
268.066 40.68777254683056
276.855 40.59566415881129
287.109 40.69130289297762
297.363 41.09069226169288
307.617 41.10000478224045
319.336 41.069741605835915
329.59 41.15282198483695
341.309 41.066608198877034
353.027 41.14322430828561
366.211 41.291719516534556
379.395 41.41424155305907
392.578 41.39101230833269
405.762 41.1836752291879
420.41 41.13805137186209
435.059 41.159365556144934
451.172 41.2080354583933
465.82 41.449517922311216
483.398 41.346124173209304
499.512 41.230210821202334
517.09 41.29627738159428
536.133 41.131922554721
555.176 41.210231459058335
574.219 41.57807453176633
594.727 41.52130605917368
615.234 41.557540912188045
637.207 41.248575985433035
659.18 41.7403016799353
682.617 41.576313195597464
707.52 41.5456674093806
732.422 42.23684842120116
757.324 41.391967236551125
785.156 42.45293380689769
811.523 41.65266804192396
840.82 42.31093084502501
870.117 42.733799574335336
900.879 42.468558038363796
933.105 42.787924577389575
965.332 42.459997308177904
1000.49 42.78025869465368
1035.64 42.35062547585132
1072.27 42.5813266096564
1108.89 42.94255342671414
1148.44 42.71849516920477
1189.45 42.818874306385624
1230.47 42.88794382546172
1274.41 42.970933578275506
1319.82 42.90025491424457
1366.7 42.914769110756254
1413.57 42.60821962339759
1463.38 41.38419387738438
1516.11 42.81510500183563
1568.85 43.324890108118595
1624.51 43.36777223804445
1681.64 43.95850848992653
1741.7 44.4351261426243
1803.22 44.59686968761153
1866.21 44.90845526401995
1932.13 45.027435697238815
1999.51 44.9952249842094
2069.82 45.02731309097365
2143.07 45.09744528157374
2219.24 44.66857026994816
2296.88 44.66146909368864
2378.91 44.54424551805832
2462.4 44.714169593292766
2548.83 44.58174779437675
2639.65 44.4907618964495
2731.93 44.33395655090186
2828.61 44.4100599295228
2928.22 44.569600619241086
3030.76 44.343375143097646
3137.7 43.98351172862324
3249.02 43.9323480246847
3363.28 43.747548484945966
3481.93 43.8899261255429
3604.98 43.97080319550989
3732.42 43.6538525862958
3864.26 43.2441540849929
4000.49 43.55477597337027
4141.11 44.026697212552264
4287.6 43.77695954783806
4438.48 43.71558474387865
4595.21 43.85016265556858
4756.35 44.15513239290911
4924.8 44.13802186934289
5097.66 44.038983493247
5277.83 44.31593619876338
5463.87 44.28860926733232
5657.23 44.1441763848365
5856.45 44.15361431215565
6062.99 43.882725628017724
6276.86 43.86270852510634
6498.05 44.01423788513459
6726.56 44.15060789054283
6963.87 44.13518668698373
7209.96 44.253563486018535
7464.84 44.46098143581082
7727.05 44.54422451961774
7999.51 44.518823156268766
8282.23 44.65176073311736
8573.73 44.78859953606303
8876.95 44.79679164840151
9188.96 44.89307709889229
9514.16 45.046645402128334
9849.61 45.09234599435591
10196.8 45.14137414670638
10555.7 45.12049788398474
10927.7 44.96759186607967
11313.0 44.620471055505305
11712.9 44.28113837191489
12126.0 43.96951239010697
12553.7 43.83519400929225
12996.1 44.009215118320554
13454.6 44.26181462417006
13929.2 44.51460278939078
14419.9 44.769941586227205
14928.2 44.98047832197766
15455.6 45.18308184466986
16000.5 45.39285207548765
16564.5 45.51423945294664
17148.9 45.663313432855915
17752.4 45.8124721312943
18379.4 45.912950552973456
19026.9 45.98076900510286
19697.8 46.03950311523603
19999.5 46.10917926621164
