Freq "Ceiling Bounce"
22.4 39.772871962125905
23.0 43.92799825355813
23.6 50.63631274906946
24.0 54.051542057433494
25.0 55.58016384676732
25.8 57.24493320431458
26.5 58.23290226973745
27.2 55.204294718962785
28.0 53.014808224216424
29.0 50.82942116690792
30.0 49.85410086606011
30.7 54.07928732607435
31.5 57.22926676879425
32.5 59.18219671845803
33.5 57.78239860760776
34.5 57.09188145404555
35.5 57.00963256681624
36.5 57.31659062692786
37.5 57.5226473439797
38.7 57.87746480000641
40.0 59.21456554816942
41.2 60.45859064383602
42.5 61.408337047117854
43.7 62.177785894377095
45.0 63.58573603864208
46.2 66.69126490972918
47.5 69.05062677393535
48.7 68.50450671220274
50.0 68.2656245908109
51.5 68.22349685065981
53.0 68.81430637862285
54.5 69.44935766478274
56.0 70.11430637862284
58.0 70.94415774934853
60.0 71.70986628672333
61.5 72.34576719438472
63.0 72.85017075212573
65.0 73.38493492460852
67.0 73.61592692226708
69.0 73.87609175449224
71.0 74.43663575667189
73.0 74.87001488257478
75.0 75.26845083805435
77.5 75.40076749445565
80.0 75.43358982688
82.5 75.30000000000003
85.0 75.20000000000003
87.5 75.00000000000004
90.0 75.00000000000004
92.5 75.03358982688
95.0 74.86692185116051
97.5 74.76692185116052
100.0 74.86692185116051
103.0 74.76692185116052
106.0 74.90000000000002
109.0 74.93358982688001
112.0 75.00076749445563
115.0 75.10076749445565
118.0 75.03358982688
122.0 74.96692185116054
125.0 74.76769521305296
128.0 74.63358982688
132.0 74.40076749445565
136.0 74.20076749445565
140.0 73.93513059177985
145.0 73.67001488257479
150.0 73.53513059177985
155.0 73.43513059177985
160.0 73.47150800786942
165.0 73.63821129888744
170.0 73.63821129888744
175.0 73.5738796122282
180.0 73.60690501035462
185.0 73.44283030471976
190.0 73.04898514879554
195.0 72.64898514879553
200.0 72.26096514237184
206.0 71.76096514237186
212.0 71.49897445130927
218.0 71.49897445130927
224.0 71.99897445130928
230.0 72.57082970284301
236.0 72.96096514237185
240.0 73.19897445130928
250.0 73.43752777300031
258.0 73.5375277730003
265.0 73.33752777300029
272.0 72.96096514237185
280.0 72.38982856673475
290.0 71.91916705502756
300.0 71.88219967332307
307.0 72.08219967332307
315.0 72.44898514879553
325.0 72.68623512455241
335.0 71.8658884605969
345.0 70.98888547155005
355.0 70.91792789764853
365.0 71.25999961744994
375.0 70.82102614963509
387.0 70.57100612011483
400.0 71.69237898809803
412.0 72.20942248426022
425.0 72.44898359150845
437.0 72.58982856673475
450.0 72.80690501035461
462.0 73.56845083805435
475.0 73.47609175449223
487.0 73.34576719438472
500.0 73.48219967332307
515.0 73.35667255930053
530.0 73.37662798253908
545.0 74.38888547155007
560.0 75.25062128010367
580.0 75.94258273663017
600.0 76.47584607527149
615.0 76.21832544184974
630.0 74.88098490550682
650.0 74.63638088039147
670.0 74.52696820294231
690.0 72.99070778066617
710.0 72.37951478283853
730.0 72.03288092656526
750.0 71.31411392837599
775.0 69.9521876129241
800.0 69.2262648775009
825.0 68.50609330848391
850.0 66.54796443729298
875.0 65.8324347560475
900.0 67.20937829065059
925.0 66.84090753602634
950.0 65.24412885328628
975.0 63.06419800295966
1000.0 64.98982856673474
1030.0 67.8940896379057
1060.0 68.40464358834798
1090.0 68.29408963790569
1120.0 67.86194729184089
1150.0 68.37872996753792
1180.0 68.52585044351927
1220.0 69.79430925610407
1250.0 69.96226919657725
1280.0 69.16001642302821
1320.0 68.42952165428783
1360.0 67.62681138838013
1400.0 67.44640695475523
1450.0 67.67960121433462
1500.0 68.22926530883572
1550.0 69.17960121433462
1600.0 68.28528746757077
1650.0 66.91832710287036
1700.0 66.60125229338917
1750.0 66.76644862347798
1800.0 65.86700329440792
1850.0 65.73741786327004
1900.0 66.0989153199262
1950.0 66.6575028211043
2000.0 66.44937946360115
2060.0 66.29533835619038
2120.0 67.44912790184534
2180.0 67.28573451953459
2240.0 65.79980341180728
2300.0 64.68053254533694
2360.0 64.39628374205208
2400.0 64.45681158542006
2500.0 64.70189694427167
2580.0 65.03638088039146
2650.0 64.83969464565389
2720.0 64.80901938277002
2800.0 65.624576725845
2900.0 66.4658884605969
3000.0 66.76194697319565
3070.0 65.78382160833154
3150.0 64.15274994214363
3250.0 63.266720736860634
3350.0 63.58383120208383
3450.0 63.21869494070853
3550.0 63.27967467607094
3650.0 63.11168630284831
3750.0 61.72049023660607
3870.0 61.608703896379794
4000.0 60.96588846059689
4120.0 62.02402487026025
4250.0 61.50091389014044
4370.0 61.66988862982346
4500.0 62.55744034337985
4620.0 63.009991084974644
4750.0 62.900641482472096
4870.0 63.46534188731525
5000.0 63.32854947575147
5150.0 63.876440701927436
5300.0 63.031842093791894
5450.0 61.96053543727173
5600.0 61.8226335239236
5800.0 62.45761793698331
6000.0 62.12536925857937
6150.0 61.757399299195
6300.0 61.50752380785647
6500.0 61.8643368818294
6700.0 60.41590409074372
6900.0 59.68988236549819
7100.0 58.955512164689864
7300.0 59.272561705390544
7500.0 60.34179998067984
7750.0 60.300809197736726
8000.0 59.80037592795048
8250.0 59.30664270106334
8500.0 59.54820073783068
8750.0 59.929988173025066
9000.0 60.55771722551391
9250.0 60.20411342997254
9500.0 57.97654672910751
9750.0 56.70167684604729
10000.0 59.94266438530772
10300.0 60.79833448413176
10600.0 59.926119262526626
10900.0 60.643899963492856
11200.0 59.88230982851111
11500.0 60.0168249365296
11800.0 60.70996605888055
12200.0 59.014113928376005
12500.0 58.60982497954383
12800.0 54.7183738076732
13200.0 58.360215210313
13600.0 59.22612268388518
14000.0 56.09909306428192
14500.0 51.93249005336115
15000.0 58.405668952100356
15500.0 62.00699206786126
16000.0 65.17491970400418
16500.0 60.67756727379651
17000.0 64.963759129329
17500.0 56.38805769701152
18000.0 53.45206000485608
18500.0 53.1396695669046
19000.0 47.93966113069753
19500.0 51.12245276659233
