Freq "Floor Bounce"
22.4 -182.59999999999997
23.0 -182.59999999999997
23.6 -182.59999999999997
24.0 -182.59999999999997
25.0 -182.59999999999997
25.8 -182.59999999999997
26.5 -182.59999999999997
27.2 -182.59999999999997
28.0 -182.59999999999997
29.0 -182.59999999999997
30.0 -182.59999999999997
30.7 -182.59999999999997
31.5 -182.59999999999997
32.5 -182.59999999999997
33.5 79.0517743753474
34.5 79.5517743753474
35.5 80.00962251076207
36.5 80.50962251076206
37.5 80.97584607527148
38.7 81.50962251076207
40.0 82.00962251076206
41.2 82.53392832814568
42.5 83.03392832814566
43.7 83.63392832814567
45.0 84.13392832814566
46.2 84.69257011413609
47.5 85.25866027600833
48.7 85.81753803239934
50.0 86.31753803239934
51.5 86.8429397936019
53.0 87.34293979360191
54.5 87.7429397936019
56.0 88.1429397936019
58.0 88.40261155895365
60.0 88.5687803399679
61.5 88.62869245367796
63.0 88.5687803399679
65.0 88.42869245367797
67.0 88.25521969308379
69.0 88.41592538879982
71.0 88.44314826109435
73.0 88.44314826109435
75.0 88.37082970284297
77.5 88.23257218046558
80.0 88.06096514237183
82.5 87.93257218046558
85.0 87.76096514237182
87.5 87.6234968506598
90.0 87.4234968506598
92.5 87.22349685065979
95.0 87.08982856673471
97.5 86.9234968506598
100.0 86.82349685065981
103.0 87.02349685065981
106.0 87.15260953202217
109.0 87.32349685065981
112.0 87.35260953202219
115.0 87.45260953202218
118.0 87.5234968506598
122.0 87.5234968506598
125.0 87.55260953202216
128.0 87.55260953202216
132.0 87.6234968506598
136.0 87.75260953202218
140.0 87.8234968506598
145.0 87.9234968506598
150.0 88.02349685065981
155.0 88.08982856673472
160.0 88.16096514237184
165.0 88.22349685065979
170.0 88.22349685065979
175.0 88.26096514237182
180.0 88.26096514237182
185.0 88.26096514237182
190.0 88.26096514237182
195.0 88.26096514237182
200.0 88.26096514237182
206.0 88.16096514237184
212.0 88.06096514237183
218.0 87.96096514237182
224.0 87.86096514237182
230.0 87.79897445130925
236.0 87.59897445130926
240.0 87.39897445130926
250.0 87.27082970284297
258.0 87.09897445130926
265.0 86.89897445130924
272.0 86.67082970284298
280.0 86.5096325668162
290.0 86.3096325668162
300.0 86.14314826109434
307.0 86.00963256681621
315.0 85.80963256681619
325.0 85.70963256681621
335.0 85.6096325668162
345.0 85.58219812790054
355.0 85.44898359150844
365.0 85.4096325668162
375.0 85.37082970284298
387.0 85.39897445130924
400.0 85.39897445130924
412.0 85.45667255930051
425.0 85.51916705502754
437.0 85.61916705502753
450.0 85.68219967332305
462.0 85.75260953202216
475.0 85.85260953202219
487.0 85.82349685065981
500.0 85.82349685065981
515.0 85.73257218046558
530.0 85.60464502318536
545.0 85.51592538879983
560.0 85.32869245367796
580.0 85.25866027600833
600.0 85.17584607527145
615.0 85.2710674427392
630.0 85.36941986366728
650.0 85.53753193576905
670.0 85.76251322065521
690.0 85.94197022557485
710.0 86.08888863538651
730.0 86.26893616304386
750.0 86.33638088039145
775.0 86.36893616304387
800.0 86.46893616304386
825.0 86.52180052683973
850.0 86.62180052683973
875.0 86.72180052683974
900.0 86.84197022557483
925.0 86.9625132206552
950.0 87.09562483724393
975.0 87.21638770313007
1000.0 87.33753193576905
1030.0 87.43753193576904
1060.0 87.5590626365751
1090.0 87.6809849055068
1120.0 87.8361070797735
1150.0 87.9694198636673
1180.0 88.1361070797735
1220.0 88.29179815677406
1250.0 88.39179815677409
1280.0 88.54805664755615
1320.0 88.64805664755616
1360.0 88.7254512340871
1400.0 88.80324612052704
1450.0 88.80324612052704
1500.0 88.78143621591467
1550.0 88.66001642302817
1600.0 88.56001642302817
1650.0 88.38382992528653
1700.0 88.16338775251363
1750.0 87.84331750677855
1800.0 87.49735269262824
1850.0 86.9567134496405
1900.0 86.42129830443605
1950.0 85.91274087273614
2000.0 85.36078125161693
2060.0 84.97933366509989
2120.0 84.71125880867919
2180.0 84.398029163059
2240.0 84.06613617392298
2300.0 83.51182105854467
2360.0 82.8435474296124
2400.0 81.8898958452688
2500.0 80.88254923409677
2580.0 79.81858194592878
2650.0 78.96421280875619
2720.0 78.33999658075805
2800.0 78.3219993670211
2900.0 78.95521969308379
3000.0 79.89238562216104
3070.0 80.97346990883564
3150.0 81.92602452356692
3250.0 82.70721172860908
3350.0 83.17844806017692
3450.0 83.32457993687896
3550.0 83.47654672910747
3650.0 83.69110023599707
3750.0 83.97901969700523
3870.0 84.21177744949755
4000.0 84.32298087632361
4120.0 84.39736051976007
4250.0 84.55206000485603
4370.0 84.88206819773609
4500.0 85.12680426515607
4620.0 85.3022520696168
4750.0 85.27450358348685
4870.0 85.27455057370108
5000.0 85.40464912211596
5150.0 85.57106744273919
5300.0 85.6361070797735
5450.0 85.70851320750933
5600.0 85.85872457742296
5800.0 86.3412305303684
6000.0 86.87825745704102
6150.0 86.84743899086735
6300.0 86.5944886893229
6500.0 86.56941986366729
6700.0 86.05522280896298
6900.0 85.87455057370107
7100.0 86.32330268140093
7300.0 86.24934890169722
7500.0 86.12924838946486
7750.0 86.13898164121285
8000.0 85.84511953779136
8250.0 85.66893802673273
8500.0 85.78575332848852
8750.0 85.74935077381053
9000.0 85.86893802673272
9250.0 85.5387151104092
9500.0 85.2760528997687
9750.0 85.43012365263647
10000.0 85.50209054318675
10300.0 85.58528746757074
10600.0 85.8205727933722
10900.0 85.98575332848851
11200.0 85.87506303171669
11500.0 85.6205727933722
11800.0 85.32057279337221
12200.0 84.88528746757073
12500.0 84.33805552087092
12800.0 84.2205727933722
13200.0 84.06053543727168
13600.0 83.44214978057114
14000.0 82.82712108809373
14500.0 82.46423540208855
15000.0 80.91657677405327
15500.0 79.34264771893206
16000.0 76.66527952310017
16500.0 73.72340014068536
17000.0 73.93060038152964
17500.0 74.41016384462655
18000.0 75.16531718637124
18500.0 77.0134796001795
19000.0 78.05107010056068
19500.0 74.97138090077
