Freq "Sound Power"
20.5078 64.56575837576476
21.9727 67.95065132372939
23.4375 68.9859768969993
24.9023 72.35086176778016
26.3672 75.21545347888646
27.832 77.94799599758645
29.2969 80.62295510039763
30.7617 83.02304218045965
32.2266 85.57021080893688
33.6914 87.70114791847175
35.1562 89.56354398253845
36.6211 91.2005702576515
38.0859 92.5434908142756
39.5508 93.50557346667583
41.0156 94.05245597584361
42.4805 94.47351221021496
43.9453 94.72997991139722
45.4102 94.85221487294095
46.875 94.85644730198827
48.3398 94.73719236221838
51.2695 94.47649050865293
52.7344 94.3831662470742
54.1992 94.32987145990606
55.6641 94.30364420472772
58.5938 94.18179646292681
60.0586 94.14276715041818
62.9883 94.06398457677223
64.4531 94.04040480552996
67.3828 93.9957859542311
68.8477 93.97749019839475
71.7773 94.0035939911787
74.707 94.07297671632253
77.6367 94.09905626568612
79.1016 94.08989901835679
82.0312 94.05472329383474
84.9609 93.92917482152549
87.8906 94.03636224783794
90.8203 94.0490978181486
95.2148 93.9013848016742
98.1445 93.89096668957846
101.074 93.86664471850595
105.469 93.65183426784282
108.398 93.84630215249815
112.793 93.91699337401643
117.188 94.06907468089176
120.117 94.02368149301223
124.512 93.83776754668142
128.906 93.76477571546475
133.301 93.61554983934819
139.16 93.43432616473719
143.555 93.31779864785696
147.949 93.30395974101216
153.809 93.12385899286114
159.668 93.06115386965423
165.527 92.9548281551096
171.387 92.70048455702249
177.246 92.55227344054497
183.105 92.32056219719097
188.965 92.27016757743006
196.289 92.48853209664681
203.613 92.24700727656916
210.938 92.05299670707028
218.262 92.11809744045556
225.586 92.19879850003136
232.91 92.15623886536851
241.699 92.09950549558222
250.488 91.83776652112175
259.277 92.00509133692354
268.066 91.64530841013705
276.855 91.60409590591946
287.109 91.71494935044161
297.363 91.82816799018185
307.617 91.55501487371876
319.336 91.39364476510531
329.59 91.28370581864873
341.309 90.94536108714524
353.027 90.8708496879509
366.211 90.98685439234916
379.395 91.12482358345123
392.578 90.69059944699087
405.762 90.35395811660793
420.41 90.81259448088262
435.059 90.64954574899285
451.172 90.51912058558038
465.82 90.30850500435182
483.398 89.69591489207355
499.512 89.62192810309811
517.09 89.67564165393217
536.133 89.77924194758582
555.176 90.90064520700683
574.219 91.56564686323382
594.727 90.86470398333272
615.234 89.96279903971373
637.207 89.24466634298155
659.18 88.9936623732954
682.617 89.45855819792864
707.52 89.88585080515789
732.422 89.19531918099113
757.324 88.7304668399456
785.156 88.65690576232753
811.523 88.51999274887324
840.82 88.42458816857804
870.117 88.7090876736345
900.879 89.03298998282987
933.105 88.25024153623339
965.332 88.15892329794109
1000.49 89.65885493901486
1035.64 89.82397595894452
1072.27 89.41623704729489
1108.89 89.39003044282329
1148.44 88.9430433618749
1189.45 88.82288243973038
1230.47 88.3607073245577
1274.41 87.95381993664907
1319.82 87.65368887375645
1366.7 87.39745507086666
1413.57 87.20757549991554
1463.38 86.98176980110706
1516.11 86.3364761841248
1568.85 85.98521081123141
1624.51 87.02695907435464
1681.64 86.33108650832159
1741.7 85.56093473519542
1803.22 85.45329214860011
1866.21 84.85563835470809
1932.13 83.95249763083685
1999.51 83.61235602863117
2069.82 83.23194864371015
2143.07 83.68286070542136
2219.24 84.40485083749306
2296.88 84.14818348007397
2378.91 83.97134061413777
2462.4 84.65664982054793
2548.83 85.78612122646705
2639.65 86.1886061226715
2731.93 86.37693908424299
2828.61 86.56147733342992
2928.22 86.38308928910102
3030.76 86.6059880985131
3137.7 87.14141732498906
3249.02 87.50409968537097
3363.28 87.49042999645569
3481.93 88.16126891322891
3604.98 88.9141652034523
3732.42 88.88710770864613
3864.26 88.7494397408093
4000.49 89.26429317241792
4141.11 89.255032678822
4287.6 88.95741626702932
4438.48 85.95240333848555
4595.21 82.84060355385698
4756.35 84.82822098708945
4924.8 86.19815334942007
5097.66 86.93556199023698
5277.83 86.64305896520968
5463.87 86.95685293301229
5657.23 87.37949737952242
5856.45 87.2584603873626
6062.99 87.42608384753363
6276.86 87.05098316778131
6498.05 86.24990530548557
6726.56 86.14143495322213
6963.87 86.23470234926154
7209.96 86.91711041678796
7464.84 86.74254742948987
7727.05 86.90915234476395
7999.51 86.6409323405678
8282.23 86.43347080923682
8573.73 86.17967487549326
8876.95 85.49804767005112
9188.96 85.4648709669848
9514.16 85.06757631230381
9849.61 85.01249942006115
10196.8 84.46404306951383
10555.7 84.0948734559929
10927.7 84.20356529747312
11313.0 84.46787498678762
11712.9 84.25030498368695
12126.0 84.15599002041316
12553.7 84.085500295493
12996.1 83.62565494495061
13454.6 82.80004917820649
13929.2 82.01447499273687
14419.9 82.09077733935
14928.2 82.6023926166479
15455.6 82.55000997115407
16000.5 83.13228719795906
16564.5 82.59047655070238
17148.9 81.76125377585146
17752.4 81.5143343483734
18379.4 81.75233549796862
19026.9 80.68709845123888
19697.8 80.31097956279284
19999.5 80.18065439295124
