Freq "Sound Power DI"
20.0 29.963254027791265
20.2909 29.97101197547383
20.586 29.975871515293193
20.8855 29.978492376320304
21.1893 29.978106248442487
21.4975 29.974811770549337
21.8102 29.96867551390656
22.1274 29.960436623940126
22.4492 29.950493084199707
22.7758 29.938355083795813
23.1071 29.924954149859786
23.4432 29.910619539546587
23.7841 29.896639208426336
24.1301 29.883176057361197
24.4811 29.870983806298028
24.8372 29.860670273409966
25.1984 29.852226853936827
25.5649 29.847402620362033
25.9368 29.844895312963615
26.3141 29.845906999905736
26.6968 29.850206533007906
27.0851 29.85740218386522
27.4791 29.86703613279937
27.8788 29.879404187872694
28.2843 29.89230018115569
28.6957 29.90602629340853
29.1131 29.920103620912528
29.5365 29.932959065140096
29.9661 29.944590051541468
30.402 29.95461458294909
30.8442 29.96180397595731
31.2929 29.966594111700914
31.748 29.96926619825112
32.2098 29.97059038623891
32.6783 29.969913042210408
33.1536 29.968490320842733
33.6359 29.96647876632477
34.1251 29.96601851372924
34.6215 29.96593748755936
35.125 29.967717075607027
35.6359 29.97183622149433
36.1543 29.976754612091412
36.6802 29.98318799227758
37.2137 29.990748345499327
37.755 29.998037993433456
38.3041 30.004473971463938
38.8613 30.00993457769553
39.4265 30.01341374543628
40.0 30.014794417330393
40.5818 30.01482871597466
41.1721 30.013157045341018
41.771 30.01046217386542
42.3785 30.008655970330267
42.9949 30.006836852383287
43.6203 30.007488130684777
44.2548 30.010409222219522
44.8985 30.014788255431057
45.5515 30.021156394850408
46.2141 30.028686563534563
46.8863 30.036645283717235
47.5683 30.04358108475131
48.2602 30.049408038195068
48.9621 30.052616345486243
49.6743 30.05379531323905
50.3968 30.053503051755598
51.1299 30.051589004566537
51.8736 30.048928375762358
52.6281 30.046597778347106
53.3936 30.045375312026763
54.1702 30.04562733496209
54.9581 30.047060479473018
55.7575 30.049908941403274
56.5685 30.053928133725208
57.3914 30.05884399334748
58.2261 30.06413039555504
59.073 30.069797608123707
59.9323 30.075339736013262
60.804 30.08019302954925
61.6884 30.08352746664451
62.5857 30.08634462715672
63.496 30.087164139745738
64.4196 30.086871710399365
65.3566 30.08606114812804
66.3073 30.0856551121216
67.2717 30.085723532825398
68.2502 30.087521745621714
69.2429 30.089994778976347
70.2501 30.09192229211618
71.2719 30.092368819321848
72.3086 30.091041678694438
73.3603 30.088363622314446
74.4274 30.0850854938369
75.5099 30.083181088700698
76.6083 30.08345210548677
77.7226 30.08612467397208
78.8531 30.088578393342488
80.0 30.088863351094986
81.1636 30.085487688617036
82.3442 30.077949734786444
83.5419 30.070479669581644
84.757 30.06551393857093
85.9899 30.067096042371418
87.2406 30.07361219177021
88.5096 30.08138086771031
89.797 30.084573952212622
91.1031 30.080479051287526
92.4282 30.069211230226372
93.7726 30.055573564987796
95.1366 30.04574671764226
96.5204 30.041008105814754
97.9243 30.04090843845509
99.3486 30.04001857237826
100.794 30.036221994006965
102.26 30.03062754533711
103.747 30.027185832122
105.256 30.027955753783658
106.787 30.033000982798967
108.34 30.037438121199855
109.916 30.036877334651578
111.515 30.03034142561765
113.137 30.02101525849349
114.783 30.013566752124547
116.452 30.009733690559216
118.146 30.00748386525474
119.865 30.005559256708892
121.608 30.002622173188826
123.377 29.99824325991935
125.171 29.99317086904459
126.992 29.987876211598035
128.839 29.982644657112047
130.713 29.978597665978896
132.615 29.974160370012143
134.543 29.969892917877317
136.5 29.965959718063942
138.486 29.963426777170255
140.5 29.96078449520006
142.544 29.955751976996595
144.617 29.949163574467306
146.721 29.94442729186794
148.855 29.942364569892717
151.02 29.941672159806032
153.217 29.93824548022718
155.445 29.93194106323776
157.706 29.927555934413405
160.0 29.927345782365705
162.327 29.927146567170894
164.688 29.923234601201287
167.084 29.916577662382352
169.514 29.91192818339195
171.98 29.90956195382128
174.481 29.905824147418784
177.019 29.90101041800122
179.594 29.897635406482635
182.206 29.897120507566328
184.856 29.89426670287962
187.545 29.888621577377975
190.273 29.883767700079403
193.041 29.88228424353757
195.849 29.88015575120218
198.697 29.875269409887807
201.587 29.87329877424085
204.52 29.8733827719429
207.494 29.869968834122176
210.512 29.865130447736888
213.574 29.86265570254797
216.681 29.858477420199435
219.833 29.85785942378172
223.03 29.864347126566884
226.274 29.862924578415317
229.565 29.857152754487174
232.905 29.86170510283833
236.292 29.865114987182096
239.729 29.862008847375805
243.216 29.863596541933433
246.754 29.864368190851806
250.343 29.867728410279724
253.984 29.874815549252006
257.678 29.879826232453112
261.426 29.889444286787665
265.229 29.89837011543284
269.087 29.906025425069373
273.001 29.916803137595096
276.972 29.929270254002205
281.0 29.947418889819872
285.088 29.963738721868182
289.234 29.982177136092275
293.441 30.00886354520219
297.709 30.03317247235573
302.04 30.060467466304118
306.433 30.097309287894817
310.89 30.139939260906857
315.412 30.181495612408753
320.0 30.232274021315064
324.655 30.283731443872043
329.377 30.341563276567157
334.168 30.40793827109333
339.028 30.481950099933712
343.959 30.55653380127545
348.962 30.63669969565119
354.038 30.723322917165632
359.188 30.811932195008566
364.412 30.90412629318938
369.713 30.99347418075493
375.09 31.09506827438861
380.546 31.19655694859749
386.081 31.29290105371483
391.697 31.38328541839317
397.394 31.48158251001655
403.175 31.56003962245292
409.039 31.640293860063196
414.989 31.70361511990302
421.025 31.766843899590157
427.149 31.818363304942395
433.362 31.860869129377406
439.665 31.893078215558788
446.06 31.918311751870448
452.548 31.94448885680282
459.131 31.94557782404482
465.809 31.95955970157445
472.584 31.961806519859465
479.458 31.95885870209031
486.432 31.95393893098654
493.507 31.94711484086376
500.686 31.939711649212512
507.968 31.93749488231468
515.357 31.93250701972981
522.853 31.93445883484746
530.458 31.935008837980774
538.174 31.9438290235031
546.002 31.955857079928435
553.943 31.981833436845363
562.001 32.007544200087736
570.175 32.03705438964634
578.469 32.078385412412445
586.883 32.11525374424302
595.419 32.163376311772026
604.08 32.205106407997775
612.866 32.242795354629465
621.78 32.28135429183101
630.824 32.313821488052895
640.0 32.337636792686396
649.309 32.35607112747296
658.753 32.371557201425134
668.335 32.38105551757195
678.056 32.387686055706055
687.919 32.39360084157833
697.925 32.40316135661102
708.077 32.41281611878388
718.376 32.43155556828505
728.825 32.458336511015474
739.426 32.4980861372982
750.181 32.54642257303152
761.093 32.613205675206146
772.163 32.68976771980397
783.394 32.78072015499896
794.789 32.88058387355407
806.349 32.98783688615181
818.078 33.0974782327512
829.977 33.20679034748407
842.05 33.316474477366754
854.298 33.42131614907082
866.724 33.51940467918871
879.33 33.6152031309465
892.12 33.70643214310918
905.097 33.79182784338852
918.262 33.87320731674265
931.618 33.95204399448761
945.169 34.02526320457673
958.917 34.09583948183217
972.864 34.16194261326579
987.015 34.22131178074076
1001.37 34.27139956763277
1015.94 34.31182362007979
1030.71 34.33496341013219
1045.71 34.33967585131893
1060.92 34.32083732077706
1076.35 34.27769108602561
1092.0 34.21974414539774
1107.89 34.15678052674053
1124.0 34.10725169560571
1140.35 34.09332389367414
1156.94 34.1241116517331
1173.77 34.196038422467865
1190.84 34.30566880590639
1208.16 34.44082627684962
1225.73 34.589971159979456
1243.56 34.73812142280231
1261.65 34.87665226046444
1280.0 34.998720116606705
1298.62 35.102137046338825
1317.51 35.187064608183846
1336.67 35.260063143904205
1356.11 35.32174419756336
1375.84 35.379070411516906
1395.85 35.438162283234945
1416.15 35.49829593514099
1436.75 35.554792652074454
1457.65 35.601342014367276
1478.85 35.628927204124025
1500.36 35.626805161881975
1522.19 35.5859115150453
1544.33 35.50394309749504
1566.79 35.38958278960277
1589.58 35.2524422698927
1612.7 35.106159101702204
1636.16 34.96033139896414
1659.95 34.81850991002054
1684.1 34.67482038171569
1708.6 34.5102171624541
1733.45 34.296552070410186
1758.66 33.992376397118846
1784.24 33.5709665270856
1810.19 33.04793328188725
1836.52 32.543519251455365
1863.24 32.235854821130204
1890.34 32.221526264038246
1917.83 32.43227326528876
1945.73 32.74375009551575
1974.03 33.06096579659123
2002.74 33.329363018986484
2031.87 33.53130006982512
2061.43 33.66313540444149
2091.41 33.74131407845532
2121.83 33.796478093114956
2152.69 33.857059334336384
2184.01 33.932696964885594
2215.77 34.01573911892402
2248.0 34.09201230207613
2280.7 34.162467143592934
2313.87 34.24079796836641
2347.53 34.344990394449766
2381.68 34.4784325587773
2416.32 34.624420249105285
2451.46 34.7531522865949
2487.12 34.84931151578863
2523.3 34.912923892046805
2560.0 34.96479356616776
2597.24 35.039943258704625
2635.01 35.16522444959641
2673.34 35.327713083555466
2712.23 35.48835052042064
2751.68 35.62281929479015
2791.7 35.72323196086711
2832.31 35.79755628223779
2873.5 35.85052458199367
2915.3 35.89035174918271
2957.7 35.92714413279623
3000.72 35.97180205515272
3044.37 36.023626075784264
3088.65 36.07542245820393
3133.58 36.12116134943187
3179.16 36.181306127271014
3225.4 36.290727292315125
3272.31 36.45244367793222
3319.91 36.634046449673775
3368.2 36.77726635586173
3417.19 36.8560030257016
3466.89 36.91923837763875
3517.32 37.022087005594884
3568.48 37.13648436953305
3620.39 37.19411559846135
3673.05 37.180282760723
3726.47 37.17807991652923
3780.67 37.24195435900185
3835.67 37.31558193810454
3891.46 37.31866581449874
3948.06 37.255226735391446
4005.49 37.192925867939366
4063.75 37.14767197781768
4122.86 37.07656611285131
4182.82 36.954835663035894
4243.66 36.81348098090656
4305.39 36.70084561448087
4368.01 36.62382173334906
4431.55 36.55021298039175
4496.01 36.44843210720437
4561.4 36.33717011747953
4627.75 36.25627702899911
4695.06 36.184317728589576
4763.35 36.09920252138153
4832.64 36.07206637708889
4902.93 36.10569139885803
4974.24 36.05566078479835
5046.6 35.90474280003737
5120.0 35.78514341035161
5194.47 35.763633474059546
5270.03 35.79647996191862
5346.68 35.85320251336758
5424.45 35.880387823514894
5503.35 35.875783171039984
5583.4 35.86470664896163
5664.61 35.798495988345564
5747.01 35.73736633077128
5830.6 35.71847710185847
5915.41 35.70302625607687
6001.45 35.70209339206389
6088.74 35.68673762436491
6177.3 35.64430226415365
6267.15 35.565753928231956
6358.31 35.46183379658551
6450.8 35.33358752019436
6544.62 35.236167132966315
6639.82 35.1859910945265
6736.4 35.38995834484189
6834.38 35.80942265236999
6933.79 36.120914195883145
7034.64 36.331304971757916
7136.96 36.35658029748093
7240.77 36.38213374035364
7346.09 36.442403599722866
7452.94 36.591893233719375
7561.35 36.52574389021083
7671.33 36.4051596649024
7782.91 36.40409215510685
7896.12 36.42824219934266
8010.97 36.57996066187894
8127.49 36.73381366248131
8245.71 36.87558650613971
8365.65 36.94459486254459
8487.33 37.14678727603015
8610.78 37.29703556820621
8736.03 37.49930261808801
8863.09 37.53854040604125
8992.01 37.650978859645164
9122.8 37.639763920378
9255.5 37.71620012787899
9390.12 37.74967441370619
9526.7 37.70843770552858
9665.27 37.56696436098693
9805.86 37.54851882513512
9948.49 37.4599567778759
10093.2 37.427271314125846
10240.0 37.403171040058126
10388.9 37.44909041578059
10540.1 37.52970260513044
10693.4 37.56135708924235
10848.9 37.62186431656001
11006.7 37.72767855203455
11166.8 37.76663060907022
11329.2 37.70771932202781
11494.0 37.63773631707721
11661.2 37.5899587025919
11830.8 37.59257330949083
12002.9 37.712952756347775
12177.5 37.907458659879865
12354.6 38.03718598249414
12534.3 38.13112687429198
12716.6 38.17652750942656
12901.6 38.12925713555984
13089.2 38.12938422246211
13279.6 38.21180997235959
13472.8 38.25231646793378
13668.8 38.3403716265141
13867.6 38.3811439676969
14069.3 38.37700149770784
14273.9 38.31956824206257
14481.5 38.2269099511351
14692.2 38.13878602364936
14905.9 38.13594624442743
15122.7 38.1422586605635
15342.7 38.12788740995988
15565.8 38.0386532298175
15792.2 37.894428772207306
16021.9 37.7078744075032
16255.0 37.61067154959436
16491.4 37.53976028460971
16731.3 37.48018002994543
16974.7 37.57331907390362
17221.6 37.87214609361334
17472.1 38.12709241206406
17726.2 38.25453888163588
17984.0 38.34396331108924
18245.6 38.53705207338699
18511.0 38.65699012391639
18780.2 38.695912422287876
19053.4 38.7143014833205
19330.5 38.70051346038929
19611.7 38.56677498909028
19897.0 38.096271299599636
