Freq "Ceiling Bounce"
20.5078 58.9618072801898
21.2402 59.31489038746189
21.9727 59.92656305748018
22.7051 60.15922181704384
23.4375 60.68739116214637
24.1699 61.286921238844045
25.6348 62.444211059252964
26.3672 62.90626867603156
27.0996 63.347023004957805
27.832 63.787700508678896
29.2969 64.97504684679917
30.0293 65.36728193764816
31.4941 65.9606031296209
32.2266 65.9885915403478
33.6914 66.78632429630373
34.4238 67.3714814011025
35.8887 67.99728304252552
37.3535 68.93977224220875
38.8184 69.37324652532935
39.5508 69.69461571885758
41.0156 70.35306865684645
42.4805 71.00130823572398
43.9453 71.6585537261086
45.4102 71.99420846406187
47.6074 72.77455412601775
49.0723 73.32321415299482
50.5371 74.15039248639519
52.7344 75.01327682203565
54.1992 75.15155830202629
56.3965 76.05306047127783
58.5938 76.6507715140229
60.0586 77.07748764948377
62.2559 77.76500646297083
64.4531 78.46084355826859
66.6504 79.07677572228464
69.5801 79.79312333197771
71.7773 80.30332721800721
73.9746 80.80633988087523
76.9043 81.40497708445054
79.834 81.8863877685127
82.7637 82.39164780629183
85.6934 82.79199304357778
88.623 83.16267551359732
91.5527 83.57507531153813
94.4824 83.83084935873713
98.1445 84.03111577568768
101.807 84.1453396037652
105.469 84.28147993793353
109.131 84.40939670205637
112.793 84.36346659340671
116.455 84.25050263729747
120.85 84.38541900950143
125.244 84.66522348000107
129.639 84.6409970510852
134.033 84.54957386864355
138.428 84.5431963227243
143.555 84.32767037843779
148.682 84.42308665795976
153.809 84.42661369295713
159.668 84.11401073731363
164.795 83.8854645753444
170.654 83.58763435114697
176.514 83.95687179439884
183.105 83.64199555482082
189.697 83.62063293525352
196.289 83.75311961895441
202.881 83.4389732868519
210.205 83.49542967383313
217.529 84.11282646346893
225.586 83.65259395631307
232.91 83.41048118106872
241.699 84.06471251237576
249.756 83.68568396860107
258.545 84.24052913596127
268.066 84.86002562124317
277.588 83.98778025205618
287.109 83.4428383823272
297.363 84.29272421606548
307.617 83.79476648581885
318.604 83.2817024791449
329.59 82.90864681212257
341.309 82.80135876058294
353.76 82.55694198030345
366.211 82.65836414216166
378.662 82.42901904127268
392.578 82.30255113240872
405.762 81.80734660270468
420.41 81.41035004303943
435.059 81.24111117048791
450.439 80.88283717519042
466.553 80.53214648233899
482.666 80.53323526072994
500.244 80.68017545489334
517.822 79.90669765645961
536.133 79.46707035739105
554.443 78.73733872550481
574.219 78.9404093572617
594.727 79.87860675518569
615.234 80.22334365800815
637.207 79.72425504210618
659.912 79.03103988154066
683.35 79.13822429586541
706.787 78.75622822865247
731.689 79.03570596804535
758.057 78.96723961012391
784.424 79.06277192304431
812.256 78.79730495215128
840.82 78.54736001218919
870.85 79.06576228976063
901.611 79.4931880794256
933.105 79.83167592706481
966.064 80.82610934844624
999.756 81.15407873656905
1034.91 81.15972689018835
1071.53 81.64090474900011
1109.62 82.05774865078955
1148.44 82.98286675787328
1189.45 82.929557915119
1231.2 82.52977813934403
1274.41 82.13697299353059
1319.82 81.97198455217972
1365.97 82.06193472638716
1414.31 82.3017399039989
1464.11 81.6728548325472
1515.38 81.32567380300561
1568.85 80.22440234360553
1624.51 80.17506256992209
1681.64 81.13946613562764
1740.97 80.04861737608381
1802.49 79.41836827319058
1866.21 79.01354354203325
1932.13 79.99136675828957
2000.24 79.99956545179141
2070.56 80.49885400625276
2143.8 81.91572937633903
2219.24 83.22665663908708
2297.61 82.39799391295445
2378.17 82.87903287714677
2462.4 83.62728095997258
2548.83 82.8836792837916
2638.92 82.67058444963968
2731.93 83.08977703666038
2828.61 82.10675111505107
2928.22 81.71491604308163
3031.49 81.27869645979642
3138.43 81.0213640241039
3249.02 80.07387133493376
3363.28 79.90515477515092
3481.93 79.504662124898
3604.98 79.19491316732011
3732.42 79.49077999366438
3863.53 79.96593598423345
3999.76 79.42174190112699
4141.11 79.49049671618273
4286.87 79.5760414238052
4438.48 78.98734908957324
4594.48 78.82994358529312
4757.08 78.2814690189445
4924.8 78.21288992566963
5098.39 79.29103910403278
5277.83 79.5093526558222
5463.87 79.36501268765848
5656.49 79.24999070527238
5856.45 78.77784863717316
6062.99 78.33775308254246
6276.86 78.84519836474732
6498.05 79.60338988951072
6727.29 79.71810133335318
6964.6 79.67900981468269
7209.96 79.81436674708405
7464.11 79.79038657370964
7727.78 80.09427468245684
8000.24 80.3170896315183
8282.23 80.00004739991653
8574.46 79.63644766716855
8876.22 80.05696244975225
9189.7 80.12756106027568
9513.43 80.0235841455415
9848.88 80.57790002012557
10196.8 81.389311210972
10556.4 81.21175206661505
10928.5 80.5451244525538
11313.7 80.49385851200385
11712.9 80.31062419490505
12126.0 80.40947172405718
12553.7 81.02497292583239
12996.1 80.18297686855182
13454.6 80.59277705149128
13928.5 79.99432205394741
14419.9 79.99019146863446
14928.2 79.22387594578497
15454.8 79.60452283420864
15999.8 79.17109427142279
16564.5 79.88051901908278
17148.2 79.71892300115739
17753.2 79.322694677992
18379.4 78.35087982245814
19027.6 77.55615280390283
19698.5 77.59617355328741
19999.5 77.89938744139126
