Freq "Early Reflections DI"
22.4 51.402911741570875
23.0 51.34483542460532
23.6 51.337230251333324
24.0 51.28964790835562
25.0 51.22548081249326
25.8 51.190860031795495
26.5 51.157525984703256
27.2 51.079716859207
28.0 51.066880599637074
29.0 51.018588374496034
30.0 50.98710911584553
30.7 50.960124900344226
31.5 50.92379097199793
32.5 50.92105602844029
33.5 50.89236762602718
34.5 50.9182871998664
35.5 50.92906149406116
36.5 50.930333149703046
37.5 50.951242095476715
38.7 50.97079627045517
40.0 50.9759148390049
41.2 50.993310282648224
42.5 51.02331245126487
43.7 51.06544713211625
45.0 51.08166650981582
46.2 51.05230861793113
47.5 51.08143547965658
48.7 51.077683041179014
50.0 51.088240880893764
51.5 51.07622879872602
53.0 51.058859514868374
54.5 51.07602592996032
56.0 51.03436775411046
58.0 51.04195122152221
60.0 51.01892580048802
61.5 51.03660253668927
63.0 51.01196503604669
65.0 51.007500320436876
67.0 51.012365681288685
69.0 51.03335242201676
71.0 51.0504248592992
73.0 51.09051055205751
75.0 51.07448310735688
77.5 51.100375954635254
80.0 51.10708317381662
82.5 51.1266774456699
85.0 51.13479128729607
87.5 51.13174938360798
90.0 51.152119679575776
92.5 51.132754840794476
95.0 51.13387816397383
97.5 51.157856308099255
100.0 51.16944828670921
103.0 51.15228867498402
106.0 51.17567433436086
109.0 51.2051139883403
112.0 51.21883450278004
115.0 51.208340115962926
118.0 51.23017192725423
122.0 51.24793033359377
125.0 51.24649521427044
128.0 51.26130077453995
132.0 51.26261732805325
136.0 51.27937067397467
140.0 51.28272364434007
145.0 51.32665034457297
150.0 51.34340448238591
155.0 51.39557931553969
160.0 51.40679020577171
165.0 51.425346734326354
170.0 51.451701126654925
175.0 51.44198900980899
180.0 51.487190262892796
185.0 51.525049760746526
190.0 51.54985812504043
195.0 51.5895194083526
200.0 51.60608811796672
206.0 51.650748281678744
212.0 51.68175190670243
218.0 51.69197630364805
224.0 51.7683308498262
230.0 51.80189401726089
236.0 51.81892140269363
240.0 51.826365266487514
250.0 51.8214756821786
258.0 51.856111053164156
265.0 51.89622858937503
272.0 51.91337655523796
280.0 51.94068310403543
290.0 51.95892217628446
300.0 51.975032038005594
307.0 51.996509577370176
315.0 52.03045003334407
325.0 52.04763680362149
335.0 52.06839009245991
345.0 52.05770321670667
355.0 52.11201146318648
365.0 52.15207112311248
375.0 52.194810071413585
387.0 52.25374706373594
400.0 52.23548648598272
412.0 52.29367085380383
425.0 52.321672360891114
437.0 52.36680687744381
450.0 52.37600845560313
462.0 52.37569707965942
475.0 52.44506479891113
487.0 52.504139096910464
500.0 52.563563313824616
515.0 52.72805153558116
530.0 52.81842421351142
545.0 52.961806648351825
560.0 53.140449903533536
580.0 53.233575358148926
600.0 53.32885284737168
615.0 53.38176614408236
630.0 53.42129887671837
650.0 53.505462029287514
670.0 53.72391114625579
690.0 53.94535551676259
710.0 54.253043497371436
730.0 54.44272444680536
750.0 54.667603259629615
775.0 54.80176704451138
800.0 54.94293928199896
825.0 55.07319613076413
850.0 55.21590443928483
875.0 55.306500344326295
900.0 55.30256599355425
925.0 55.21568465224222
950.0 55.085591887075054
975.0 54.99950745871081
1000.0 54.94498458618175
1030.0 54.893609764550064
1060.0 54.81037038668681
1090.0 54.71972338137843
1120.0 54.632617559867356
1150.0 54.565301731923654
1180.0 54.469893812888316
1220.0 54.425419191323726
1250.0 54.40434664080213
1280.0 54.420947889856606
1320.0 54.424720261010265
1360.0 54.469939510634106
1400.0 54.451379508701024
1450.0 54.23517096769969
1500.0 54.03404256638592
1550.0 53.82455126028569
1600.0 53.688544663298
1650.0 53.66234293309232
1700.0 53.704305423196004
1750.0 53.62693883971487
1800.0 53.469886887508665
1850.0 53.2292728690433
1900.0 53.29720399061867
1950.0 53.47504322876895
2000.0 53.41005959541346
2060.0 53.17404727394583
2120.0 52.93172138505922
2180.0 52.72694098495272
2240.0 53.000336418791036
2300.0 53.4917137926177
2360.0 53.47938661479367
2400.0 53.20379426265745
2500.0 53.26997626884069
2580.0 53.605533561440026
2650.0 53.854363160269486
2720.0 53.61471016869358
2800.0 53.186174286690346
2900.0 53.60872835450037
3000.0 53.80419759420438
3070.0 53.36541540431966
3150.0 53.513464927908885
3250.0 53.96637145541624
3350.0 54.15150750020082
3450.0 53.95641187906506
3550.0 54.110565616692554
3650.0 54.17158352815869
3750.0 53.95807925497209
3870.0 53.891340985086714
4000.0 54.18555222173373
4120.0 54.11268535353719
4250.0 54.09977871135811
4370.0 54.50615644104343
4500.0 54.19483894654378
4620.0 54.45836308747242
4750.0 54.415966782835056
4870.0 54.261515881893786
5000.0 54.55963996295665
5150.0 54.369074058771844
5300.0 54.42725932531644
5450.0 54.24803657197029
5600.0 54.389461269270626
5800.0 54.40550405505542
6000.0 54.61351020620154
6150.0 54.562664275698666
6300.0 54.51442491943382
6500.0 54.69476553875553
6700.0 54.6344938761151
6900.0 54.73953877847143
7100.0 54.9695793557369
7300.0 54.70674618207691
7500.0 54.654938451518476
7750.0 54.80191579042017
8000.0 54.77689906209828
8250.0 54.545973932080855
8500.0 54.44805880223416
8750.0 55.09612783933804
9000.0 54.63753868907712
9250.0 54.56421038795047
9500.0 54.477972378358686
9750.0 54.38760986068223
10000.0 54.69581069755213
10300.0 54.749931896281666
10600.0 53.77430398132903
10900.0 52.91347779458195
11200.0 49.76727891912212
11500.0 50.638638186508814
11800.0 54.12534561402592
12200.0 53.53244827322864
12500.0 53.57516014995622
12800.0 55.748320464597825
13200.0 54.78406231793012
13600.0 54.14813014460033
14000.0 54.559904079519086
14500.0 55.50550368485365
15000.0 55.705497085872466
15500.0 55.773467574383886
16000.0 56.44543749571753
16500.0 56.16528878990498
17000.0 56.270442561928476
17500.0 56.88005471228925
18000.0 56.27101926595205
18500.0 56.34121601813747
19000.0 56.52161408068959
19500.0 56.08652579527664
