Freq "Total Early Reflection"
22.4 -18.04290205923941
23.0 -15.89258372371772
23.6 -13.25649881600394
24.0 -10.486889064019735
25.0 -8.382501669639353
25.8 -6.64398758393979
26.5 -4.997980014018665
27.2 -2.9158007684123817
28.0 -1.6853965553279266
29.0 -1.0605775485306452
30.0 0.24507316911326882
30.7 3.999826647585806
31.5 7.974792079473374
32.5 12.984558832821264
33.5 15.290588254334622
34.5 16.53483182861457
35.5 18.38235057122968
36.5 20.71139507631095
37.5 23.275110976543985
38.7 26.058686298876907
40.0 30.633533204475057
41.2 36.287821106576004
42.5 36.517578144162755
43.7 36.3468835469382
45.0 36.607269454182685
46.2 40.44689587895304
47.5 44.02855269670128
48.7 44.610294052144994
50.0 46.07686996688871
51.5 49.395016172747646
53.0 53.531151083345335
54.5 55.63221181533304
56.0 57.80140430498362
58.0 60.226537327660026
60.0 62.1713113755542
61.5 63.82421071830629
63.0 65.652494030483
65.0 67.54265092575476
67.0 69.42776231904844
69.0 71.17795508340397
71.0 72.75635380903528
73.0 74.04635086437442
75.0 75.33871475643384
77.5 76.56581538417011
80.0 77.70569831615295
82.5 78.88470298727891
85.0 79.97656270551218
87.5 80.96126104021518
90.0 81.82776136393065
92.5 82.6277922725562
95.0 83.25802430469629
97.5 83.83370535254409
100.0 84.31719207179002
103.0 84.54761684548322
106.0 84.51210224620758
109.0 84.48450685058812
112.0 84.22590493796467
115.0 84.0237284004247
118.0 83.72378122035228
122.0 83.37187469685479
125.0 83.11002381980245
128.0 82.95773269198365
132.0 82.95107291124637
136.0 83.06027730805586
140.0 83.23386086266056
145.0 83.59768082365444
150.0 83.89322105840937
155.0 84.38139124507828
160.0 84.91483675867973
165.0 85.19769192582217
170.0 85.39393787235129
175.0 85.46344984434727
180.0 85.39154703339896
185.0 85.08676343056815
190.0 84.59030516850271
195.0 83.93170866042027
200.0 83.26311248895026
206.0 82.5565743437666
212.0 81.9315974245555
218.0 81.41049139243131
224.0 81.05331627701966
230.0 81.1171740453353
236.0 81.38683715331183
240.0 81.65327332620582
250.0 81.76042648331111
258.0 81.72064325601418
265.0 81.58108734835211
272.0 81.4868594611692
280.0 81.32107508412213
290.0 81.0292969018137
300.0 80.65446599290104
307.0 80.12724776080852
315.0 79.50877521411068
325.0 78.94491388324734
335.0 78.53126998847182
345.0 78.43656975066486
355.0 78.67051581487652
365.0 79.09625418727842
375.0 79.33156221236304
387.0 79.33598327939757
400.0 79.55833080986545
412.0 79.80952533205254
425.0 80.10047493068129
437.0 80.2107844455333
450.0 80.0224608024035
462.0 79.62856058988066
475.0 79.39731113687708
487.0 79.50164063591548
500.0 79.75883092506085
515.0 79.98486387714875
530.0 80.12400231732558
545.0 80.24970308173006
560.0 80.61742438007421
580.0 81.16312879548134
600.0 81.44079367577525
615.0 81.2728936760572
630.0 80.9520547976965
650.0 80.17852632985658
670.0 78.89843773133738
690.0 78.84058810514743
710.0 79.61391164180152
730.0 79.49055443455886
750.0 78.77310163881477
775.0 79.03305394076567
800.0 79.67188688352287
825.0 79.60805438669288
850.0 79.14321420911413
875.0 78.9978127471914
900.0 78.817180666289
925.0 78.35342555603133
950.0 78.09703831205177
975.0 77.89324550253363
1000.0 77.7332191899735
1030.0 77.59401237756597
1060.0 77.56090516430105
1090.0 77.72449003150575
1120.0 77.93594828475803
1150.0 78.17243283553347
1180.0 77.72522563051406
1220.0 77.5404590236458
1250.0 77.16941243054539
1280.0 77.43892346825778
1320.0 77.29000167001665
1360.0 77.30464695589212
1400.0 77.30910578723069
1450.0 77.34193813397293
1500.0 77.56876555574655
1550.0 77.57843139652402
1600.0 77.41265345728031
1650.0 77.07403994779156
1700.0 77.22049552778076
1750.0 77.332311902138
1800.0 77.71275224332024
1850.0 78.05261206581841
1900.0 78.36354956025616
1950.0 78.46931626147246
2000.0 78.05250946183789
2060.0 77.61855149398068
2120.0 77.63061139621182
2180.0 77.70676839342626
2240.0 77.43032482568162
2300.0 77.25340531474251
2360.0 77.41327927475272
2400.0 77.36300996830921
2500.0 77.39394840767112
2580.0 76.8511042785039
2650.0 76.5100071667958
2720.0 76.03726807874594
2800.0 75.47977756002018
2900.0 75.25039117657546
3000.0 74.87114470553162
3070.0 74.30614264527975
3150.0 74.44905381102434
3250.0 74.40404859098537
3350.0 74.25031132773186
3450.0 74.43669039791112
3550.0 75.23473471884928
3650.0 75.49121324971745
3750.0 75.530331540819
3870.0 75.44586141177156
4000.0 75.47674385251449
4120.0 75.31666001774393
4250.0 75.89208338724524
4370.0 75.96976100137864
4500.0 76.0112746365336
4620.0 76.17643217817313
4750.0 75.69093864014222
4870.0 75.69006951364494
5000.0 76.27779636412403
5150.0 76.25650550980704
5300.0 76.01899691884013
5450.0 75.48801322756793
5600.0 75.53293197065098
5800.0 75.38579463041813
6000.0 75.91273060576368
6150.0 76.00469766318781
6300.0 75.96769613344968
6500.0 75.37715839556917
6700.0 75.15804974516972
6900.0 75.39935055235624
7100.0 76.05969017174525
7300.0 76.69754943793664
7500.0 77.07914968097596
7750.0 77.37776802790142
8000.0 77.19153539285143
8250.0 76.47659675245121
8500.0 75.83002030883493
8750.0 74.42641643623908
9000.0 75.0974928676484
9250.0 76.10448059113493
9500.0 77.21593275309118
9750.0 77.90167850590707
10000.0 78.17180427327334
10300.0 78.38661461665517
10600.0 78.21983095952528
10900.0 77.06361188705421
11200.0 75.28746473938037
11500.0 74.36118739985208
11800.0 74.53824440128358
12200.0 74.70448576805119
12500.0 73.41054653467613
12800.0 72.19932460826946
13200.0 71.81070576089037
13600.0 69.99996412502848
14000.0 68.13680361325213
14500.0 67.47951605810186
15000.0 68.12140175188235
15500.0 70.21130527139572
16000.0 69.11232002693099
16500.0 67.09775639071547
17000.0 64.87106085341922
17500.0 63.001456507323326
18000.0 64.80523383910669
18500.0 62.09121521584966
19000.0 63.149474016699415
19500.0 64.16900253588834
