Freq "Early Reflections DI"
22.4 29.47466995395075
23.0 29.611640907981467
23.6 29.7997967910498
24.0 30.09413872029063
25.0 30.186160073008352
25.8 30.201360065045094
26.5 30.22594429380834
27.2 30.202396933204085
28.0 30.218793900338454
29.0 30.207255352331174
30.0 30.226578085110475
30.7 30.246861627109695
31.5 30.25292299971386
32.5 30.261995956094978
33.5 30.26251533217504
34.5 30.26993403565575
35.5 30.28917385118558
36.5 30.289107857738912
37.5 30.27304102495438
38.7 30.28497660684053
40.0 30.291109946863088
41.2 30.293686306665847
42.5 30.307169827911395
43.7 30.307169827911366
45.0 30.3127501853198
46.2 30.315032144889415
47.5 30.322101424908638
48.7 30.32902477544353
50.0 30.325962995298255
51.5 30.33827904040477
53.0 30.32961569541237
54.5 30.344174736813002
56.0 30.339631200999946
58.0 30.369641743500395
60.0 30.349736542155554
61.5 30.37150819067105
63.0 30.371508190671022
65.0 30.37494225821449
67.0 30.3909417510027
69.0 30.39224930838283
71.0 30.399215367497717
73.0 30.40294458969116
75.0 30.412761535639078
77.5 30.430586010228907
80.0 30.42352796539319
82.5 30.440707919071684
85.0 30.46602311507506
87.5 30.461650675303844
90.0 30.46720653489689
92.5 30.499649121452833
95.0 30.502269024209
97.5 30.537382276832417
100.0 30.51035039824299
103.0 30.55784510526803
106.0 30.559222768140074
109.0 30.597975840599062
112.0 30.629243387502342
115.0 30.624833472099198
118.0 30.653897720188723
122.0 30.662041984330614
125.0 30.485348854294486
128.0 30.34359914177098
132.0 30.345048884549684
136.0 30.336252680323298
140.0 30.398363909660006
145.0 30.49784383960143
150.0 30.645153195126696
155.0 30.823132085878683
160.0 30.944407956127378
165.0 31.076240531178996
170.0 31.162863685652567
175.0 31.26392488453186
180.0 31.31210809164743
185.0 31.34715815833269
190.0 31.366022662099866
195.0 31.38272527698939
200.0 31.421859067236028
206.0 31.39772723195499
212.0 31.1964281960677
218.0 30.89730926244883
224.0 31.327524039073126
230.0 31.618157832278044
236.0 31.609259329591794
240.0 31.57836581530063
250.0 31.54579335636393
258.0 31.544158110155095
265.0 31.63364664134474
272.0 31.715529945243915
280.0 31.78359159288273
290.0 31.835899782440194
300.0 31.82792012950553
307.0 31.785687012645056
315.0 31.760138172865425
325.0 31.756370396454997
335.0 31.756659746953417
345.0 31.75579311887438
355.0 31.71901613845411
365.0 31.752870952919423
375.0 31.726151587393957
387.0 31.64628135748599
400.0 31.853970515992472
412.0 32.30571234831835
425.0 32.723344376911854
437.0 33.06595322375925
450.0 33.26575513342776
462.0 33.034131463224014
475.0 32.710848003053
487.0 32.52984103345604
500.0 32.55410063921735
515.0 32.32794479374007
530.0 32.34840907625315
545.0 32.915065464952875
560.0 33.1672302906928
580.0 33.33541305193417
600.0 33.497812788791734
615.0 33.57951775104728
630.0 33.39981869442482
650.0 33.12886666374496
670.0 33.15642268393886
690.0 33.58264313227781
710.0 33.875918682362126
730.0 33.716984202119974
750.0 33.40263427329313
775.0 33.236489280452446
800.0 33.26991714550259
825.0 33.22752001283172
850.0 33.09000402240869
875.0 32.9202620480374
900.0 32.61516093280079
925.0 32.31255349226231
950.0 32.295352557811796
975.0 32.59362829834264
1000.0 32.40213291092934
1030.0 32.50098083452731
1060.0 32.52911035948637
1090.0 32.88268364507012
1120.0 33.468126953583806
1150.0 33.860131821187494
1180.0 33.975977129300304
1220.0 33.94593820696329
1250.0 33.70084047768941
1280.0 33.30853919756349
1320.0 32.84056047731018
1360.0 32.969580238394315
1400.0 33.0841268467522
1450.0 33.088161571275066
1500.0 33.73891406522557
1550.0 34.72383726229117
1600.0 35.317079969172
1650.0 35.32881820319328
1700.0 34.92930870695193
1750.0 34.53543535870885
1800.0 34.46187866597229
1850.0 34.43379599899488
1900.0 34.52354043636758
1950.0 34.59571780510403
2000.0 34.47838701331071
2060.0 34.13875378369079
2120.0 33.81161931648195
2180.0 34.0130117023717
2240.0 34.151431251792786
2300.0 34.20621720008474
2360.0 34.1582281807471
2400.0 33.88437318568097
2500.0 33.782164040018856
2580.0 33.99684025529541
2650.0 34.027452911627435
2720.0 33.86550980269499
2800.0 33.75496878645778
2900.0 33.75769166475435
3000.0 33.772066989501
3070.0 34.03278282004955
3150.0 34.16595170099437
3250.0 33.98782233651697
3350.0 34.09117122980787
3450.0 33.88932598890992
3550.0 33.83662864210412
3650.0 34.17512282934477
3750.0 34.330440019150515
3870.0 34.43085784941168
4000.0 34.131836739685696
4120.0 34.328407678638655
4250.0 34.569844159089
4370.0 34.730215410742176
4500.0 34.71511233083895
4620.0 34.73809684919405
4750.0 34.98593839241606
4870.0 35.0862107824905
5000.0 34.850739366235786
5150.0 34.68057263821255
5300.0 34.52328249181008
5450.0 34.19236473839652
5600.0 34.16017479628172
5800.0 34.30000800977176
6000.0 33.9476267009007
6150.0 34.20323472797173
6300.0 34.53224873479597
6500.0 34.63027888109272
6700.0 34.69521586295528
6900.0 34.676017049875654
7100.0 34.58863184672691
7300.0 34.242074328027684
7500.0 34.05042388783055
7750.0 34.0467737582285
8000.0 34.41840962707114
8250.0 34.70187611803904
8500.0 34.61276685004901
8750.0 34.646933874458156
9000.0 34.39918965995943
9250.0 34.330870033133294
9500.0 34.548754062812264
9750.0 34.442042032311605
10000.0 34.36167551116213
10300.0 34.44559752391751
10600.0 34.724295068257845
10900.0 34.770824747558095
11200.0 34.66621828574776
11500.0 34.64471268592824
11800.0 34.8072297041832
12200.0 34.986217499669095
12500.0 35.03319572944406
12800.0 35.13601544595589
13200.0 34.95893546841876
13600.0 34.79521264351668
14000.0 34.86209133358429
14500.0 34.92779545051492
15000.0 35.12879837323783
15500.0 35.25079622556429
16000.0 35.48815654736855
16500.0 35.3876477267017
17000.0 35.39529368448272
17500.0 35.49490993314667
18000.0 35.43051406466901
18500.0 35.46179029968448
19000.0 35.3336262404421
19500.0 35.59516326833533
