Freq "Rear Wall Bounce"
20.5078 62.48616738530468
21.2402 64.01324571654517
21.9727 65.62944963233669
22.7051 66.43032897292306
23.4375 67.70219748737482
24.1699 69.22612727040348
25.6348 70.84849706250243
26.3672 71.6030454391627
27.0996 71.91645333900787
27.832 72.68963633770096
29.2969 74.09278469032704
30.0293 74.82033457178103
31.4941 75.58752046732597
32.2266 75.90428741918534
33.6914 76.64848174007273
34.4238 77.04530457445051
35.8887 77.65628489187058
37.3535 78.25646638745573
38.8184 78.85082778560783
39.5508 79.04310851455509
41.0156 79.52379225399446
42.4805 80.12727490773156
43.9453 80.49625858899861
45.4102 80.9169723626651
47.6074 81.49734295527462
49.0723 81.87132835200137
50.5371 82.17832477819064
52.7344 82.61524737261526
54.1992 82.9309340355298
56.3965 83.33162004631694
58.5938 83.7238847758209
60.0586 83.93942222927053
62.2559 84.19846735108605
64.4531 84.41672963316773
66.6504 84.55361596415582
69.5801 84.82236736012545
71.7773 84.95777249531473
73.9746 85.00130796399431
76.9043 85.02862063342819
79.834 85.0417481007634
82.7637 85.11564325119186
85.6934 85.31326322979592
88.623 85.19915981822994
91.5527 85.12824934665429
94.4824 85.18529592543722
98.1445 85.13179502765327
101.807 84.87227064207467
105.469 84.95948628248075
109.131 84.93772146079822
112.793 84.68706714703043
116.455 84.61810579999745
120.85 84.50176649514225
125.244 84.59094064550276
129.639 84.55045135790098
134.033 84.51332275184816
138.428 84.37719950360533
143.555 84.26798732483012
148.682 84.13521855793702
153.809 84.0951070658859
159.668 83.88481821943502
164.795 83.67063912060017
170.654 83.78474562009312
176.514 83.56743802254708
183.105 83.24668796515644
189.697 83.29676940956182
196.289 83.02403250700569
202.881 82.90598529615137
210.205 82.80515000596311
217.529 82.62588607663102
225.586 82.38059171003275
232.91 82.2697417662638
241.699 82.58546085448417
249.756 82.28938756945232
258.545 81.58176633615535
268.066 82.59015555691253
277.588 82.20693497595629
287.109 82.26367502872263
297.363 81.80551453618793
307.617 81.29070933409628
318.604 81.40099230383348
329.59 81.83785129090654
341.309 82.11339694969679
353.76 81.5814708043627
366.211 81.04748284095945
378.662 81.51005687666763
392.578 81.42384469833497
405.762 81.10701667096868
420.41 80.28171369399291
435.059 80.38320326743106
450.439 80.81632741174222
466.553 80.01028587963648
482.666 79.66947315655727
500.244 79.25626854875031
517.822 79.1796987242695
536.133 77.83129111437671
554.443 78.58863150939226
574.219 78.25226142726086
594.727 78.73228421726104
615.234 77.80839943916332
637.207 78.54085744629266
659.912 78.03515409559928
683.35 78.33718530976148
706.787 78.07165713968548
731.689 77.43868178179581
758.057 77.67745302577096
784.424 77.52878400903259
812.256 76.35127968359524
840.82 75.87062107648879
870.85 76.88791709365908
901.611 74.99319094604122
933.105 75.80018016265105
966.064 76.18659660835398
999.756 75.25358435037303
1034.91 75.23559010501539
1071.53 74.34506863186961
1109.62 74.22381521253926
1148.44 74.09219497502403
1189.45 73.99319372737749
1231.2 74.19513521142677
1274.41 73.71893692970251
1319.82 73.86301869920918
1365.97 72.53959104486661
1414.31 72.51302132108115
1464.11 73.29743964679201
1515.38 72.3912756515103
1568.85 71.74130018811304
1624.51 70.71784446828703
1681.64 70.86564837300975
1740.97 70.89639457633488
1802.49 70.57277087794289
1866.21 70.64153467604991
1932.13 69.98641748631393
2000.24 69.4151361760246
2070.56 69.33686803550407
2143.8 68.1099619752129
2219.24 68.02212435562417
2297.61 68.55575293433321
2378.17 67.54396998790055
2462.4 66.9174885853583
2548.83 66.40963931504739
2638.92 67.55083174315807
2731.93 67.06277804780315
2828.61 67.09576276254579
2928.22 66.87006257810515
3031.49 66.2648105942574
3138.43 66.92561359527444
3249.02 66.13120833216439
3363.28 65.96473659978567
3481.93 65.68552726314051
3604.98 65.88604941595064
3732.42 65.13179064269683
3863.53 65.37291228883132
3999.76 65.20463396447784
4141.11 64.93137774754888
4286.87 64.30768551697501
4438.48 65.43521719444098
4594.48 63.74621192064947
4757.08 64.468524531683
4924.8 63.440149008130334
5098.39 63.37431297697911
5277.83 63.40293546578651
5463.87 62.6851430393464
5656.49 62.81869863729263
5856.45 62.758213078007756
6062.99 62.24686786361751
6276.86 62.464581893408976
6498.05 62.610798969074736
6727.29 62.140267287976954
6964.6 61.784672427512945
7209.96 61.38053720480785
7464.11 61.60108467300613
7727.78 61.434796209718755
8000.24 61.29500803557222
8282.23 60.98580447207247
8574.46 61.223083180565894
8876.22 61.07373176394209
9189.7 60.74216842512884
9513.43 60.040727905946895
9848.88 60.38022735071662
10196.8 59.9585971027298
10556.4 59.58748757299985
10928.5 59.545337098720395
11313.7 59.68194647457632
11712.9 59.04955598612055
12126.0 58.75670528040031
12553.7 58.26431807743434
12996.1 57.57686895071741
13454.6 56.997364349599835
13928.5 56.557160547835835
14419.9 55.89261247419891
14928.2 54.72297191163214
15454.8 54.50707894707263
15999.8 53.994524775135645
16564.5 53.20114719262541
17148.2 52.91326420174373
17753.2 52.326027944785366
18379.4 52.7001636870193
19027.6 52.35621723979473
19698.5 52.91894368106411
19999.5 56.056138929112464
