Freq "Front Wall Bounce"
22.4 23.170871291506714
23.0 28.744456726452242
23.6 31.250859028219892
24.0 29.335518622483747
25.0 31.000374588394422
25.8 39.005713996556736
26.5 45.36705202862096
27.2 46.91063218667257
28.0 47.22764982329828
29.0 44.6957295640252
30.0 46.55458243326122
30.7 51.6951082873842
31.5 52.090287992608054
32.5 53.33244268007654
33.5 55.31821896360695
34.5 57.19791113291983
35.5 58.63240303932842
36.5 60.11470344053292
37.5 61.76398515326861
38.7 64.41580961853687
40.0 64.48308037275025
41.2 65.84485837015231
42.5 66.563170324853
43.7 66.30557297733833
45.0 67.49286323941352
46.2 68.70251901911602
47.5 69.55141221160582
48.7 70.3942960051625
50.0 71.27754902609087
51.5 71.88959527909934
53.0 72.43266036603775
54.5 73.06323273118927
56.0 73.77262899732622
58.0 74.28599201008264
60.0 74.85922474034355
61.5 75.57461137251899
63.0 76.27461137251898
65.0 77.05922474034355
67.0 77.77461137251898
69.0 78.50452766632462
71.0 79.15922474034355
73.0 79.65922474034353
75.0 80.05922474034354
77.5 80.43000594973815
80.0 80.77099564494817
82.5 81.17099564494816
85.0 81.52672980524953
87.5 81.82672980524951
90.0 81.7846745682515
92.5 82.17099564494816
95.0 82.64317974105263
97.5 82.80128426632156
100.0 82.97461137251896
103.0 83.17725476600772
106.0 83.40821826404857
109.0 83.63599553087472
112.0 83.79222957090158
115.0 83.87918996503234
118.0 83.94838639938739
122.0 84.03290640729693
125.0 84.10350941018635
128.0 84.04642941234144
132.0 83.95956760385614
136.0 83.90155582327026
140.0 83.85725112639335
145.0 83.65725112639338
150.0 83.34283558126806
155.0 82.89929187245735
160.0 82.51352153955206
165.0 82.08468232747616
170.0 81.70095241079582
175.0 81.39022385672082
180.0 81.24833403830642
185.0 81.03257029806176
190.0 81.13095046954534
195.0 81.17358607709723
200.0 81.15922474034353
206.0 80.55922474034355
212.0 80.43035112767885
218.0 80.41419101404759
224.0 80.41285949540566
230.0 80.01388326914565
236.0 79.73293894997826
240.0 79.59536039812991
250.0 79.81181011634841
258.0 80.10629595964032
265.0 80.58796829637126
272.0 81.07195308469848
280.0 81.45859199518968
290.0 81.4566180936076
300.0 81.05725112639335
307.0 80.53199373280614
315.0 80.23043820671718
325.0 80.09372289795012
335.0 80.62797300160442
345.0 81.09433321022082
355.0 81.1351617675848
365.0 81.18291070182451
375.0 80.4768332547355
387.0 79.87933827221373
400.0 79.4578491250547
412.0 80.22225062059901
425.0 81.04083909655955
437.0 81.83300809374022
450.0 82.06884892592137
462.0 81.53208847864663
475.0 81.03834083645926
487.0 81.02468993989763
500.0 81.40232729983153
515.0 81.7641803286272
530.0 81.78800472436615
545.0 81.25106514516723
560.0 80.51275058023204
580.0 80.1909955689763
600.0 79.97686488549051
615.0 78.92101003533087
630.0 78.35399785145775
650.0 78.77837939039053
670.0 79.50477963884546
690.0 80.13235868176143
710.0 80.52630132006432
730.0 80.65583236337042
750.0 80.46046536396516
775.0 80.05923760047342
800.0 79.39468969576154
825.0 79.66193260250681
850.0 80.52789431937983
875.0 81.18978711567918
900.0 80.92393575300157
925.0 80.71026510020168
950.0 80.54264033031191
975.0 80.44582464124974
1000.0 80.10436817288276
1030.0 79.89419990788467
1060.0 79.68178667072443
1090.0 79.04963991309126
1120.0 78.57184237534221
1150.0 79.64079460257717
1180.0 79.89767448518194
1220.0 80.81200665055633
1250.0 81.7215412857631
1280.0 81.53599013034581
1320.0 81.21213079266116
1360.0 80.75676199205098
1400.0 80.20548989856843
1450.0 80.13004256875585
1500.0 79.1459964803884
1550.0 79.7850482669693
1600.0 80.04555520586673
1650.0 79.19981749974592
1700.0 79.27742104788827
1750.0 80.4254343815685
1800.0 79.53009123775426
1850.0 79.83793444251516
1900.0 80.5009619399463
1950.0 80.0374903645772
2000.0 80.07897239291113
2060.0 80.03027643877577
2120.0 80.99322816993698
2180.0 80.94620114746921
2240.0 80.1692056098378
2300.0 81.39128017948555
2360.0 81.0695131298533
2400.0 80.15920388412738
2500.0 80.76701917185666
2580.0 80.2052274521205
2650.0 80.1314733197758
2720.0 80.54528076250115
2800.0 80.6928718460408
2900.0 80.58333274139663
3000.0 81.051940107882
3070.0 80.42533600409698
3150.0 81.84295798951736
3250.0 82.4535212914828
3350.0 80.26903353117793
3450.0 81.34402120730218
3550.0 81.38650302447822
3650.0 81.76513486327218
3750.0 80.17662863398208
3870.0 81.2301365238693
4000.0 81.33591369605797
4120.0 80.3994817685151
4250.0 82.08182136940205
4370.0 81.8491520708647
4500.0 81.56789404396721
4620.0 81.70361901737509
4750.0 82.0410904817051
4870.0 82.51248146081736
5000.0 82.27367637016769
5150.0 82.55136913251883
5300.0 84.11557633406072
5450.0 84.83939602889525
5600.0 86.12797675429535
5800.0 84.4017455521094
6000.0 79.24794901675507
6150.0 82.25484879159158
6300.0 85.19891510178645
6500.0 84.91909137862977
6700.0 82.91274318127493
6900.0 80.58609735499458
7100.0 83.52390352658463
7300.0 83.23636301778984
7500.0 82.81840908378811
7750.0 81.90275727929615
8000.0 80.00129374746591
8250.0 81.1003973275561
8500.0 83.34083999654148
8750.0 83.4164109389205
9000.0 81.00711075532384
9250.0 81.72430158857277
9500.0 86.46952698592524
9750.0 82.69827253184091
10000.0 78.4869067118951
10300.0 83.76850679438996
10600.0 85.68983054235355
10900.0 80.27851478850772
11200.0 82.79444497444275
11500.0 83.81680394752404
11800.0 76.26095768282123
12200.0 82.22046164047917
12500.0 83.31652083944347
12800.0 79.53434515822977
13200.0 83.27094826480665
13600.0 80.9174579285828
14000.0 76.47530747368111
14500.0 80.6711389794239
15000.0 76.67842280977472
15500.0 81.3259518497273
16000.0 77.94136039021707
16500.0 77.31616005289159
17000.0 76.70858280827738
17500.0 78.996306032173
18000.0 80.45219606411665
18500.0 75.15303083369474
19000.0 74.47055340879227
19500.0 78.94135344051139
