Freq "Total Early Reflection"
22.4 23.702158084889632
23.0 29.18023312626552
23.6 31.58011652879479
24.0 29.884473204742292
25.0 31.651894848181357
25.8 39.84414698048825
26.5 46.18074211418134
27.2 46.630899219681666
28.0 46.22411678460726
29.0 44.204553775359
30.0 46.88099219422067
30.7 52.56083733127598
31.5 51.90750699676572
32.5 52.44503359889812
33.5 54.205246299706985
34.5 55.90000763411261
35.5 57.16560518672502
36.5 58.86787286169083
37.5 60.987131644063496
38.7 64.2032456675037
40.0 63.733994102877844
41.2 64.79742652020495
42.5 65.56768140859033
43.7 65.39364746013165
45.0 66.30097621871786
46.2 67.3818949306351
47.5 68.28316284269646
48.7 69.19885054052412
50.0 70.15086453233248
51.5 70.78191801714627
53.0 71.34195084641128
54.5 71.98481724105444
56.0 72.70058856136694
58.0 73.2885431269406
60.0 73.87436161091613
61.5 74.58732970074205
63.0 75.24676847258236
65.0 76.0032296114138
67.0 76.68007499614635
69.0 77.33744489324145
71.0 77.98342485338667
73.0 78.45820370231006
75.0 78.85478371958554
77.5 79.21614396306754
80.0 79.579892510739
82.5 80.01867623299587
85.0 80.38341307984167
87.5 80.75427212883788
90.0 80.73402963740894
92.5 81.14784862154436
95.0 81.64202127699723
97.5 81.78349665652497
100.0 81.99734336849959
103.0 82.22354758891721
106.0 82.46198957744267
109.0 82.6714912984354
112.0 82.79959355688828
115.0 82.77990819561383
118.0 82.72149836331268
122.0 82.66081523949232
125.0 82.62180611528083
128.0 82.49050134606972
132.0 82.32968232338656
136.0 82.20848288216595
140.0 82.15610234912819
145.0 81.92040605064415
150.0 81.55446241132731
155.0 81.08435230325894
160.0 80.62139621210126
165.0 80.12552256588174
170.0 79.76587558441649
175.0 79.35769374148359
180.0 79.11732240887464
185.0 78.88391802130413
190.0 78.90564227326269
195.0 78.96648017575392
200.0 78.91868404436431
206.0 78.3110835947758
212.0 78.16479979128381
218.0 78.20346162428808
224.0 78.29992808835648
230.0 78.09604113627928
236.0 77.92105537896018
240.0 77.73083409846049
250.0 77.745365279712
258.0 77.93608386937176
265.0 78.40376322744152
272.0 78.82582433556915
280.0 79.15531879276583
290.0 79.20590755990685
300.0 78.87167237832176
307.0 78.38533854071751
315.0 78.01919630800595
325.0 77.73999143221184
335.0 78.1760507904225
345.0 78.60918453977129
355.0 78.72085139911731
365.0 78.69999828405344
375.0 78.00388908154414
387.0 77.39175604341776
400.0 77.1157324518414
412.0 77.83693132478182
425.0 78.63948416953232
437.0 79.30019995357618
450.0 79.36881104855995
462.0 78.73958929698652
475.0 78.37338956574355
487.0 78.70520682780361
500.0 79.37369198807444
515.0 79.80066595701584
530.0 79.74375769238452
545.0 78.95040310934372
560.0 77.92155590855887
580.0 77.3712042181548
600.0 76.73320110361385
615.0 75.78196324462327
630.0 75.6855827021347
650.0 76.2419801497644
670.0 76.76990987473171
690.0 77.07505285059598
710.0 77.05497880738993
730.0 76.8739945442539
750.0 76.73760160055019
775.0 76.38537204150474
800.0 75.76321976000126
825.0 76.0686316399967
850.0 76.58686735870127
875.0 77.16419998712239
900.0 77.03088980529014
925.0 76.930536755289
950.0 76.84459643682773
975.0 76.71065348567011
1000.0 76.31435979882998
1030.0 76.1495555449214
1060.0 76.09306317910249
1090.0 75.31976976177388
1120.0 74.46846807710826
1150.0 74.93817494801168
1180.0 74.80473401879931
1220.0 75.00876056449361
1250.0 75.83542599874124
1280.0 76.003242722498
1320.0 75.6780900052826
1360.0 75.22575658923914
1400.0 74.72757448768901
1450.0 74.86438421553329
1500.0 74.11244415134527
1550.0 74.9148677883493
1600.0 75.41758598796044
1650.0 74.65412369686157
1700.0 74.97929861376365
1750.0 76.44858872989424
1800.0 76.04534940046295
1850.0 76.28479825070254
1900.0 77.07381627868254
1950.0 76.6087093233184
2000.0 76.45895608409937
2060.0 75.85598095079384
2120.0 76.6648814651565
2180.0 76.27613799553446
2240.0 75.30115750930642
2300.0 76.45221247121763
2360.0 76.2009494713388
2400.0 75.01930223350587
2500.0 75.51216264936393
2580.0 75.15322926359107
2650.0 75.38398076668523
2720.0 75.76057996964273
2800.0 75.80216318463653
2900.0 76.14153089603921
3000.0 76.1191120647832
3070.0 75.1483316214939
3150.0 76.26512141375707
3250.0 76.89857959284362
3350.0 74.97577033272417
3450.0 76.01530679885023
3550.0 76.20068194753021
3650.0 76.73675838652217
3750.0 74.98352404843683
3870.0 75.98879155265168
4000.0 75.9262592965162
4120.0 74.73123542006144
4250.0 76.1660191193201
4370.0 76.09171986582237
4500.0 75.70206008307305
4620.0 75.77424403392304
4750.0 76.1871452545849
4870.0 76.6178756298216
5000.0 76.49548716223404
5150.0 76.7829878505525
5300.0 78.22128373928565
5450.0 78.96124085567332
5600.0 80.13144200466552
5800.0 78.16779909014033
6000.0 73.1035655064871
6150.0 76.13203203340373
6300.0 79.02750184310153
6500.0 78.88333637737621
6700.0 77.03337197702434
6900.0 74.66985855601824
7100.0 77.60679434224396
7300.0 77.51975506690557
7500.0 77.23238927886511
7750.0 76.05901956783286
8000.0 73.89063125327253
8250.0 74.8878033056707
8500.0 77.2866474353013
8750.0 77.41767040158703
9000.0 74.89697033172446
9250.0 75.62377347129835
9500.0 80.55702004609755
9750.0 76.78935171719105
10000.0 72.58876594913379
10300.0 78.00381902759153
10600.0 79.77577784075
10900.0 74.19950559283008
11200.0 76.70689170388587
11500.0 77.73469456891436
11800.0 70.40878784771779
12200.0 76.54686564292321
12500.0 77.58899712298283
12800.0 73.58803961763411
13200.0 77.49174278734144
13600.0 75.12788512204487
14000.0 70.35993898621687
14500.0 74.6569400264652
15000.0 70.74790985557517
15500.0 75.35692301065775
16000.0 72.02839097799358
16500.0 71.5325310751498
17000.0 71.05380183423031
17500.0 73.37792126284283
18000.0 75.1015258482214
18500.0 69.90592430912147
19000.0 69.0498139428015
19500.0 73.19352594806001
