Freq "Sound Power DI"
20.5078 40.17863806661936
21.9727 40.26717872128059
23.4375 40.30150686732807
24.9023 40.36347072808829
26.3672 40.18003998928529
27.832 40.19028001999668
29.2969 40.26090505366777
30.7617 40.32708790785506
32.2266 40.243225459944796
33.6914 40.24832796155734
35.1562 40.27464723575463
36.6211 40.24746021406615
38.0859 40.20362933354855
39.5508 40.20896394817976
41.0156 40.184365195720375
42.4805 40.271598911328056
43.9453 40.29290003501083
45.4102 40.271305474235945
46.875 40.30354157297535
48.3398 40.31415460873717
51.2695 40.29010233897566
52.7344 40.26497844674485
54.1992 40.243572463921694
55.6641 40.251584400234734
58.5938 40.34862261112646
60.0586 40.34348325351637
62.9883 40.38194998232112
64.4531 40.34812122549877
67.3828 40.289530698551715
68.8477 40.25951408522721
71.7773 40.24879884894678
74.707 40.25609538970028
77.6367 40.243598007249844
79.1016 40.272144805818
82.0312 40.320054875744745
84.9609 40.31605303947144
87.8906 40.28269683768555
90.8203 40.33708559158879
95.2148 40.31917971089041
98.1445 40.33243973274372
101.074 40.30981451911644
105.469 40.35870653722908
108.398 40.470452789323815
112.793 40.456983743262384
117.188 40.55083396544019
120.117 40.671457909961134
124.512 40.609514684727756
128.906 40.51227147851104
133.301 40.540506916821755
139.16 40.60799885812756
143.555 40.65649648439066
147.949 40.60423348508807
153.809 40.692862293063186
159.668 40.64795590169001
165.527 40.63810195706776
171.387 40.71128133990956
177.246 40.89562661216942
183.105 40.97836597410168
188.965 40.90554862219841
196.289 41.037277834822405
203.613 41.28245378778709
210.938 41.18846977680586
218.262 41.093870053999225
225.586 41.343556019109585
232.91 41.47186407513584
241.699 41.45237771950903
250.488 41.78723205795339
259.277 41.67562642609778
268.066 41.8312363399898
276.855 41.78307841098618
287.109 41.7949059213785
297.363 42.13055825258678
307.617 42.099291389244016
319.336 42.24563395177661
329.59 42.033409769747294
341.309 42.343566404324136
353.027 42.43076943295307
366.211 42.78289149444892
379.395 42.45663979912874
392.578 42.415297039720315
405.762 42.74794584241205
420.41 42.49434276363556
435.059 42.760286378662755
451.172 42.887570412054956
465.82 43.00011904375877
483.398 42.809245131690105
499.512 43.091647037312285
517.09 42.893294386935196
536.133 43.86979758906875
555.176 43.6884864015977
574.219 43.499998187876756
594.727 44.09231436424953
615.234 43.78059600043041
637.207 43.98016018074074
659.18 44.085949364350355
682.617 44.0884321937196
707.52 44.28748849420424
732.422 44.420712223268424
757.324 44.631840598755645
785.156 44.83303989669203
811.523 45.10037177397656
840.82 45.552188826234996
870.117 45.81591711860523
900.879 45.82503003033392
933.105 46.0888639930083
965.332 46.05903602365967
1000.49 46.07418728829886
1035.64 45.81406844837008
1072.27 45.73232925851528
1108.89 45.86052924466142
1148.44 45.674030448870965
1189.45 45.63628870975039
1230.47 45.81009920097563
1274.41 45.88702785939209
1319.82 45.95325295591036
1366.7 45.79987883348707
1413.57 45.511637838167616
1463.38 45.03003662952935
1516.11 45.06896860130058
1568.85 44.72838115183406
1624.51 45.271760327906605
1681.64 45.451343510644875
1741.7 45.578868560296
1803.22 45.24651187626321
1866.21 45.0867197258183
1932.13 45.28735168495169
1999.51 45.55166016833125
2069.82 45.72839336494752
2143.07 45.456579907590566
2219.24 44.797139541838305
2296.88 44.20471268897995
2378.91 44.45873435929697
2462.4 44.87865990981547
2548.83 44.77021388782484
2639.65 43.90681211898229
2731.93 43.803583296371514
2828.61 44.42275025493707
2928.22 44.75006681780003
3030.76 44.882215950804905
3137.7 44.85939105898227
3249.02 44.986234094949864
3363.28 45.43861048724895
3481.93 45.55746219885586
3604.98 45.797874936603165
3732.42 46.44588783794555
3864.26 46.23475689933585
4000.49 46.70148929467055
4141.11 47.40383747288365
4287.6 47.39935205432403
4438.48 47.105108156768935
4595.21 47.076269892917466
4756.35 47.362112946498144
4924.8 47.04378182764154
5097.66 47.277581745969655
5277.83 46.73801621679182
5463.87 46.83455020403336
5657.23 46.575545023823636
5856.45 46.557009389556114
6062.99 46.69115097664523
6276.86 46.656296845073484
6498.05 46.86275845967276
6726.56 46.63508302124876
6963.87 46.56349578271667
7209.96 46.63730700958352
7464.84 46.57429163008115
7727.05 46.84010948781514
7999.51 46.799212263743144
8282.23 47.362267212322806
8573.73 47.705573903012436
8876.95 47.918269132009925
9188.96 47.84496219244269
9514.16 47.899906130962506
9849.61 48.000446554528466
10196.8 48.27651777071958
10555.7 48.45272100553558
10927.7 48.52199432107837
11313.0 48.56470169645054
11712.9 48.56823220211609
12126.0 48.70821916483207
12553.7 48.55498383770332
12996.1 48.545824036354105
13454.6 48.552774515092835
13929.2 48.79886044514994
14419.9 49.37351502853922
14928.2 49.7355683191669
15455.6 49.80682221066171
16000.5 49.72595727245661
16564.5 49.937687293495955
17148.9 49.94929121470375
17752.4 49.603420763000074
18379.4 49.55051545947262
19026.9 49.468625492667826
19697.8 48.89290016420978
19999.5 48.5193025117142
