Freq "Rear Wall Bounce"
20.5078 93.82392076297313
21.9727 95.51385078889842
23.4375 96.4776067199017
24.9023 97.41670148174273
26.3672 97.92279709367517
27.832 98.39867722129513
29.2969 98.84034404920035
30.7617 99.0482355658759
32.2266 99.28426182330426
33.6914 99.5115330564603
35.1562 99.69723319487345
36.6211 99.87470980961335
38.0859 99.99890991934579
39.5508 100.1033315177898
41.0156 100.18615317669898
42.4805 100.27746254960411
43.9453 100.34361106453936
45.4102 100.42323757555315
46.875 100.50821022072421
48.3398 100.54681062777777
51.2695 100.62500670163459
52.7344 100.69921163632145
54.1992 100.75205923847855
55.6641 100.74236663240546
58.5938 100.75855522332807
60.0586 100.77619944129195
62.9883 100.76637723754686
64.4531 100.75536859440284
67.3828 100.7109948256336
68.8477 100.69805808910152
71.7773 100.66982553030392
74.707 100.68052827598788
77.6367 100.76126653142269
79.1016 100.8111134648871
82.0312 100.9243303214245
84.9609 100.96781152775458
87.8906 101.13899340237126
90.8203 101.31631908609039
95.2148 101.36256354708621
98.1445 101.37839559664839
101.074 101.42158116095425
105.469 101.42966172418795
108.398 101.43731758603477
112.793 101.36820056485297
117.188 101.3264029104203
120.117 101.36488408989676
124.512 101.33874338363572
128.906 101.23887788552577
133.301 101.25833252850208
139.16 101.20898487436257
143.555 101.15976515119654
147.949 101.11544501372919
153.809 101.04778993180545
159.668 100.96625743397851
165.527 100.77833786276649
171.387 100.60896028186228
177.246 100.36740861476275
183.105 99.87081970991268
188.965 99.44538554565679
196.289 99.52482548924522
203.613 99.25236313843817
210.938 98.69311425484668
218.262 98.65527369497151
225.586 98.72747027635447
232.91 98.60013637586138
241.699 99.38928779110171
250.488 98.9725215194995
259.277 99.14134126910389
268.066 98.12900412663646
276.855 97.11940631627472
287.109 97.89237745409338
297.363 96.95668823804453
307.617 97.34161904764409
319.336 97.08611441326352
329.59 96.40677324837824
341.309 96.02400885609941
353.027 96.52045070498272
366.211 95.65143296702203
379.395 96.52279702401896
392.578 96.58375558032765
405.762 95.18021471158423
420.41 94.52755257848368
435.059 94.05622223381738
451.172 93.7398035827728
465.82 93.43809064399528
483.398 93.35658814032024
499.512 93.71460654984567
517.09 93.8216322360137
536.133 93.7794563507069
555.176 92.60894170084549
574.219 93.79120340005998
594.727 92.75073651944209
615.234 93.22950368701945
637.207 93.14324922991725
659.18 93.55105985418297
682.617 93.16949895442892
707.52 92.19290031096568
732.422 93.07338312752007
757.324 93.18884918500041
785.156 92.86486876704558
811.523 92.8106970050039
840.82 91.95465426905643
870.117 92.07400848734412
900.879 91.46757428138432
933.105 90.77543214810575
965.332 91.08197116836183
1000.49 91.76524726063204
1035.64 91.24723129139211
1072.27 91.23378084065429
1108.89 89.8924187603587
1148.44 89.31870249263154
1189.45 89.56009522134985
1230.47 89.66292179740006
1274.41 90.23789623576795
1319.82 89.77019603660455
1366.7 88.9617781319128
1413.57 89.15159319538226
1463.38 88.24539276721754
1516.11 87.82840141625985
1568.85 86.9198930022292
1624.51 86.883588400811
1681.64 87.46721756671066
1741.7 85.58946273087082
1803.22 85.96002960695449
1866.21 86.89102495489598
1932.13 87.194864546667
1999.51 85.99401952024328
2069.82 85.54019005476849
2143.07 85.59262681461938
2219.24 84.83149641866066
2296.88 85.75389178597023
2378.91 87.12918699252106
2462.4 86.71333082511043
2548.83 86.08335280580948
2639.65 83.6729700175019
2731.93 83.91439456061882
2828.61 82.87160695458275
2928.22 82.9661111615921
3030.76 82.58413845567411
3137.7 82.64597942833099
3249.02 82.81543764915696
3363.28 82.41033138918411
3481.93 82.09184766477001
3604.98 81.21735166126444
3732.42 81.69420652405327
3864.26 81.21246418827803
4000.49 81.13082841499849
4141.11 80.20669966510228
4287.6 80.58999726115451
4438.48 79.96893754364969
4595.21 79.73786872073133
4756.35 79.85696762353408
4924.8 79.88426589716684
5097.66 79.30229590481807
5277.83 79.90254521594449
5463.87 79.18534863909781
5657.23 79.71013846488957
5856.45 79.23389921673476
6062.99 78.8799047783834
6276.86 79.41803433880261
6498.05 78.50148392079251
6726.56 78.66786617698676
6963.87 77.7762068573679
7209.96 77.27004650803507
7464.84 76.11698316065612
7727.05 75.77398290338435
7999.51 75.68922692162745
8282.23 75.73507169740871
8573.73 76.73856780093556
8876.95 77.11678657375256
9188.96 76.76184555703544
9514.16 76.17601312740645
9849.61 75.24278851082971
10196.8 74.19358183831937
10555.7 73.2784744710332
10927.7 72.74502350002362
11313.0 72.51858988662065
11712.9 72.19341325414089
12126.0 71.71191592790112
12553.7 70.88457690430357
12996.1 70.52690226579861
13454.6 70.61951938360741
13929.2 71.08202574809948
14419.9 71.10411573743062
14928.2 71.80226934688721
15455.6 72.23268116541493
16000.5 72.75580646252413
16564.5 73.09424908686029
17148.9 73.81453977105338
17752.4 73.8078493612519
18379.4 73.10003188068148
19026.9 72.5827322116649
19697.8 73.20619153121078
19999.5 74.20804774091931
