Freq "Early Reflections DI"
20.5078 48.90328062059265
21.9727 48.92515858298782
23.4375 49.26475791913322
24.9023 49.44086534068856
26.3672 49.51319719390284
27.832 49.6840215743041
29.2969 49.792816188924064
30.7617 49.88648982676787
32.2266 49.96950738265494
33.6914 50.011750912873254
35.1562 50.04975553405889
36.6211 50.08901780914354
38.0859 50.11529477878952
39.5508 50.13307866388888
41.0156 50.150834688485816
42.4805 50.16381205614819
43.9453 50.18125068338442
45.4102 50.19880266970861
46.875 50.21730338059922
48.3398 50.21866530077345
51.2695 50.242901804372394
52.7344 50.256369233287046
54.1992 50.26960932955164
55.6641 50.27096799941694
58.5938 50.32467695754535
60.0586 50.3302981346652
62.9883 50.31582968217948
64.4531 50.31828110609948
67.3828 50.33426566024879
68.8477 50.34190401981654
71.7773 50.34581625902966
74.707 50.360173587513245
77.6367 50.371756881207816
79.1016 50.38623453772195
82.0312 50.41618249146465
84.9609 50.42914009905013
87.8906 50.43517649855583
90.8203 50.45678539799165
95.2148 50.49108952810616
98.1445 50.51211928347081
101.074 50.51381964325083
105.469 50.54362476881464
108.398 50.56411865273827
112.793 50.61798935959003
117.188 50.675699191183654
120.117 50.73752297324256
124.512 50.720915979053046
128.906 50.735933447725515
133.301 50.79190891118107
139.16 50.80319832331888
143.555 50.86076183485822
147.949 50.859967759028905
153.809 51.01704712182175
159.668 51.066543468747795
165.527 51.13848037749132
171.387 51.11073757184256
177.246 51.01122059018829
183.105 51.13463839509876
188.965 51.179863546220815
196.289 51.166475577405535
203.613 51.18210261750389
210.938 51.262634308226964
218.262 51.328378786306274
225.586 51.27510093679611
232.91 51.494415323666644
241.699 51.79847157585773
250.488 51.84123824105512
259.277 51.534706922059286
268.066 51.56038041128426
276.855 51.49653559233586
287.109 51.6227616534501
297.363 51.71394850949844
307.617 51.688500046997476
319.336 51.96678697723523
329.59 51.66514337517549
341.309 51.55684448628506
353.027 51.77813335110481
366.211 51.88489976436654
379.395 52.030290947539086
392.578 52.12594068774075
405.762 52.10762220727072
420.41 52.32476666816392
435.059 52.11892818557041
451.172 51.885951315458854
465.82 52.326546823623445
483.398 52.525841351157496
499.512 52.59931508623572
517.09 52.48931189095775
536.133 51.916186291196254
555.176 52.28669405161905
574.219 52.401517254225936
594.727 51.801815026830354
615.234 51.773084227879295
637.207 52.43484564409252
659.18 52.378853478977476
682.617 52.038443481905944
707.52 52.08223937106325
732.422 52.413205325242515
757.324 51.457563331301856
785.156 51.126547914505906
811.523 51.1996166759607
840.82 51.92959921691238
870.117 52.385040602035815
900.879 51.564475242567354
933.105 52.179844256682
965.332 52.28368334451673
1000.49 52.15727362310122
1035.64 52.73640882942483
1072.27 53.108807088778036
1108.89 53.19221239838343
1148.44 53.24323690779046
1189.45 52.79288217466116
1230.47 53.50004418528633
1274.41 53.80836416830289
1319.82 53.87135317444762
1366.7 53.535812728865935
1413.57 53.19064073664235
1463.38 53.18578144775387
1516.11 53.265638397535966
1568.85 54.383588666209064
1624.51 54.81253965069095
1681.64 54.53256747489016
1741.7 55.101471229653114
1803.22 55.42351195774533
1866.21 55.530718322396936
1932.13 55.659568575743506
1999.51 55.5381977270612
2069.82 55.01359410487301
2143.07 54.54929545933588
2219.24 54.438385230856625
2296.88 54.52316646911052
2378.91 54.48241511756872
2462.4 54.24846428438859
2548.83 54.18084388393234
2639.65 54.47810949025015
2731.93 54.4698701263229
2828.61 54.34167823794159
2928.22 54.224265964512355
3030.76 54.705976342743426
3137.7 54.615308120886695
3249.02 54.148652031286545
3363.28 54.666152903181114
3481.93 54.6145088534482
3604.98 54.350012369965185
3732.42 54.5818390244233
3864.26 54.38326341150227
4000.49 54.8625642408127
4141.11 54.869508915133366
4287.6 54.936341265759125
4438.48 55.27728353335121
4595.21 55.15332449503421
4756.35 55.12340828609068
4924.8 54.866401374278496
5097.66 54.72576216629729
5277.83 54.56974663560604
5463.87 54.564301502577294
5657.23 54.58429895398368
5856.45 54.928632523297324
6062.99 55.12462297756406
6276.86 55.403493673822794
6498.05 55.12402431084874
6726.56 55.090240772508025
6963.87 54.78876089451171
7209.96 54.70950523233583
7464.84 54.761988394098765
7727.05 54.828824721151435
7999.51 55.08694199014904
8282.23 54.99403582093157
8573.73 55.013789076659336
8876.95 54.891018377417396
9188.96 54.61711056508648
9514.16 55.01972600506744
9849.61 55.21135899466654
10196.8 55.30040633188989
10555.7 55.47885596057941
10927.7 55.425158564788006
11313.0 55.27660045163843
11712.9 55.49997028214963
12126.0 55.42481850087793
12553.7 55.30846860499369
12996.1 55.162979615124286
13454.6 55.25652827441672
13929.2 55.23760911829014
14419.9 55.22431593521769
14928.2 54.90500706579921
15455.6 54.098691144859146
16000.5 55.21767360832665
16564.5 54.69982038660268
17148.9 54.57159047056031
17752.4 55.542742364877256
18379.4 54.945327023709766
19026.9 53.801912499399705
19697.8 52.804999282125166
19999.5 52.700289186039186
