Freq "Sound Power DI"
20.5078 48.45731860899727
21.9727 48.572318183764054
23.4375 49.05349706907617
24.9023 49.28854386289447
26.3672 49.42140669968859
27.832 49.67029836333978
29.2969 49.81995606008687
30.7617 49.96030663197294
32.2266 50.09563079484248
33.6914 50.159561649568744
35.1562 50.210947261680616
36.6211 50.274692716517876
38.0859 50.314860559791086
39.5508 50.33829480428531
41.0156 50.36468802082567
42.4805 50.382041942114924
43.9453 50.409641423098535
45.4102 50.439548618194934
46.875 50.47322117595171
48.3398 50.46779873610579
51.2695 50.50798322826273
52.7344 50.531679141142234
54.1992 50.55475637410282
55.6641 50.55351323411236
58.5938 50.66338009103583
60.0586 50.67232287983653
62.9883 50.633966997820096
64.4531 50.63331385312938
67.3828 50.65222439532285
68.8477 50.663429674775315
71.7773 50.6611956235199
74.707 50.6815609468336
77.6367 50.697042004030266
79.1016 50.723538415092804
82.0312 50.781615271378016
84.9609 50.80148800891938
87.8906 50.80568649629652
90.8203 50.84437365011868
95.2148 50.90309938732119
98.1445 50.942433698092586
101.074 50.94678121887145
105.469 51.00435051823136
108.398 51.039853021926035
112.793 51.135849658614276
117.188 51.2335880818067
120.117 51.36955051144405
124.512 51.35540745539784
128.906 51.37327000009286
133.301 51.50151333012373
139.16 51.49392586496758
143.555 51.604901477203256
147.949 51.60567152450078
153.809 51.99292866891702
159.668 52.095943610399516
165.527 52.263841690193445
171.387 52.226511076668956
177.246 51.97696771392083
183.105 52.247919922507606
188.965 52.3876540203394
196.289 52.33151474949143
203.613 52.3178291592986
210.938 52.46943287145626
218.262 52.6714229198696
225.586 52.49762182621727
232.91 53.01441403392063
241.699 53.888609363339725
250.488 54.15367661197749
259.277 53.2875672211905
268.066 53.28758692969092
276.855 53.077841438151296
287.109 53.43551444273308
297.363 53.636526060098404
307.617 53.60359013687959
319.336 54.45158062710925
329.59 53.54057341826115
341.309 53.15110351026769
353.027 53.675124900403034
366.211 54.087748989487324
379.395 54.2234750562033
392.578 54.52604423264745
405.762 54.45282254599495
420.41 54.734386014238694
435.059 54.32344805257067
451.172 53.668557781326854
465.82 54.901061702431235
483.398 55.252565006970926
499.512 55.29039965854696
517.09 54.82517689374498
536.133 53.84972875249659
555.176 54.48972853891088
574.219 54.62461601870153
594.727 53.92861937207023
615.234 54.10359212720833
637.207 55.10293774503694
659.18 54.9971029193602
682.617 54.25563952080262
707.52 54.418022801173265
732.422 54.767433524050105
757.324 53.96741635679429
785.156 53.67347753109769
811.523 54.096952999763474
840.82 54.79746522528829
870.117 56.148500928564104
900.879 55.513023476773924
933.105 56.0616757154785
965.332 56.073276575085
1000.49 55.831129456026275
1035.64 56.91661042600188
1072.27 57.64665373153929
1108.89 57.5796898628852
1148.44 57.30176059906779
1189.45 56.91987382235921
1230.47 57.8763302787016
1274.41 58.105730504790714
1319.82 58.09887177714046
1366.7 57.6563077845847
1413.57 57.53906047318583
1463.38 57.838392708244584
1516.11 58.234024510104675
1568.85 59.527812541311434
1624.51 59.54226808363465
1681.64 58.93667693965611
1741.7 59.596848019983995
1803.22 59.80409028618263
1866.21 59.91907124610363
1932.13 60.29145487782566
1999.51 60.30685699172464
2069.82 59.621697575936565
2143.07 58.887952279999936
2219.24 58.835429720156455
2296.88 59.10814665642292
2378.91 59.03484841390062
2462.4 58.90064598797771
2548.83 59.09464653242782
2639.65 59.17661146731653
2731.93 59.056432265393866
2828.61 59.044002479373404
2928.22 58.79001292763907
3030.76 59.05423585288224
3137.7 59.04623781627885
3249.02 58.731581412554846
3363.28 59.137806961449385
3481.93 58.75466114548338
3604.98 58.558361627051994
3732.42 58.75899988181746
3864.26 58.46643072127844
4000.49 59.05059603215442
4141.11 59.03873030385542
4287.6 59.168497862080415
4438.48 59.50400715008162
4595.21 59.34680884606509
4756.35 59.30866211870935
4924.8 59.18333722950851
5097.66 59.12220596855285
5277.83 58.98608533146643
5463.87 58.86049446295786
5657.23 58.971283068508825
5856.45 59.13725558358735
6062.99 59.6123733419021
6276.86 59.90468131291226
6498.05 59.65444163908221
6726.56 59.659969230386665
6963.87 59.43368329333275
7209.96 59.35351397876697
7464.84 59.424132363409925
7727.05 59.4675350384378
7999.51 59.6653811747622
8282.23 59.63553912096691
8573.73 59.70315619407759
8876.95 59.829612434859044
9188.96 59.7608107110356
9514.16 59.66605628025495
9849.61 59.69815861512369
10196.8 59.83423969959085
10555.7 59.866502571937886
10927.7 59.97674741212208
11313.0 59.895493818122844
11712.9 59.74820448428281
12126.0 59.83483111373383
12553.7 59.96753654486709
12996.1 59.83533058642921
13454.6 59.791394990035954
13929.2 59.87358192133982
14419.9 59.969149103143906
14928.2 59.76789450253844
15455.6 59.51891625631367
16000.5 60.06749993101114
16564.5 59.56817497483142
17148.9 60.53306840184115
17752.4 61.71439683258255
18379.4 58.56589384804988
19026.9 58.653752382205184
19697.8 57.122569844641205
19999.5 56.72309451391598
