Freq "Listening Window"
20.5078 69.52914399961595
21.9727 63.9330716475514
23.4375 63.0857963986106
24.9023 68.11481258223706
26.3672 68.72953209680031
27.832 66.8128862039342
29.2969 68.20414536246805
30.7617 72.24563967621391
32.2266 75.01567794365553
33.6914 76.42325220360587
35.1562 76.24396611424584
36.6211 75.09664398989135
38.0859 75.87641079980966
39.5508 78.00415919548684
41.0156 79.6457906919635
42.4805 80.53572775697275
43.9453 80.2496964678932
45.4102 79.4073045730613
46.875 78.8698223650503
48.3398 78.66891974298468
51.2695 80.60479167554186
52.7344 81.29502696539295
54.1992 81.43621984681525
55.6641 81.52939355366348
58.5938 81.14639073203267
60.0586 80.61590043962566
62.9883 80.82569728294293
64.4531 81.41534666665794
67.3828 82.55035169660877
68.8477 82.74144142751516
71.7773 82.89845039125925
74.707 82.81892254228386
77.6367 82.90281897689358
79.1016 82.97947558142766
82.0312 83.49620836734488
84.9609 83.87089042863747
87.8906 83.82759582563202
90.8203 84.14698541668096
95.2148 84.89012300908972
98.1445 85.43026177705339
101.074 85.94440732509095
105.469 86.07726589948453
108.398 86.21182676925197
112.793 86.39996184270109
117.188 86.4536467228451
120.117 86.97529165526088
124.512 87.42373703694241
128.906 87.94375780413895
133.301 88.20002081362958
139.16 88.0996148281962
143.555 87.74058990149445
147.949 88.36624327021514
153.809 88.73641428676049
159.668 88.76230667542592
165.527 88.66780752045634
171.387 88.63943077019503
177.246 88.63624421302352
183.105 88.72185232224038
188.965 88.58397703545657
196.289 88.58760301304851
203.613 88.73616984029579
210.938 88.57278288823449
218.262 88.15734626268207
225.586 88.319003348207
232.91 88.02556046361806
241.699 87.73292248962198
250.488 87.9045444650819
259.277 87.67852660088812
268.066 87.4089510304985
276.855 87.4368288088066
287.109 86.93246754778659
297.363 87.22992684261087
307.617 86.69328873343188
319.336 86.55943609691172
329.59 86.11839505202947
341.309 86.01084552241223
353.027 85.76095969777148
366.211 85.90363704428225
379.395 85.52419105466387
392.578 85.72361582821026
405.762 86.00862923947444
420.41 86.30046739266479
435.059 85.0789300408963
451.172 86.36105891172934
465.82 86.63698877585459
483.398 85.68713757329314
499.512 85.74150178843723
517.09 84.94405832500841
536.133 85.03381346903599
555.176 85.23193993177384
574.219 84.56122348216789
594.727 84.57406748320513
615.234 84.4025601912031
637.207 84.24017508349797
659.18 84.30302544457727
682.617 84.29387639067076
707.52 83.94271618961392
732.422 84.12652251485069
757.324 84.06392283317129
785.156 81.92627548262726
811.523 83.34466148142079
840.82 87.80238580501171
870.117 87.2635451567076
900.879 86.94661277382764
933.105 86.01411294024447
965.332 85.92191433556187
1000.49 84.66259193890761
1035.64 84.53986099022795
1072.27 84.25683932848449
1108.89 84.02467782029399
1148.44 83.0520119871449
1189.45 83.58786852584751
1230.47 86.39252613826244
1274.41 85.22674393501224
1319.82 84.96170626681376
1366.7 84.31572745973318
1413.57 83.66116646966366
1463.38 85.56275542646843
1516.11 86.32484402722375
1568.85 85.58061910776827
1624.51 85.03618537092021
1681.64 85.06050504706072
1741.7 86.13461071800748
1803.22 86.42700330316316
1866.21 85.88115625203119
1932.13 84.7406089625322
1999.51 85.23458221510589
2069.82 85.70667036650244
2143.07 85.42191917260506
2219.24 84.9561656907193
2296.88 85.53524196833456
2378.91 85.77324665308258
2462.4 85.46738788571082
2548.83 85.33348506205243
2639.65 84.85995469521028
2731.93 84.14816566781565
2828.61 84.38485061796835
2928.22 83.57752845402506
3030.76 84.10555656371838
3137.7 84.96273825321491
3249.02 84.79001833134518
3363.28 85.33098496339089
3481.93 85.99563973679682
3604.98 86.08524373077908
3732.42 86.46515379896105
3864.26 86.76354597577685
4000.49 86.89610931668709
4141.11 87.07283055575323
4287.6 86.98157879061398
4438.48 86.85980999172307
4595.21 87.66305401115184
4756.35 86.87486488178197
4924.8 87.23865396726694
5097.66 87.95454516148368
5277.83 87.46309556579101
5463.87 88.66399614876548
5657.23 88.6203386904619
5856.45 88.98886721420706
6062.99 89.13548534817862
6276.86 89.48189529783546
6498.05 90.0502462456321
6726.56 89.64466323139779
6963.87 89.40040332782633
7209.96 89.37144210478687
7464.84 89.34204872117374
7727.05 89.03789756285195
7999.51 89.14425221493843
8282.23 89.13468494061942
8573.73 89.33144887488785
8876.95 89.49633785091379
9188.96 89.45059207209728
9514.16 89.28921814790665
9849.61 89.1649149318504
10196.8 89.26844632097887
10555.7 89.26296755837247
10927.7 89.08048605786686
11313.0 88.79561020077513
11712.9 88.50452519056134
12126.0 88.08636255894385
12553.7 87.65182363231555
12996.1 87.11226569131347
13454.6 86.7269529880735
13929.2 86.06303019350747
14419.9 85.56220527789601
14928.2 85.26762981097073
15455.6 85.29989512903762
16000.5 85.03440553161764
16564.5 84.41531933947348
17148.9 83.6722976798055
17752.4 83.02228482974778
18379.4 82.28141128188652
19026.9 81.36471415033006
19697.8 80.49808814614376
19999.5 80.17403580764727
