Freq "Sound Power DI"
20.5078 43.89532315223258
21.9727 42.72713661029769
23.4375 40.26767000499544
24.9023 38.13343606950933
26.3672 38.00564785321187
27.832 37.77611028501542
29.2969 38.41153458659795
30.7617 38.59368573335345
32.2266 38.78371271203467
33.6914 38.95243836642702
35.1562 39.10021577705702
36.6211 39.21391178284598
38.0859 39.30622796370655
39.5508 39.384224592303525
41.0156 39.44910874958536
42.4805 39.50892351614864
43.9453 39.56226080742067
45.4102 39.61316004509952
46.875 39.65498954858971
48.3398 39.69674789404526
51.2695 39.76260343372529
52.7344 39.78139334704525
54.1992 39.819826518006835
55.6641 39.84819996203848
58.5938 39.888247447560616
60.0586 39.90534433320708
62.9883 39.948392407792866
64.4531 39.96196936113434
67.3828 39.99596150653424
68.8477 40.01503531900664
71.7773 40.03928783767002
74.707 40.06824541863429
77.6367 40.102821431942616
79.1016 40.122354179876865
82.0312 40.1403060601878
84.9609 40.15923915687432
87.8906 40.19162541402653
90.8203 40.216146410308895
95.2148 40.25040226626385
98.1445 40.28804331183727
101.074 40.33107025592055
105.469 40.3931434799199
108.398 40.440192344097866
112.793 40.48903490546152
117.188 40.474784763484536
120.117 40.466469835134475
124.512 40.45595366455365
128.906 40.481259235107714
133.301 40.5208048859493
139.16 40.511006428209484
143.555 40.54308509954632
147.949 40.618849451298814
153.809 40.776808541576855
159.668 40.85584310322619
165.527 40.84309808899195
171.387 40.86286542390697
177.246 40.88448250847708
183.105 40.945163230100476
188.965 41.02195463588555
196.289 41.098591724816174
203.613 41.163507041353085
210.938 41.25265298895293
218.262 41.34507608910265
225.586 41.430130947506086
232.91 41.58950440350624
241.699 41.80522061993244
250.488 41.84720148146664
259.277 41.79060697007267
268.066 41.89863514254864
276.855 41.81584376835366
287.109 41.96641063737577
297.363 42.101892460576295
307.617 42.19089350675138
319.336 42.174962431465474
329.59 42.31672537322909
341.309 42.448481477560364
353.027 42.47916627559589
366.211 42.51884442463229
379.395 42.68249174075045
392.578 42.68232032719554
405.762 42.60715978818257
420.41 42.72736070139999
435.059 42.949297824357345
451.172 43.02974102543085
465.82 43.03501167935667
483.398 42.992666069571314
499.512 42.991500482834326
517.09 43.0711072299256
536.133 43.42612570389866
555.176 43.857929449497746
574.219 43.992992906449985
594.727 44.653522270803265
615.234 44.64554610606358
637.207 43.942879891602615
659.18 44.490912573872905
682.617 44.696834368579204
707.52 44.492744345352605
732.422 44.377852168576226
757.324 44.53891592275623
785.156 45.66808516320586
811.523 45.62203415929454
840.82 45.301875631623375
870.117 45.80777868702158
900.879 46.14988374170149
933.105 46.37890514820069
965.332 46.32229040795956
1000.49 46.543368015295854
1035.64 46.62147832469991
1072.27 46.62886896373746
1108.89 46.88409033292375
1148.44 46.665638874662434
1189.45 46.999362566184615
1230.47 46.77454937850196
1274.41 47.024801654567696
1319.82 47.29141095194406
1366.7 46.93526934600506
1413.57 47.16756533036167
1463.38 46.761742896973175
1516.11 47.12509449402741
1568.85 46.50476707607778
1624.51 46.597876963626405
1681.64 46.75720770304832
1741.7 47.064864013779214
1803.22 47.65081343884911
1866.21 47.39418779116585
1932.13 47.40897657368268
1999.51 46.96947451098032
2069.82 46.69502860120241
2143.07 47.10686206852435
2219.24 47.379327677194325
2296.88 47.36581872919078
2378.91 46.865629475098345
2462.4 47.06498254141481
2548.83 47.427322773168356
2639.65 47.564469009741956
2731.93 47.16748351103456
2828.61 46.901059295788315
2928.22 47.063077291758475
3030.76 47.70956487940286
3137.7 47.553056486979386
3249.02 46.684589252135254
3363.28 47.40370463812357
3481.93 48.01675165878788
3604.98 47.79021252690836
3732.42 47.633208098103694
3864.26 47.72033617328027
4000.49 47.93647449526149
4141.11 48.02791137193175
4287.6 47.70272860766586
4438.48 47.26617740073054
4595.21 47.69543458521818
4756.35 47.73290325647119
4924.8 47.263700880039735
5097.66 48.008434176623126
5277.83 48.081190205494025
5463.87 47.95656342206192
5657.23 47.93028271317475
5856.45 48.354441561860554
6062.99 47.89457737076343
6276.86 48.18247715088607
6498.05 47.76475422060521
6726.56 47.642148439572
6963.87 47.784471684028674
7209.96 47.824012807232975
7464.84 47.93323218821037
7727.05 48.132220385864755
7999.51 47.92939838886622
8282.23 47.80607816850112
8573.73 47.89827933202871
8876.95 47.76185909749239
9188.96 47.790447951017526
9514.16 47.89753890448742
9849.61 48.05093942696878
10196.8 47.72287435000011
10555.7 47.79949424682309
10927.7 48.02874655436845
11313.0 48.06248677976372
11712.9 48.04699357845658
12126.0 47.93915042539713
12553.7 47.888357445684534
12996.1 47.87871849013595
13454.6 47.94568388921874
13929.2 48.13162949873042
14419.9 48.365497632993936
14928.2 48.59126166408616
15455.6 48.73899931605439
16000.5 48.90762979622727
16564.5 49.06389652504559
17148.9 49.25501743373749
17752.4 49.335249212938194
18379.4 49.248407355723586
19026.9 48.9845026126595
19697.8 48.56614604295099
19999.5 48.22233327485509
