Freq "Listening Window"
22.4 4.221842835647365
23.0 5.213164260829345
23.6 6.5836374188379665
24.0 8.332582780309153
25.0 9.856745482592643
25.8 11.041684529551603
26.5 11.995739480093349
27.2 14.51338810358466
28.0 17.384326371648072
29.0 19.91023116709151
30.0 22.558785721783764
30.7 24.738696471788458
31.5 26.716359610674388
32.5 28.690507253608942
33.5 31.45022992249021
34.5 34.33161824422031
35.5 37.64088330962967
36.5 40.06732319511413
37.5 42.385262241727034
38.7 44.831077674355285
40.0 46.06690858996048
41.2 47.94341633588668
42.5 52.694690913634545
43.7 56.5321107493193
45.0 59.272623411262785
46.2 60.68245712464024
47.5 61.59663162281022
48.7 61.26005509445723
50.0 61.03935865730007
51.5 63.53359336091948
53.0 67.20772169578785
54.5 69.61774089917859
56.0 71.73015488118646
58.0 74.14641495404778
60.0 76.27611635885833
61.5 78.376825302823
63.0 80.23138385818375
65.0 82.00168853615291
67.0 83.60737056397123
69.0 85.02170608677181
71.0 86.27772010759065
73.0 87.33998167164533
75.0 88.25889934695255
77.5 89.04601261906411
80.0 89.78925841531061
82.5 90.35609803813524
85.0 90.81199695642736
87.5 91.12445814420117
90.0 91.33435732133559
92.5 91.467941235565
95.0 91.4669218511605
97.5 91.40051167804047
100.0 91.433843702321
103.0 91.23358982687998
106.0 91.06717378562655
109.0 90.92267658830112
112.0 90.81224034685125
115.0 90.70051167804047
118.0 90.62267658830113
122.0 90.55583957685775
125.0 90.47823306508387
128.0 90.35660314969002
132.0 90.29052899113586
136.0 90.2457535568586
140.0 90.2457535568586
145.0 90.2457535568586
150.0 90.26945253554453
155.0 90.2472725963245
160.0 90.18154004111531
165.0 90.12647038441902
170.0 90.03815288443361
175.0 89.92896215694925
180.0 89.81778246766358
185.0 89.81778246766358
190.0 89.8616943214741
195.0 89.98483999645964
200.0 90.05334746775574
206.0 90.07653755130846
212.0 90.10682938470806
218.0 90.00682938470807
224.0 89.82948833002334
230.0 89.62154368718329
236.0 89.39962886293752
240.0 89.34490375958069
250.0 89.38756720128136
258.0 89.44980404287098
265.0 89.59203842311864
272.0 89.7130058166541
280.0 89.83409756292211
290.0 89.89002197288079
300.0 89.77874146142716
307.0 89.6236887632722
315.0 89.47022558355182
325.0 89.40682938470806
335.0 89.42310679106275
345.0 89.3925986049074
355.0 89.4327875107201
365.0 89.45453606774117
375.0 89.41419029802782
387.0 89.29593914575506
400.0 89.11423711825697
412.0 88.89974923830665
425.0 88.62406371097072
437.0 88.34880441625982
450.0 88.17445092072498
462.0 88.31762798440785
475.0 88.79881305463148
487.0 89.17997938410798
500.0 89.3171653443407
515.0 89.69945545160542
530.0 89.8168727334653
545.0 89.73199883663787
560.0 89.21991106204922
580.0 88.6116660743442
600.0 88.22787744189252
615.0 88.1869872661128
630.0 88.38797675803463
650.0 88.80896372281346
670.0 89.17543448630909
690.0 89.32357367693605
710.0 89.29559050782113
730.0 89.18197161462716
750.0 89.14847009548821
775.0 89.16088184590046
800.0 88.9301014923082
825.0 88.28682607286048
850.0 87.48673295238538
875.0 87.28306358675336
900.0 87.5557667725855
925.0 87.60504083999363
950.0 87.24935552303735
975.0 86.67399664986263
1000.0 86.46508211288534
1030.0 86.87124590021502
1060.0 87.05965950792853
1090.0 87.08316288954187
1120.0 87.13202130646694
1150.0 86.66215462462263
1180.0 86.49924319928247
1220.0 86.39855836912521
1250.0 85.98683338064502
1280.0 85.56773772990387
1320.0 85.3946694441374
1360.0 85.77014314643019
1400.0 85.88263061741496
1450.0 85.71790174115726
1500.0 85.55800455197995
1550.0 85.40937866529637
1600.0 85.41601002604466
1650.0 85.34662310685898
1700.0 84.75567993797492
1750.0 84.03851371007822
1800.0 83.21088410281119
1850.0 83.01498511859364
1900.0 83.60605151318676
1950.0 84.05803815183548
2000.0 84.11013280059281
2060.0 84.24798785506904
2120.0 84.84789058787861
2180.0 84.92225803754116
2240.0 84.76864072668063
2300.0 84.70645770485923
2360.0 84.62977570568272
2400.0 84.5041139482042
2500.0 83.69915500274602
2580.0 82.8082011696471
2650.0 82.6480545921607
2720.0 83.2343218955577
2800.0 83.36961118809047
2900.0 84.11282724374738
3000.0 85.46389022103419
3070.0 85.92944762382622
3150.0 85.84436976288798
3250.0 85.92876658938955
3350.0 85.16525314110272
3450.0 85.2249205618869
3550.0 86.50562635534338
3650.0 87.58634650692794
3750.0 88.02678085809144
3870.0 87.57605236383829
4000.0 87.49186693981878
4120.0 87.76183116098983
4250.0 88.32587171937723
4370.0 88.99998309431835
4500.0 89.0805604178204
4620.0 90.2553794270346
4750.0 90.14825602314316
4870.0 90.22460228749124
5000.0 90.40548363905405
5150.0 91.64963009824676
5300.0 92.22872470285297
5450.0 92.44879047610175
5600.0 92.80828180214247
5800.0 92.64555675792607
6000.0 92.83150829016942
6150.0 92.49135605519305
6300.0 92.02851259924266
6500.0 91.79836427680138
6700.0 91.85802775522448
6900.0 92.00926012104647
7100.0 91.94250063913903
7300.0 90.911344326047
7500.0 90.51874398844963
7750.0 90.84844917791875
8000.0 90.8970207246741
8250.0 90.67648210569605
8500.0 90.85477890712987
8750.0 90.8459092015668
9000.0 90.72169184643437
9250.0 90.45090812962165
9500.0 90.71286819253372
9750.0 90.20658185895321
10000.0 89.81329843278975
10300.0 89.36926480873984
10600.0 89.25980219405157
10900.0 89.36789456432673
11200.0 89.59897407376806
11500.0 89.2901360172538
11800.0 88.60775190676
12200.0 88.33276044767038
12500.0 88.63139955682017
12800.0 88.95546483080673
13200.0 89.68570056618178
13600.0 88.89551592218466
14000.0 86.72349301360218
14500.0 86.6990406971054
15000.0 86.96237146648116
15500.0 86.25326805653643
16000.0 84.68976493813634
16500.0 84.53340515309993
17000.0 89.18634333705532
17500.0 80.81144647471557
18000.0 75.51934420527245
18500.0 76.08479526890478
19000.0 74.26621199433613
19500.0 70.53019705540062
