Freq "Side Wall Bounce"
20.5078 52.82208481623336
21.2402 53.78323469025848
21.9727 55.97588946732337
22.7051 55.59366207356071
23.4375 57.16122215597092
24.1699 58.192670392903764
25.6348 60.79047241006448
26.3672 62.498823446915594
27.0996 63.96712959082733
27.832 65.27697185931952
29.2969 68.09902412398667
30.0293 69.5485712787102
31.4941 71.97115324890672
32.2266 72.87646454034974
33.6914 74.33381549021654
34.4238 74.84213145330476
35.8887 75.78699036154771
37.3535 76.53280789956013
38.8184 77.16211520685943
39.5508 77.4023156614569
41.0156 77.851506711259
42.4805 78.30794546095287
43.9453 78.74593642726327
45.4102 79.13229717495686
47.6074 79.72238522702985
49.0723 80.10596566537822
50.5371 80.4883726987904
52.7344 81.05286420030976
54.1992 81.40992422988008
56.3965 81.93444923831696
58.5938 82.35375917896555
60.0586 82.68169950895559
62.2559 83.13526215633091
64.4531 83.48342873183448
66.6504 83.85377233942081
69.5801 84.29287140538362
71.7773 84.59495211646309
73.9746 84.85963853645153
76.9043 85.15232394661619
79.834 85.40505796259222
82.7637 85.61275639783553
85.6934 85.78211871855879
88.623 85.93755994245727
91.5527 86.08135363289934
94.4824 86.16445363653027
98.1445 86.22475331864841
101.807 86.24121131352655
105.469 86.22609275585407
109.131 86.18394879272334
112.793 86.11024569566617
116.455 86.07177555111811
120.85 86.02616585060235
125.244 85.99745006904332
129.639 85.97275097694191
134.033 85.86541004057908
138.428 85.74526793464365
143.555 85.61139103747759
148.682 85.70435279781229
153.809 85.64550082533749
159.668 85.57012998955328
164.795 85.64276911485648
170.654 85.94296791863849
176.514 85.99243010056561
183.105 85.72624173454598
189.697 85.47912812030499
196.289 85.24596509357454
202.881 85.00399225651005
210.205 84.84233354707379
217.529 84.8616492716548
225.586 84.55163137034894
232.91 84.32349389232304
241.699 84.34936828126656
249.756 84.725337963095
258.545 84.98156181327214
268.066 84.66708722578083
277.588 84.45534721475265
287.109 84.28912835856987
297.363 84.52035483260548
307.617 84.5442151937878
318.604 84.27856959055336
329.59 84.48517590934333
341.309 83.91029889397542
353.76 83.68289687158408
366.211 83.61809337122985
378.662 83.49800942756676
392.578 84.3315777615084
405.762 83.92382819352478
420.41 84.20701613864897
435.059 83.87872617506832
450.439 83.11979223160068
466.553 83.40779486316714
482.666 83.48051540589049
500.244 83.79017868793137
517.822 83.10223011049746
536.133 82.42655611358207
554.443 82.53515957255199
574.219 82.11900955727957
594.727 82.4985004960401
615.234 81.81188360634354
637.207 83.13688002741551
659.912 83.5034288185757
683.35 82.47131823232552
706.787 82.19268558720192
731.689 82.89577137827914
758.057 82.51510321010261
784.424 82.56828533764721
812.256 81.45197097888763
840.82 82.37311099090725
870.85 82.768926692097
901.611 82.26043316209892
933.105 82.23003652047167
966.064 82.34360948984974
999.756 81.53512913514726
1034.91 81.40364599227387
1071.53 80.70549424526367
1109.62 79.69314010015482
1148.44 80.73206172705027
1189.45 80.27930085638978
1231.2 81.14448149712774
1274.41 80.373491349581
1319.82 80.49578929249034
1365.97 79.75663968594988
1414.31 79.33680913543138
1464.11 79.31350191877901
1515.38 79.6958766771997
1568.85 79.45508700036426
1624.51 79.02235139368828
1681.64 78.74646887143588
1740.97 79.90995105586974
1802.49 80.31370610442939
1866.21 80.04754704640574
1932.13 79.09588659192094
2000.24 79.30449347186074
2070.56 79.85172103211593
2143.8 79.05074857300971
2219.24 78.64337045975951
2297.61 79.25936897341707
2378.17 79.08722377707133
2462.4 77.86009192085335
2548.83 78.69858658374984
2638.92 79.18184722101773
2731.93 78.73184784197944
2828.61 79.36687243855435
2928.22 79.73345491174238
3031.49 80.12964858727338
3138.43 80.16508672777651
3249.02 80.63728162915896
3363.28 80.57064745093716
3481.93 80.35662102519393
3604.98 79.94404583787545
3732.42 80.1984587591203
3863.53 79.44618437911126
3999.76 79.2010633975759
4141.11 78.99782142884358
4286.87 78.768311276685
4438.48 79.29181554101625
4594.48 79.63423518654314
4757.08 79.47251436730555
4924.8 79.4124187038375
5098.39 78.94717867756628
5277.83 78.52667072813155
5463.87 78.64319853427925
5656.49 78.4650827236849
5856.45 78.44018121254643
6062.99 78.52226710470909
6276.86 78.69737132754814
6498.05 78.65544215581484
6727.29 79.14351282449343
6964.6 79.15192571003016
7209.96 78.93743616174058
7464.11 79.32524502632783
7727.78 79.69872660969797
8000.24 79.7208632423763
8282.23 80.11794300944145
8574.46 80.24133716369032
8876.22 80.06643436004556
9189.7 79.78116871198289
9513.43 79.62046109349826
9848.88 79.47361493034082
10196.8 79.48406430856026
10556.4 79.61114819427856
10928.5 79.86022362788013
11313.7 80.24283257878065
11712.9 80.48853118941264
12126.0 80.48334661800291
12553.7 80.25123841496564
12996.1 79.94843237318297
13454.6 79.55014448795166
13928.5 79.12613293548056
14419.9 79.14840941232755
14928.2 79.67225524473551
15454.8 79.99119761462579
15999.8 80.14463882281738
16564.5 79.95915927082302
17148.2 79.34037027947485
17753.2 78.25229899346436
18379.4 77.38320881572942
19027.6 76.64230963965603
19698.5 75.80881314295401
19999.5 75.58098762975308
