Freq "Estimated In-Room Response"
20.5078 50.85973164475844
21.9727 53.497775574020224
23.4375 54.43533520441515
24.9023 56.506772204395745
26.3672 58.35107238450634
27.832 59.06001201927454
29.2969 60.858589739424175
30.7617 63.377772990757734
32.2266 64.21062373718281
33.6914 66.12386579367629
35.1562 66.22258406713311
36.6211 69.46487592001488
38.0859 70.29236276482797
39.5508 71.29391878730571
41.0156 72.36486382593367
42.4805 73.28278531992537
43.9453 74.05611849216116
45.4102 74.72179752693741
46.875 75.27359576724422
48.3398 75.7486544429684
51.2695 76.4850149160483
52.7344 76.81229685886939
54.1992 77.1201395683489
55.6641 77.33639912949384
58.5938 77.84997841003573
60.0586 78.10590560706203
62.9883 78.59041801748977
64.4531 78.79882765200142
67.3828 79.16942824845128
68.8477 79.3802784777023
71.7773 79.82114937613613
74.707 80.18806084420434
77.6367 80.50720391429631
79.1016 80.70463477977353
82.0312 81.13113829476785
84.9609 81.46012940055044
87.8906 81.82067856420082
90.8203 82.16539062842145
95.2148 82.5897200093264
98.1445 82.8394329803635
101.074 83.12757514731086
105.469 83.51483620710296
108.398 83.68407605170631
112.793 83.97724151525209
117.188 84.17062570169918
120.117 84.49024574258287
124.512 84.73267385888268
128.906 84.87502815483772
133.301 85.04516905662832
139.16 85.07997428046562
143.555 85.15799179900235
147.949 85.33584921009908
153.809 85.3663164558636
159.668 85.24072486544597
165.527 85.02102870547047
171.387 84.96858174093174
177.246 85.03901802254774
183.105 85.08101372897526
188.965 85.09293266017761
196.289 85.02302395186403
203.613 84.81072327875917
210.938 84.67934181904279
218.262 84.80263935878695
225.586 84.50608379953626
232.91 84.36085801760234
241.699 83.80560791913511
250.488 83.8637745813492
259.277 83.84715006944434
268.066 83.95888894627329
276.855 83.51206503868728
287.109 83.832173157251
297.363 83.79816395743111
307.617 83.9903338573804
319.336 83.09295248088289
329.59 83.39009322685115
341.309 83.10393583335951
353.027 82.71425709676579
366.211 83.05775298237695
379.395 83.30202490441903
392.578 83.6618146982449
405.762 83.45701524162398
420.41 83.45962807208238
435.059 83.44430689877468
451.172 82.67925711332536
465.82 83.16525515764796
483.398 83.2186539972622
499.512 83.51736507052856
517.09 82.45643804400427
536.133 82.48604799880066
555.176 82.24905216153441
574.219 81.63977882170428
594.727 82.51744733857002
615.234 82.19670798333205
637.207 82.26281504554468
659.18 82.15738515860032
682.617 81.81286089208815
707.52 82.29135156423855
732.422 81.92492010192069
757.324 81.23046164692195
785.156 81.61873549871679
811.523 81.25820094252241
840.82 81.90510468983489
870.117 81.2364266658257
900.879 81.64847081177044
933.105 81.39169493548248
965.332 81.07787235375352
1000.49 80.58303039262375
1035.64 80.26778540081897
1072.27 80.2625499218275
1108.89 80.75991128287973
1148.44 82.02451302209184
1189.45 81.66319152150386
1230.47 81.85385700403559
1274.41 81.62480501352852
1319.82 81.51197480676288
1366.7 82.22612157088618
1413.57 82.0927886447724
1463.38 81.76614322367357
1516.11 80.8570383754423
1568.85 80.39850286622124
1624.51 79.6853039076908
1681.64 79.26573092621055
1741.7 78.27271888730998
1803.22 77.95052100639225
1866.21 78.11702738758915
1932.13 78.01784925912317
1999.51 77.76665868613328
2069.82 78.1673202133063
2143.07 79.35342139581338
2219.24 79.02227481186455
2296.88 79.20258447473013
2378.91 80.51944907248763
2462.4 80.69186811060437
2548.83 80.40366814995917
2639.65 81.17486841267748
2731.93 81.3306553071161
2828.61 81.65820458797334
2928.22 81.75928834061351
3030.76 82.00773167243473
3137.7 82.04207494233384
3249.02 82.3376371896009
3363.28 82.52991434565209
3481.93 82.80235790238248
3604.98 82.60575317401661
3732.42 82.80687462330239
3864.26 82.45271911123899
4000.49 82.60575733137115
4141.11 82.36210354978824
4287.6 82.28033691021481
4438.48 82.24393254263097
4595.21 81.97448429823295
4756.35 82.30510221119656
4924.8 82.29253518116421
5097.66 82.40774524864057
5277.83 82.09022373404859
5463.87 82.1868737649852
5657.23 81.9788075467761
5856.45 81.66480397878364
6062.99 81.3798962821729
6276.86 81.20349579938492
6498.05 81.0859563536539
6726.56 81.128459615522
6963.87 81.05513822254461
7209.96 81.34053122575523
7464.84 81.73387049712058
7727.05 82.28884273255929
7999.51 82.71138708663668
8282.23 83.16043414202127
8573.73 83.58222158814425
8876.95 83.96373191754218
9188.96 84.15965686607883
9514.16 84.34937009386714
9849.61 83.87842570061608
10196.8 81.67119962807529
10555.7 82.53339934908935
10927.7 83.31149155624185
11313.0 84.06572144047017
11712.9 84.49934975880574
12126.0 84.65322742532618
12553.7 84.66872451862163
12996.1 84.41689494178634
13454.6 84.28119907799469
13929.2 84.06131401596608
14419.9 83.3115667749081
14928.2 83.06753345508479
15455.6 82.63518856948097
16000.5 79.83141240190695
16564.5 75.95679931743727
17148.9 73.36897216876231
17752.4 79.01329505918126
18379.4 78.17692203093772
19026.9 73.84044470159692
19697.8 68.32689043713383
19999.5 71.13344931080121
