Freq "Early Reflections DI"
20.5078 51.14380626848612
21.9727 51.24174176529475
23.4375 50.99437745074155
24.9023 50.96175029109865
26.3672 51.10600780906509
27.832 50.92056937962977
29.2969 50.82001214500258
30.7617 50.582168587677685
32.2266 50.81461369178052
33.6914 51.15252060853534
35.1562 51.3249917252888
36.6211 51.24437179954923
38.0859 51.03854112749944
39.5508 50.99821565214738
41.0156 51.23308736087084
42.4805 51.202282559842516
43.9453 51.304806638114854
45.4102 51.335133763597014
46.875 51.40125703874148
48.3398 51.35578331555898
51.2695 51.41624473694206
52.7344 51.45048936080926
54.1992 51.473882975392186
55.6641 51.49044782205945
58.5938 51.46909202516906
60.0586 51.470667033291775
62.9883 51.460443495772395
64.4531 51.45709572687737
67.3828 51.463527488058844
68.8477 51.48189763755349
71.7773 51.47339991653476
74.707 51.49894447619067
77.6367 51.466587490057606
79.1016 51.49891345250754
82.0312 51.53444356551941
84.9609 51.53865969643945
87.8906 51.55839951338389
90.8203 51.574422487005336
95.2148 51.62123019254982
98.1445 51.64734219749545
101.074 51.666992338988166
105.469 51.71697873819552
108.398 51.73069593166355
112.793 51.7342793089078
117.188 51.76676697358066
120.117 51.77196575924491
124.512 51.78947912459003
128.906 51.80216805943256
133.301 51.7889005844476
139.16 51.79528873191836
143.555 51.84147856374386
147.949 51.85042299548927
153.809 51.831218681249624
159.668 51.796831863366336
165.527 51.85412914247587
171.387 51.84454197432956
177.246 51.777204468602704
183.105 51.7858018324489
188.965 51.8392177213195
196.289 51.835777062577066
203.613 51.789086184986886
210.938 51.827180107459455
218.262 51.70688627319761
225.586 51.708343037948055
232.91 51.78366265165593
241.699 51.84553579633943
250.488 51.742402025834295
259.277 51.807556633504134
268.066 51.76521912277792
276.855 51.64708869779403
287.109 51.721261624938364
297.363 51.24789993958652
307.617 51.59087762670302
319.336 51.47963675580185
329.59 51.52816509456568
341.309 51.381408007991155
353.027 51.021352534032104
366.211 50.02199958233592
379.395 50.800350564198865
392.578 51.52862185914209
405.762 51.58024124578938
420.41 50.94132020998221
435.059 51.02281330718991
451.172 51.37576064526415
465.82 52.01362848046219
483.398 51.65728067618939
499.512 51.11121717285616
517.09 51.08973907390677
536.133 51.00779405434686
555.176 52.258379801182855
574.219 52.55579475580038
594.727 52.19917924531697
615.234 51.84969509666455
637.207 51.78510321073816
659.18 51.7550154642106
682.617 52.2419697032243
707.52 52.30073276834922
732.422 51.87327582692552
757.324 52.37366897901116
785.156 51.34869928402837
811.523 51.85850145358572
840.82 51.87812857809482
870.117 52.21844536193282
900.879 52.06423106485754
933.105 51.65086346445845
965.332 52.05207432014733
1000.49 51.55063060992107
1035.64 51.65026134525158
1072.27 51.62581606603317
1108.89 51.78518829658117
1148.44 51.32669920546918
1189.45 51.35076901788156
1230.47 51.14270722464265
1274.41 51.64033855335886
1319.82 51.92578045343684
1366.7 52.00900141945901
1413.57 52.5926265341532
1463.38 52.79631603431022
1516.11 52.89917766357043
1568.85 53.20835164154434
1624.51 53.47043828602709
1681.64 53.58140786397621
1741.7 53.396872629558715
1803.22 53.132635023367826
1866.21 53.07274769521611
1932.13 53.104138474558454
1999.51 53.07784434905821
2069.82 52.6018296678979
2143.07 52.70633601478963
2219.24 52.534621633839876
2296.88 52.69095378376588
2378.91 52.79260553850122
2462.4 53.11655877179231
2548.83 53.2022003123904
2639.65 53.43541910692484
2731.93 53.75964625481724
2828.61 53.70349453892538
2928.22 53.83683534137619
3030.76 53.955610127011525
3137.7 53.99888579626929
3249.02 54.087497427269525
3363.28 53.95578186289218
3481.93 53.83660254789034
3604.98 53.713943793036194
3732.42 53.70567935617417
3864.26 53.564920079965106
4000.49 53.66510599160449
4141.11 53.47315500004778
4287.6 53.46001289024167
4438.48 53.330754475858114
4595.21 53.263308056597765
4756.35 53.33672753208501
4924.8 53.184593236853246
5097.66 53.216798867855886
5277.83 53.29556645231915
5463.87 53.27900711082056
5657.23 53.310307267587135
5856.45 53.09453055019661
6062.99 52.794317429696804
6276.86 52.874953354421564
6498.05 53.14277730375731
6726.56 53.34898810813509
6963.87 53.46640795893525
7209.96 53.36188204048577
7464.84 53.13426809132241
7727.05 52.9287102884869
7999.51 52.92764503309709
8282.23 52.98522913919588
8573.73 53.30143559137227
8876.95 53.18188476238653
9188.96 52.98788286309066
9514.16 52.98072977460596
9849.61 53.26682076445256
10196.8 53.4547904719294
10555.7 53.519867058703
10927.7 53.46121076353232
11313.0 53.648069476996994
11712.9 53.817631809696366
12126.0 53.812802210202946
12553.7 53.73915931964579
12996.1 53.62833180889544
13454.6 53.45867274523282
13929.2 53.19216315015291
14419.9 52.811994825364366
14928.2 52.2273312175503
15455.6 51.944630342331294
16000.5 52.19472271652886
16564.5 52.19707286094051
17148.9 52.633178191848216
17752.4 53.01612092409027
18379.4 53.21708819317554
19026.9 53.255013517039075
19697.8 53.9393146505699
19999.5 53.63750301331369
