Freq "Sound Power DI"
20.5078 50.66361704144802
21.9727 50.62262286778912
23.4375 50.67477808616414
24.9023 50.502488807874386
26.3672 50.624875048157264
27.832 50.647147201829654
29.2969 50.609795690698235
30.7617 50.535036601957856
32.2266 50.78839172988549
33.6914 50.746159583771885
35.1562 50.76651346400162
36.6211 50.77504727708937
38.0859 50.754744931781076
39.5508 50.75857899511385
41.0156 50.804000037144746
42.4805 50.80756465254571
43.9453 50.81372024848088
45.4102 50.81257194853124
46.875 50.838283135727494
48.3398 50.8718211439014
51.2695 50.945267605123746
52.7344 50.954311520097264
54.1992 50.92676708263957
55.6641 50.913955004389194
58.5938 50.93631709420613
60.0586 50.978597648657015
62.9883 51.00545302528528
64.4531 51.032652837953975
67.3828 51.08996637722831
68.8477 51.1327797047545
71.7773 51.21728833754919
74.707 51.21931988026182
77.6367 51.21270894456434
79.1016 51.23261454145752
82.0312 51.306321168288534
84.9609 51.408776411482194
87.8906 51.34290623892883
90.8203 51.38876838593018
95.2148 51.43329819711428
98.1445 51.51957383788992
101.074 51.65556706088627
105.469 51.93529265291346
108.398 52.12187575228508
112.793 52.33576244630498
117.188 52.46462969030482
120.117 52.55862611044188
124.512 52.41605414335126
128.906 52.44214504071765
133.301 52.605783674981794
139.16 52.64882377871906
143.555 52.68777544993817
147.949 52.728400834573605
153.809 53.123516718136585
159.668 53.13713372642823
165.527 53.203261870597515
171.387 53.2560461278468
177.246 52.92880112377195
183.105 52.96026778420325
188.965 53.33989800630059
196.289 53.95480460688009
203.613 54.10917952866399
210.938 54.003992153011666
218.262 53.806663762568206
225.586 54.095899606449166
232.91 54.597132383277426
241.699 54.737575221597226
250.488 54.539621333311175
259.277 54.62510037373126
268.066 54.543763248233844
276.855 54.26789340004325
287.109 54.30567608797219
297.363 54.571189971388634
307.617 54.958091896923065
319.336 55.09686867145244
329.59 55.082970901212846
341.309 54.84174494972079
353.027 54.843498945817075
366.211 55.13971720326914
379.395 55.32790558624846
392.578 55.664198096475005
405.762 55.12988996798005
420.41 55.63782655535367
435.059 55.91972847476811
451.172 56.17942000450118
465.82 55.36404998615224
483.398 55.86507280189332
499.512 56.05739405942981
517.09 56.31039942856805
536.133 56.128191673003926
555.176 55.525868576563596
574.219 55.81694424562731
594.727 55.718630781949486
615.234 56.38147744651077
637.207 55.740387580757314
659.18 56.282776856571544
682.617 57.12463111074244
707.52 56.25982170825105
732.422 56.95056027854842
757.324 57.109214952950566
785.156 56.50997320654021
811.523 54.66431249372013
840.82 53.13306778771522
870.117 56.12941050357044
900.879 55.43194359147438
933.105 54.91745513060596
965.332 54.468807463544366
1000.49 54.9134664875608
1035.64 55.21806437809401
1072.27 54.92231024009584
1108.89 55.40114821673025
1148.44 56.727159926046355
1189.45 57.84308398245656
1230.47 58.58805016162755
1274.41 58.18359348213042
1319.82 57.94015240630469
1366.7 57.616498216508205
1413.57 57.30141086722544
1463.38 56.994566786459856
1516.11 57.296261837154105
1568.85 57.53731432341749
1624.51 57.42113282605496
1681.64 57.21806651600504
1741.7 57.092483290883536
1803.22 57.837112159340066
1866.21 57.9530215298162
1932.13 57.46459709515587
1999.51 57.009906775688734
2069.82 57.18372182904278
2143.07 57.24842273449761
2219.24 56.86878682432459
2296.88 56.939042636145444
2378.91 57.45963286295857
2462.4 57.43882678616731
2548.83 57.157105714890946
2639.65 58.0849634388789
2731.93 58.28856238616895
2828.61 58.225928668331846
2928.22 58.78514201804484
3030.76 58.980278640562815
3137.7 59.04720912094075
3249.02 59.12945121292731
3363.28 59.30128034627572
3481.93 59.13919219723958
3604.98 59.17641658830655
3732.42 59.276706363477444
3864.26 59.17143198430824
4000.49 59.04196711245892
4141.11 59.43895616811099
4287.6 59.48850904693572
4438.48 59.73476158426202
4595.21 59.81769909112042
4756.35 59.83489064767883
4924.8 60.019475727073925
5097.66 59.86744872248889
5277.83 60.159758614304565
5463.87 60.079760679281804
5657.23 60.26474037561769
5856.45 60.26549997196379
6062.99 60.2286212152389
6276.86 60.30718957764708
6498.05 60.568781572223045
6726.56 60.61273190724401
6963.87 60.563671381690085
7209.96 60.69167082796399
7464.84 60.84103574488397
7727.05 60.86753404425994
7999.51 60.949270236129664
8282.23 61.092615281246836
8573.73 61.19986888421052
8876.95 61.275460296140224
9188.96 61.21797726777446
9514.16 61.290575371256
9849.61 61.382646385944724
10196.8 61.449685322711886
10555.7 61.57477848820925
10927.7 61.64228559794917
11313.0 61.652144066146946
11712.9 61.71252946959788
12126.0 61.77685569372642
12553.7 61.848824397354136
12996.1 61.885074742527536
13454.6 61.86776458434022
13929.2 61.84489596025297
14419.9 61.89415055400491
14928.2 62.00776028191373
15455.6 62.218643400939314
16000.5 62.52644493048035
16564.5 62.84172822292683
17148.9 63.05150809392339
17752.4 63.21760186702197
18379.4 63.406879090122985
19026.9 63.33304571918484
19697.8 63.54351841197416
19999.5 63.69817933532974
