Freq "On Axis"
20.5078 77.0239
21.9727 78.3829
23.4375 79.41
24.9023 80.24100000000001
26.3672 81.06970000000001
27.832 81.76069999999999
29.2969 82.3941
30.7617 83.0033
32.2266 83.2761
33.6914 83.8217
35.1562 84.172
36.6211 84.54170000000002
38.0859 84.6734
39.5508 85.089
41.0156 85.0135
42.4805 85.3505
43.9453 85.479
45.4102 85.6206
46.875 85.7163
48.3398 85.7491
51.2695 86.1262
52.7344 86.174
54.1992 86.1482
55.6641 86.20059999999998
58.5938 86.4763
60.0586 86.5714
62.9883 86.4569
64.4531 86.4178
67.3828 86.4948
68.8477 86.4757
71.7773 86.4332
74.707 86.41459999999998
77.6367 86.3983
79.1016 86.3854
82.0312 86.3301
84.9609 86.33160000000001
87.8906 86.31910000000002
90.8203 86.2422
95.2148 86.2326
98.1445 86.1949
101.074 86.1784
105.469 86.1401
108.398 86.083
112.793 85.84199999999998
117.188 85.36699999999999
120.117 84.941
124.512 85.1948
128.906 85.178
133.301 85.4863
139.16 85.6438
143.555 85.60739999999998
147.949 85.5592
153.809 85.5046
159.668 85.257
165.527 85.2205
171.387 85.0789
177.246 85.2169
183.105 85.68380000000002
188.965 85.4904
196.289 85.3181
203.613 85.6169
210.938 85.1384
218.262 85.3317
225.586 85.2878
232.91 85.1053
241.699 84.9454
250.488 84.93719999999999
259.277 85.5788
268.066 85.8159
276.855 86.1226
287.109 86.08019999999999
297.363 85.9356
307.617 86.5007
319.336 86.4076
329.59 86.6073
341.309 86.7416
353.027 86.7445
366.211 87.0019
379.395 87.0635
392.578 86.8272
405.762 86.98930000000001
420.41 86.68260000000001
435.059 87.2267
451.172 87.3305
465.82 88.3016
483.398 87.8935
499.512 87.88380000000001
517.09 87.6726
536.133 87.44730000000001
555.176 87.3487
574.219 87.4474
594.727 87.06050000000002
615.234 86.7971
637.207 87.31719999999999
659.18 87.24109999999999
682.617 87.3382
707.52 87.7829
732.422 88.0738
757.324 87.9998
785.156 88.61689999999999
811.523 88.17859999999999
840.82 88.96519999999998
870.117 89.25309999999999
900.879 89.74360000000001
933.105 90.175
965.332 90.1835
1000.49 90.2876
1035.64 90.1796
1072.27 90.13760000000002
1108.89 90.3899
1148.44 90.5486
1189.45 91.024
1230.47 91.6849
1274.41 91.47040000000001
1319.82 91.0904
1366.7 90.5672
1413.57 90.5839
1463.38 91.1699
1516.11 91.5408
1568.85 91.8243
1624.51 91.9619
1681.64 92.1927
1741.7 92.5984
1803.22 92.5239
1866.21 91.4492
1932.13 89.8578
1999.51 89.3387
2069.82 89.7868
2143.07 89.55510000000001
2219.24 89.215
2296.88 90.09100000000001
2378.91 89.65379999999999
2462.4 88.6674
2548.83 89.6437
2639.65 89.5624
2731.93 88.2503
2828.61 87.64939999999999
2928.22 88.0285
3030.76 88.7502
3137.7 89.80360000000002
3249.02 90.9848
3363.28 91.02289999999999
3481.93 91.071
3604.98 90.7593
3732.42 90.6895
3864.26 89.3479
4000.49 88.9275
4141.11 87.6403
4287.6 87.8924
4438.48 87.451
4595.21 86.7279
4756.35 87.3185
4924.8 87.442
5097.66 88.6641
5277.83 88.8686
5463.87 90.4537
5657.23 90.4994
5856.45 89.1447
6062.99 87.428
6276.86 87.1626
6498.05 87.1526
6726.56 87.5863
6963.87 88.6841
7209.96 89.6913
7464.84 89.8665
7727.05 88.7603
7999.51 87.5443
8282.23 86.2073
8573.73 85.58350000000002
8876.95 87.3981
9188.96 88.92250000000001
9514.16 89.5646
9849.61 89.1955
10196.8 88.7612
10555.7 88.7576
10927.7 90.2997
11313.0 91.0953
11712.9 90.886
12126.0 89.39840000000001
12553.7 89.5264
12996.1 89.5415
13454.6 90.0313
13929.2 90.4964
14419.9 90.546
14928.2 89.975
15455.6 89.50540000000001
16000.5 87.1951
16564.5 84.4095
17148.9 83.00920000000002
17752.4 83.6875
18379.4 82.98
19026.9 79.39080000000001
19697.8 77.9736
19999.5 78.41229999999999
