Freq "On Axis"
20.5078 52.61225757575755
21.9727 55.09075757575755
23.4375 55.60295757575756
24.9023 57.363457575757565
26.3672 53.44115757575756
27.832 60.05575757575758
29.2969 61.71755757575755
30.7617 64.55255757575756
32.2266 66.69375757575756
33.6914 68.83695757575757
35.1562 70.72945757575756
36.6211 72.17575757575759
38.0859 74.10105757575755
39.5508 75.36305757575757
41.0156 76.62395757575757
42.4805 77.97965757575757
43.9453 78.71765757575758
45.4102 79.31605757575757
46.875 79.77775757575756
48.3398 80.12065757575756
51.2695 80.57865757575756
52.7344 80.89595757575756
54.1992 81.01555757575757
55.6641 81.13555757575756
58.5938 81.55555757575756
60.0586 81.70605757575757
62.9883 82.04905757575756
64.4531 82.22195757575757
67.3828 82.65265757575756
68.8477 82.78015757575758
71.7773 83.13565757575756
74.707 83.39365757575757
77.6367 83.62505757575757
79.1016 83.75045757575757
82.0312 84.01315757575756
84.9609 84.15055757575757
87.8906 84.10145757575756
90.8203 84.97205757575756
95.2148 85.20765757575757
98.1445 85.22035757575756
101.074 85.32355757575758
105.469 85.45175757575757
108.398 85.46735757575756
112.793 85.39485757575757
117.188 85.18075757575758
120.117 85.45545757575756
124.512 85.87095757575757
128.906 85.75985757575756
133.301 85.67315757575757
139.16 85.38715757575758
143.555 85.19575757575757
147.949 85.29215757575757
153.809 85.37995757575757
159.668 84.69355757575757
165.527 84.75225757575757
171.387 85.05075757575757
177.246 85.12845757575757
183.105 84.94385757575756
188.965 84.88815757575756
196.289 84.66855757575757
203.613 84.52305757575758
210.938 84.53205757575756
218.262 84.64755757575756
225.586 84.29345757575757
232.91 84.01225757575756
241.699 84.11475757575758
250.488 83.96795757575757
259.277 84.20265757575757
268.066 84.42415757575756
276.855 83.61135757575757
287.109 84.64675757575756
297.363 86.15415757575757
307.617 85.72465757575756
319.336 84.84135757575757
329.59 84.89705757575757
341.309 84.08045757575755
353.027 84.12625757575756
366.211 84.64975757575758
379.395 84.42025757575755
392.578 84.26465757575757
405.762 84.15735757575757
420.41 84.34015757575756
435.059 84.71425757575759
451.172 84.94485757575757
465.82 85.43555757575757
483.398 85.07585757575757
499.512 85.13015757575758
517.09 85.23095757575757
536.133 85.38845757575757
555.176 84.94045757575756
574.219 85.82175757575756
594.727 85.36625757575757
615.234 85.72055757575757
637.207 86.60425757575757
659.18 85.90545757575757
682.617 86.46375757575757
707.52 87.05095757575756
732.422 87.08465757575756
757.324 87.39075757575756
785.156 87.51165757575757
811.523 87.32615757575758
840.82 87.21035757575757
870.117 86.62905757575757
900.879 86.62075757575755
933.105 86.11985757575756
965.332 86.66675757575757
1000.49 85.75335757575758
1035.64 85.93405757575756
1072.27 85.49675757575757
1108.89 85.40035757575757
1148.44 84.52715757575757
1189.45 85.01215757575756
1230.47 84.47755757575757
1274.41 83.87095757575756
1319.82 84.24085757575756
1366.7 83.38995757575756
1413.57 83.13535757575755
1463.38 83.27475757575756
1516.11 83.31625757575756
1568.85 83.49265757575756
1624.51 83.71015757575756
1681.64 83.53855757575758
1741.7 84.25115757575756
1803.22 84.29215757575757
1866.21 83.92605757575757
1932.13 83.83185757575757
1999.51 84.17205757575758
2069.82 85.20255757575757
2143.07 84.89905757575757
2219.24 85.57065757575756
2296.88 85.82685757575757
2378.91 85.30715757575757
2462.4 85.48875757575757
2548.83 86.23405757575756
2639.65 86.27115757575757
2731.93 86.50115757575756
2828.61 87.18485757575755
2928.22 87.41925757575757
3030.76 87.00355757575755
3137.7 87.45185757575757
3249.02 87.40625757575756
3363.28 87.62115757575756
3481.93 87.26225757575756
3604.98 87.56995757575757
3732.42 87.19385757575756
3864.26 87.60835757575757
4000.49 87.30325757575757
4141.11 87.32235757575756
4287.6 87.43865757575756
4438.48 87.54595757575757
4595.21 87.97725757575756
4756.35 87.94175757575758
4924.8 87.94015757575755
5097.66 88.22865757575757
5277.83 87.84685757575758
5463.87 88.00135757575757
5657.23 88.13905757575756
5856.45 88.30065757575757
6062.99 88.14585757575756
6276.86 87.88835757575757
6498.05 87.90825757575756
6726.56 87.88875757575757
6963.87 87.91205757575757
7209.96 87.79005757575757
7464.84 87.82915757575756
7727.05 87.83595757575756
7999.51 87.92675757575756
8282.23 87.67435757575757
8573.73 87.49975757575757
8876.95 87.35315757575756
9188.96 87.22575757575757
9514.16 87.35935757575757
9849.61 87.36935757575756
10196.8 87.54495757575756
10555.7 88.06335757575756
10927.7 88.57355757575756
11313.0 89.32245757575757
11712.9 89.35905757575756
12126.0 89.22635757575756
12553.7 89.14895757575755
12996.1 89.97225757575757
13454.6 90.70095757575757
13929.2 90.84285757575756
14419.9 90.45455757575756
14928.2 90.24675757575756
15455.6 90.48815757575757
16000.5 90.52035757575757
16564.5 90.83675757575756
17148.9 91.01245757575757
17752.4 90.93995757575756
18379.4 90.59755757575758
19026.9 89.15105757575756
19697.8 86.67515757575757
19999.5 85.30385757575758
