Freq "On Axis"
20.5078 62.40168331071912
21.2402 66.40508331071912
21.9727 61.88228331071913
22.7051 62.04458331071912
23.4375 65.90718331071913
24.1699 62.37628331071913
25.6348 67.15278331071913
26.3672 67.72138331071913
27.0996 66.2967833107191
27.832 70.29218331071912
29.2969 71.16818331071913
30.0293 72.94148331071912
31.4941 75.80338331071913
32.2266 77.38278331071913
33.6914 80.24578331071915
34.4238 81.28478331071912
35.8887 83.30348331071913
37.3535 84.80378331071913
38.8184 85.04828331071913
39.5508 85.34448331071913
41.0156 85.32818331071913
42.4805 85.37928331071913
43.9453 85.03018331071912
45.4102 85.02748331071912
47.6074 84.89118331071914
49.0723 84.98718331071912
50.5371 85.11648331071913
52.7344 85.33808331071913
54.1992 85.59498331071914
56.3965 86.03308331071912
58.5938 86.48088331071912
60.0586 86.76038331071912
62.2559 87.33608331071913
64.4531 87.92598331071913
66.6504 88.47718331071913
69.5801 89.24508331071912
71.7773 89.75728331071913
73.9746 90.29498331071913
76.9043 90.81878331071913
79.834 91.12418331071915
82.7637 91.25168331071913
85.6934 91.21488331071913
88.623 91.22098331071913
91.5527 91.08468331071913
94.4824 90.98708331071913
98.1445 90.76848331071913
101.807 90.50608331071912
105.469 90.60638331071912
109.131 90.61548331071913
112.793 90.59168331071913
116.455 90.84758331071913
120.85 91.17668331071913
125.244 91.86228331071912
129.639 92.07448331071913
134.033 91.77278331071913
138.428 91.81558331071913
143.555 92.16778331071914
148.682 92.41218331071913
153.809 92.26088331071914
159.668 91.96268331071913
164.795 92.30878331071914
170.654 92.66438331071913
176.514 92.14808331071914
183.105 92.00548331071913
189.697 92.18668331071913
196.289 92.36228331071912
202.881 92.36808331071911
210.205 92.09638331071913
217.529 92.06768331071912
225.586 91.94118331071913
232.91 91.77828331071915
241.699 91.68878331071913
249.756 92.68238331071912
258.545 92.47398331071913
268.066 92.18588331071912
277.588 91.70758331071913
287.109 91.64728331071912
297.363 91.59538331071913
307.617 91.15978331071912
318.604 91.49958331071913
329.59 91.68178331071913
341.309 91.15588331071913
353.76 89.81958331071912
366.211 89.97918331071912
378.662 90.84328331071913
392.578 90.87588331071912
405.762 90.90048331071911
420.41 91.87988331071914
435.059 90.52688331071913
450.439 90.24218331071914
466.553 91.36768331071913
482.666 91.56828331071914
500.244 90.47268331071913
517.822 90.38378331071912
536.133 91.42898331071913
554.443 88.87468331071912
574.219 90.51068331071913
594.727 89.32928331071913
615.234 89.07448331071913
637.207 89.72448331071912
659.912 89.70128331071913
683.35 90.57288331071912
706.787 90.63148331071913
731.689 90.74668331071912
758.057 89.79708331071913
784.424 89.73218331071912
812.256 90.05738331071913
840.82 89.87508331071915
870.85 91.05858331071913
901.611 91.97598331071913
933.105 91.56778331071912
966.064 92.12698331071913
999.756 90.42708331071914
1034.91 90.57718331071912
1071.53 89.95448331071911
1109.62 89.66778331071914
1148.44 87.85658331071913
1189.45 89.56738331071912
1231.2 89.54718331071913
1274.41 89.43038331071912
1319.82 90.41618331071913
1365.97 90.91608331071913
1414.31 90.94458331071912
1464.11 92.02068331071912
1515.38 92.06708331071913
1568.85 91.98268331071912
1624.51 92.33218331071913
1681.64 92.18318331071912
1740.97 92.31568331071911
1802.49 92.33648331071913
1866.21 91.65618331071913
1932.13 91.02638331071913
2000.24 90.69038331071913
2070.56 91.19918331071912
2143.8 90.50088331071913
2219.24 90.49338331071912
2297.61 90.79058331071913
2378.17 90.71248331071912
2462.4 90.02558331071913
2548.83 91.11828331071912
2638.92 91.35648331071913
2731.93 91.05648331071913
2828.61 90.80328331071912
2928.22 90.45758331071913
3031.49 91.18918331071913
3138.43 92.4217833107191
3249.02 92.12988331071911
3363.28 91.83128331071912
3481.93 92.32788331071913
3604.98 92.65518331071912
3732.42 92.90068331071915
3863.53 92.69928331071912
3999.76 92.54238331071913
4141.11 91.60668331071913
4286.87 92.25688331071915
4438.48 92.05208331071913
4594.48 92.03278331071913
4757.08 92.31298331071913
4924.8 92.10738331071913
5098.39 92.93118331071912
5277.83 91.14358331071911
5463.87 90.62268331071913
5656.49 92.79848331071912
5856.45 91.58428331071913
6062.99 91.36218331071913
6276.86 92.33958331071912
6498.05 91.80718331071913
6727.29 91.63158331071911
6964.6 91.61838331071912
7209.96 91.68408331071913
7464.11 91.26988331071912
7727.78 91.34228331071913
8000.24 91.04948331071913
8282.23 90.76658331071913
8574.46 90.91978331071913
8876.22 90.73598331071913
9189.7 91.45458331071914
9513.43 91.54268331071913
9848.88 91.56228331071912
10196.8 91.22148331071911
10556.4 91.10718331071912
10928.5 91.06348331071912
11313.7 89.99508331071912
11712.9 89.79288331071912
12126.0 89.56508331071913
12553.7 89.62058331071913
12996.1 90.14348331071913
13454.6 90.30298331071913
13928.5 89.87528331071913
14419.9 89.86358331071911
14928.2 89.78038331071913
15454.8 89.79018331071912
15999.8 89.51628331071913
16564.5 89.46308331071913
17148.2 89.72888331071913
17753.2 89.56428331071913
18379.4 89.28008331071912
19027.6 88.96238331071912
19698.5 88.29178331071913
19999.5 88.14358331071912
