Freq "On Axis"
20.5078 54.878600000000006
21.9727 53.09810000000002
23.4375 51.816299999999984
24.9023 33.2191
26.3672 33.84440000000001
27.832 41.05690000000001
29.2969 46.527000000000015
30.7617 46.09110000000001
32.2266 49.58509999999998
33.6914 50.8245
35.1562 53.24680000000001
36.6211 55.563799999999986
38.0859 57.34309999999999
39.5508 59.58189999999999
41.0156 61.59970000000001
42.4805 63.53139999999999
43.9453 65.4658
45.4102 67.4939
46.875 69.3553
48.3398 71.2745
51.2695 74.74359999999999
52.7344 76.39190000000002
54.1992 78.02290000000002
55.6641 79.61940000000001
58.5938 82.9825
60.0586 84.7774
62.9883 88.06289999999998
64.4531 89.79149999999998
67.3828 92.3839
68.8477 93.0103
71.7773 92.9869
74.707 92.1012
77.6367 91.1293
79.1016 90.7027
82.0312 89.9815
84.9609 89.4118
87.8906 88.9888
90.8203 88.6601
95.2148 88.24630000000002
98.1445 88.0078
101.074 87.7722
105.469 87.4672
108.398 87.3274
112.793 87.0908
117.188 86.88229999999999
120.117 86.775
124.512 86.6012
128.906 86.47399999999999
133.301 86.3502
139.16 86.1215
143.555 85.9498
147.949 85.8765
153.809 85.7466
159.668 85.5333
165.527 85.3777
171.387 85.3455
177.246 85.2619
183.105 85.1227
188.965 84.9711
196.289 84.7912
203.613 84.62210000000002
210.938 84.5593
218.262 84.53139999999999
225.586 84.38139999999999
232.91 84.21979999999999
241.699 84.1682
250.488 84.3141
259.277 84.307
268.066 84.1413
276.855 84.0126
287.109 84.03200000000001
297.363 84.0874
307.617 84.0599
319.336 83.9862
329.59 84.25630000000001
341.309 83.9571
353.027 83.8005
366.211 84.0161
379.395 84.0889
392.578 84.4656
405.762 84.31810000000002
420.41 84.1733
435.059 84.0542
451.172 83.9696
465.82 84.3462
483.398 84.6229
499.512 84.7087
517.09 85.1691
536.133 85.37799999999999
555.176 84.7263
574.219 84.2389
594.727 85.4583
615.234 86.1395
637.207 85.9298
659.18 86.28890000000001
682.617 86.4603
707.52 85.9642
732.422 86.4397
757.324 86.5909
785.156 86.165
811.523 86.588
840.82 86.8321
870.117 86.6506
900.879 87.4269
933.105 85.95329999999998
965.332 85.8704
1000.49 86.5019
1035.64 87.5965
1072.27 89.9165
1108.89 89.3519
1148.44 88.75909999999999
1189.45 89.1455
1230.47 89.59049999999999
1274.41 86.70660000000001
1319.82 87.074
1366.7 87.3289
1413.57 89.4753
1463.38 90.377
1516.11 90.5523
1568.85 90.6663
1624.51 89.7811
1681.64 89.117
1741.7 88.96260000000001
1803.22 88.6571
1866.21 88.2303
1932.13 87.4478
1999.51 87.4969
2069.82 87.707
2143.07 87.4199
2219.24 87.2627
2296.88 87.4296
2378.91 87.2726
2462.4 86.4123
2548.83 87.5502
2639.65 88.8022
2731.93 89.5393
2828.61 89.9938
2928.22 90.8881
3030.76 91.1905
3137.7 91.0414
3249.02 91.03190000000001
3363.28 90.68959999999998
3481.93 90.9581
3604.98 90.5066
3732.42 91.0411
3864.26 91.17849999999999
4000.49 91.2765
4141.11 91.53960000000001
4287.6 91.6809
4438.48 91.5222
4595.21 91.012
4756.35 90.82079999999999
4924.8 90.2173
5097.66 90.24009999999998
5277.83 90.4258
5463.87 90.9108
5657.23 90.91460000000001
5856.45 91.27190000000002
6062.99 91.2579
6276.86 91.304
6498.05 91.07419999999999
6726.56 90.7141
6963.87 90.56959999999998
7209.96 90.4324
7464.84 90.4609
7727.05 90.9986
7999.51 91.2782
8282.23 91.49
8573.73 91.758
8876.95 92.26059999999998
9188.96 92.4112
9514.16 91.916
9849.61 91.5179
10196.8 91.0271
10555.7 90.6989
10927.7 90.66899999999998
11313.0 90.4988
11712.9 89.844
12126.0 89.836
12553.7 89.8606
12996.1 90.1963
13454.6 91.08430000000001
13929.2 91.8688
14419.9 92.28640000000001
14928.2 92.2415
15455.6 91.948
16000.5 91.3754
16564.5 90.3397
17148.9 89.1807
17752.4 87.8834
18379.4 86.5743
19026.9 85.3609
19697.8 84.1888
19999.5 83.9406
