Freq "Listening Window"
22.4 -4.763457896508626
23.0 -4.008234868837732
23.6 -3.6384305041382987
24.0 -3.4736262111078275
25.0 -2.80055949273374
25.8 -2.1535184351688343
26.5 -1.6067220737040913
27.2 0.2599353910309645
28.0 2.820155079430137
29.0 5.899058944966711
30.0 8.854685937646636
30.7 8.521545245295286
31.5 9.656107482678848
32.5 11.077028177155213
33.5 12.506388188166895
34.5 14.294701889215546
35.5 15.760738216070834
36.5 15.291688860474167
37.5 16.27856323854833
38.7 19.27321904070358
40.0 21.95365272537093
41.2 24.38555549072798
42.5 25.56258684341772
43.7 25.843457265007842
45.0 26.749237118631456
46.2 30.570641835717694
47.5 33.943568971524385
48.7 34.124327203716504
50.0 35.541470887357875
51.5 37.162185945936116
53.0 38.019426618206424
54.5 38.22544630089202
56.0 39.360266547501155
58.0 41.33719417067887
60.0 43.3805795134122
61.5 45.593580626201984
63.0 47.49530477158926
65.0 49.28756000932056
67.0 50.90351135288434
69.0 52.40231622662613
71.0 53.88672634570314
73.0 55.34806575447202
75.0 56.95460849787604
77.5 58.53207765516164
80.0 60.05157053802114
82.5 61.507365638896786
85.0 62.91806316600241
87.5 64.36218325713459
90.0 65.80684821464433
92.5 67.11780806912961
95.0 68.33993417075337
97.5 69.47250073219605
100.0 70.56141389239532
103.0 71.6730163975513
106.0 72.5073835113647
109.0 73.44019993220745
112.0 74.22953921686319
115.0 74.95183558837606
118.0 75.67377784374712
122.0 76.45157053802113
125.0 77.16293497734053
128.0 77.80734790509943
132.0 78.4078712255846
136.0 78.86322285955157
140.0 79.23207159454914
145.0 79.48736320829933
150.0 79.54823581111424
155.0 79.54447332661913
160.0 79.49737553618802
165.0 79.3659763557101
170.0 79.288058597014
175.0 79.1654315222296
180.0 79.04375264959803
185.0 79.03358064261005
190.0 78.9558563284753
195.0 78.91188169605718
200.0 78.91280080052655
206.0 78.99030260153616
212.0 79.05749765080535
218.0 79.13417815816858
224.0 79.11126786721893
230.0 79.20209638991345
236.0 79.27901577953163
240.0 79.30065088897483
250.0 79.40011448693205
258.0 79.41008084371033
265.0 79.4542524963026
272.0 79.41023388664183
280.0 79.34456229980303
290.0 79.2366893898152
300.0 79.12813084912766
307.0 78.97893035870347
315.0 78.83318950095925
325.0 78.7342419859086
335.0 78.54591721263378
345.0 78.42576438385957
355.0 78.3291840952737
365.0 78.17603976401237
375.0 78.07603976401238
387.0 78.01525869210654
400.0 77.9965018756577
412.0 78.0780934179271
425.0 78.13828188397
437.0 78.18273739024987
450.0 78.2452576024367
462.0 78.27803601667736
475.0 78.35319390051399
487.0 78.41519909777809
500.0 78.47544491025238
515.0 78.44955360268163
530.0 78.26432012389058
545.0 78.0682211086673
560.0 77.98121442983468
580.0 78.07674294159726
600.0 78.27674294159725
615.0 78.45242316081408
630.0 78.52853101520094
650.0 78.40957568873564
670.0 78.1129595922046
690.0 77.94959664034386
710.0 77.80476597392433
730.0 77.76282572096319
750.0 77.83267332975387
775.0 77.958532183802
800.0 78.13840028142121
825.0 78.26357851543497
850.0 78.30566155191032
875.0 78.1810515518922
900.0 78.00598870858623
925.0 77.77011464253026
950.0 77.72877666915866
975.0 77.98065660189135
1000.0 78.06870618512285
1030.0 78.16423388599027
1060.0 78.20155667126974
1090.0 78.13176898632906
1120.0 78.0242602993857
1150.0 77.90999839852732
1180.0 77.96819822905204
1220.0 78.09897369461233
1250.0 78.10670286359763
1280.0 78.09954775662288
1320.0 78.36483206008955
1360.0 78.6264682784783
1400.0 78.5834273586042
1450.0 78.76290454991697
1500.0 78.59133088788282
1550.0 78.58839877935922
1600.0 78.58005300627984
1650.0 78.47061801739044
1700.0 78.2007333850922
1750.0 78.10001602615272
1800.0 78.24410636658645
1850.0 78.47753013430072
1900.0 78.69008466471723
1950.0 79.08758635213471
2000.0 79.09481897553778
2060.0 78.79954038639521
2120.0 78.68913710755669
2180.0 78.7124764026594
2240.0 78.86260120447054
2300.0 79.16091340522813
2360.0 79.2494235335699
2400.0 79.12527618226797
2500.0 79.26076981353516
2580.0 79.12540176261233
2650.0 78.81385536339911
2720.0 78.35894812741445
2800.0 77.62341083000258
2900.0 77.73427309957633
3000.0 77.68363001793722
3070.0 77.86805512603539
3150.0 77.97758245677261
3250.0 78.02269401662689
3350.0 78.13054623004764
3450.0 78.04949228024458
3550.0 78.45257343758296
3650.0 78.17569414321332
3750.0 78.09096905516704
3870.0 77.83802948827552
4000.0 77.96690811473464
4120.0 78.32545626600937
4250.0 78.23651338474032
4370.0 78.01239156269011
4500.0 77.81156101403593
4620.0 77.6688959953921
4750.0 77.49446098386889
4870.0 77.30495522345315
5000.0 77.25947761073203
5150.0 77.46747092636616
5300.0 78.07681733848993
5450.0 78.5162036127819
5600.0 78.69484540331723
5800.0 78.9873958749774
6000.0 77.94787272740865
6150.0 78.42862464110698
6300.0 78.48684678472863
6500.0 78.2311705945208
6700.0 77.92051334576395
6900.0 78.63405090011413
7100.0 79.08614754746004
7300.0 78.83968127093202
7500.0 78.76129330838684
7750.0 78.68198339976593
8000.0 79.3644270514849
8250.0 79.95136880039995
8500.0 79.78515428056342
8750.0 79.03673702796611
9000.0 78.4947789661779
9250.0 77.49393562815594
9500.0 77.20763919266868
9750.0 77.29684053023388
10000.0 77.66943335824939
10300.0 78.40309357751308
10600.0 78.67603759490333
10900.0 78.18028380438994
11200.0 77.2972919154366
11500.0 77.08355656705425
11800.0 77.71917631704376
12200.0 78.06809404091301
12500.0 78.03703529354641
12800.0 77.14863222401182
13200.0 75.44057952902068
13600.0 76.14790268349132
14000.0 76.24492019301663
14500.0 77.6003434590859
15000.0 78.46081820158626
15500.0 78.2193097951528
16000.0 76.94963574507763
16500.0 75.79567777054844
17000.0 75.90026908040498
17500.0 76.39586751244433
18000.0 77.54079777396046
18500.0 78.32009714189978
19000.0 77.04015062150339
19500.0 75.7091454978699
