Freq "Front Wall Bounce"
20.5078 48.35079813460115
21.9727 49.26667911442743
23.4375 47.44636805920658
24.9023 51.10257935119367
26.3672 51.96837049943042
27.832 54.318272718429455
29.2969 55.83666575532712
30.7617 58.2189153824782
32.2266 60.18055707599339
33.6914 62.21316522547305
35.1562 63.93434739366667
36.6211 65.58438149396397
38.0859 66.94210361775419
39.5508 68.24955747959626
41.0156 69.30581289796743
42.4805 70.40993089026223
43.9453 71.28817949941694
45.4102 72.19484930217787
46.875 73.0215809184441
48.3398 73.72849445582048
51.2695 75.17399161965884
52.7344 75.90338104130095
54.1992 76.61105881194435
55.6641 77.44102203136302
58.5938 78.92137003268942
60.0586 79.59263302982171
62.9883 80.7956424123616
64.4531 81.42819454249704
67.3828 82.22047425207458
68.8477 82.45635009710296
71.7773 82.7403841790939
74.707 82.92844063767085
77.6367 83.1094920019864
79.1016 83.22630846234512
82.0312 83.39981892032803
84.9609 83.62129292552578
87.8906 83.97919339425066
90.8203 84.48266704951905
95.2148 84.59689298217253
98.1445 84.7594439676075
101.074 84.82111512781529
105.469 84.97887245638209
108.398 85.028634627669
112.793 85.09939716609834
117.188 85.14513785268817
120.117 85.26027960433986
124.512 85.4880311235352
128.906 85.42024139980614
133.301 85.46343552864376
139.16 85.44370700534077
143.555 85.42843894224842
147.949 85.31751207112399
153.809 85.10899752020225
159.668 85.05517922792123
165.527 84.99060482314286
171.387 84.87102698125273
177.246 84.69757508177346
183.105 84.5007769896412
188.965 84.4638091558995
196.289 84.3925982638411
203.613 84.17880185850004
210.938 84.14639317659544
218.262 83.94129311047135
225.586 83.96501065298591
232.91 84.03573383299909
241.699 83.88434557125049
250.488 83.97792137773618
259.277 84.39834840583518
268.066 84.41273358405249
276.855 84.80074590184485
287.109 84.72284842277463
297.363 84.77123031977085
307.617 84.39886414370221
319.336 83.99321129469392
329.59 83.82014561365199
341.309 83.99277530807174
353.027 84.1443981751098
366.211 84.82525233957175
379.395 85.33175097911379
392.578 85.15163260143689
405.762 84.90508553232144
420.41 84.65192556327878
435.059 83.75968988514494
451.172 83.87990042338792
465.82 84.8418866590804
483.398 85.38535081984665
499.512 85.5681138319971
517.09 85.7517827231401
536.133 84.49516666429656
555.176 84.33851197697138
574.219 83.17092333821205
594.727 82.69172027796286
615.234 83.35495284209223
637.207 84.02388566620805
659.18 84.97509065028208
682.617 85.44640819417057
707.52 85.70504889483324
732.422 84.90555823182274
757.324 83.3872502215859
785.156 81.48641318126309
811.523 81.15738949227234
840.82 82.77384330261894
870.117 83.72544521869592
900.879 84.2766401547853
933.105 86.05511457011502
965.332 86.75600437034966
1000.49 86.67425825770519
1035.64 86.2975585735574
1072.27 86.29842007091689
1108.89 85.85755459422865
1148.44 85.99612693736188
1189.45 85.8891339982886
1230.47 84.5850395625517
1274.41 83.28220000246095
1319.82 82.49414644938102
1366.7 83.14364786826374
1413.57 83.16334809825311
1463.38 82.6212745196225
1516.11 83.22477043246406
1568.85 87.18502434520042
1624.51 86.76432161230188
1681.64 85.80841727782361
1741.7 84.4758356215744
1803.22 84.8843516306136
1866.21 85.00183624745262
1932.13 83.98870381845967
1999.51 82.2236913175847
2069.82 81.99057145287561
2143.07 82.49013361546315
2219.24 82.03303070103088
2296.88 81.22394427658278
2378.91 81.73353484362232
2462.4 82.1869665892457
2548.83 82.29247668244622
2639.65 83.90379429862077
2731.93 85.02752727178672
2828.61 85.03330143853552
2928.22 85.18391078673893
3030.76 84.859156444221
3137.7 84.18042256151948
3249.02 84.33188990144096
3363.28 84.67935726237044
3481.93 84.06245358295818
3604.98 84.05206941266204
3732.42 84.32038525055404
3864.26 84.13856730515033
4000.49 84.58825600670939
4141.11 85.03920265067796
4287.6 85.3111905746205
4438.48 85.90191187546642
4595.21 85.05971175795925
4756.35 84.83338996623272
4924.8 84.6366247943404
5097.66 84.60624613482484
5277.83 83.0909282419814
5463.87 82.17453129797674
5657.23 81.66229753670335
5856.45 82.5632164378777
6062.99 83.57903983044729
6276.86 84.55463539741419
6498.05 83.69648251907235
6726.56 83.32658107172296
6963.87 84.26137032772591
7209.96 84.73015483434443
7464.84 84.70334348849306
7727.05 84.98607016179983
7999.51 84.95729895584368
8282.23 84.6515897684552
8573.73 83.818985029691
8876.95 83.18724180916954
9188.96 84.58282888813876
9514.16 85.20037276355855
9849.61 83.87690432260138
10196.8 83.02602584644227
10555.7 83.07424426226537
10927.7 82.84516450605892
11313.0 82.75257615774183
11712.9 82.56393203607804
12126.0 82.46409438384637
12553.7 82.91464655506925
12996.1 83.1879834221107
13454.6 82.6979047830558
13929.2 82.09184283624236
14419.9 81.45850805830224
14928.2 81.59501116525645
15455.6 81.94426472834118
16000.5 81.87694880821063
16564.5 82.78168269128072
17148.9 83.9913449994519
17752.4 85.3745021769924
18379.4 85.8132186472467
19026.9 85.20792097209976
19697.8 83.69662697766421
19999.5 82.82369147736213
