Freq "Side Wall Bounce"
20.5078 47.10070184074013
21.9727 56.73981544011761
23.4375 59.539997672608536
24.9023 63.05148425965248
26.3672 67.8082622975248
27.832 70.88789862966154
29.2969 73.6019828996817
30.7617 76.1616514846732
32.2266 78.58180396923929
33.6914 80.9895805229171
35.1562 82.92354157402012
36.6211 84.69257714712883
38.0859 86.22023579719277
39.5508 87.6160303324063
41.0156 88.88993588703595
42.4805 89.73099539606545
43.9453 90.2992720456005
45.4102 90.58788472533197
46.875 90.91960927495495
48.3398 91.19357656371238
51.2695 91.36669810969735
52.7344 91.32819483109294
54.1992 91.33809532055972
55.6641 91.4214303661268
58.5938 91.37176078362738
60.0586 91.30776737541974
62.9883 91.0365633155727
64.4531 90.9244985224097
67.3828 90.73195244608115
68.8477 90.66832560640016
71.7773 90.68211128557517
74.707 90.68880732035625
77.6367 90.63662339491836
79.1016 90.56451254591461
82.0312 90.46554699710208
84.9609 90.36641763832841
87.8906 90.09835996712903
90.8203 89.79054381787708
95.2148 89.62929567791114
98.1445 89.30850482728113
101.074 88.7953053612658
105.469 88.74968663429848
108.398 89.06493086396458
112.793 88.90606148738273
117.188 88.26106216565987
120.117 87.89556776971284
124.512 87.25096776074575
128.906 85.94090556927381
133.301 85.56713164717048
139.16 89.47509481217574
143.555 87.59165546371585
147.949 86.14528704095781
153.809 85.93854902160695
159.668 86.70925681973668
165.527 88.91410413398883
171.387 90.03967778287499
177.246 90.57640382194428
183.105 89.79357779589824
188.965 89.31727493040844
196.289 90.4888870624663
203.613 90.04926274985107
210.938 89.443287480896
218.262 88.97805574748931
225.586 89.18310426290196
232.91 89.82098590975289
241.699 88.9568923068033
250.488 89.25142214551926
259.277 89.92998441326
268.066 89.29996886059621
276.855 89.21373922282855
287.109 88.92827526708228
297.363 88.85084260662319
307.617 88.75886508687566
319.336 88.84011775388132
329.59 90.31282875876566
341.309 89.88430492931239
353.027 88.95667270395987
366.211 88.61021556928877
379.395 87.73811457733126
392.578 88.62613717760591
405.762 89.0295283641867
420.41 88.07143752856007
435.059 87.28082130863353
451.172 87.34077901829127
465.82 87.16451966601747
483.398 87.01668067359684
499.512 86.64995441864313
517.09 85.77769145781224
536.133 85.91784348254521
555.176 84.04644106401352
574.219 84.56317434916215
594.727 83.41755338643057
615.234 83.19345891580492
637.207 83.51649078954568
659.18 82.47734086119965
682.617 83.30542878432763
707.52 84.23726638908283
732.422 83.53460820724891
757.324 83.19344977877341
785.156 83.24835143466967
811.523 84.10649609373552
840.82 82.61887124783931
870.117 82.34766698066049
900.879 83.38631387177128
933.105 83.35775064348886
965.332 83.50014591237382
1000.49 82.53526250117244
1035.64 83.26339963797673
1072.27 81.88178172191101
1108.89 81.5012571584395
1148.44 82.66216784984987
1189.45 81.69718352124204
1230.47 81.27494086140109
1274.41 81.2199973940933
1319.82 80.71600295108696
1366.7 81.07042058622352
1413.57 80.7984680149163
1463.38 79.5766844158486
1516.11 79.30496888836402
1568.85 78.51896233746578
1624.51 78.24978831754709
1681.64 79.21366520233072
1741.7 79.9073582286326
1803.22 80.34608709679556
1866.21 79.99227864284238
1932.13 79.12671569848443
1999.51 78.70039404475293
2069.82 79.00567142229791
2143.07 79.47918428906313
2219.24 79.31258980636099
2296.88 78.09208042219734
2378.91 77.62027918756803
2462.4 78.67539785919809
2548.83 79.81439338714492
2639.65 79.45309109161661
2731.93 78.00979083533505
2828.61 77.43455309774154
2928.22 77.04452407825192
3030.76 76.66134554179163
3137.7 77.55681379307293
3249.02 78.67724737614739
3363.28 79.5348803256224
3481.93 80.88358336783102
3604.98 80.4163104387664
3732.42 80.01942200471542
3864.26 79.95205677423222
4000.49 79.67140344549318
4141.11 80.23821764747375
4287.6 79.91252096433536
4438.48 79.11338949483769
4595.21 78.61643177036825
4756.35 78.63160969017311
4924.8 79.91441033449067
5097.66 79.46206096708401
5277.83 78.48437149771087
5463.87 78.31476506003234
5657.23 78.45886943458777
5856.45 79.87382770317734
6062.99 78.38367880549045
6276.86 76.94764282732785
6498.05 79.1431291277793
6726.56 78.53125038472392
6963.87 74.7218358940587
7209.96 76.34628874062606
7464.84 76.65770753021548
7727.05 75.86581739720891
7999.51 78.30253252721218
8282.23 79.09397432448453
8573.73 77.8078171986783
8876.95 77.10053038947196
9188.96 77.19147055862888
9514.16 75.53660657054688
9849.61 81.33103116273652
10196.8 78.7980998491148
10555.7 66.38140479838552
10927.7 75.16991270895171
11313.0 75.96452338003786
11712.9 77.76774677401544
12126.0 76.626803601296
12553.7 76.6041379421923
12996.1 74.02572055162979
13454.6 69.74387748874194
13929.2 73.39539586184023
14419.9 75.62072204057635
14928.2 76.27150366000281
15455.6 76.03124422185155
16000.5 80.1226657828979
16564.5 80.16172661923066
17148.9 77.34659358525157
17752.4 79.55305167487757
18379.4 77.56232929631028
19026.9 79.56530333330937
19697.8 77.185948940381
19999.5 74.06423204215264
