Freq "Front Wall Bounce"
20.5078 67.2888699248109
21.9727 70.54285258787688
23.4375 74.36745723755574
24.9023 76.30793012121477
26.3672 78.52274204200258
27.832 79.63375896789111
29.2969 81.94587967077167
30.7617 84.20754070768741
32.2266 84.97058061912375
33.6914 86.63776066674295
35.1562 88.09385850073174
36.6211 89.41522360841203
38.0859 90.38347673629758
39.5508 91.93085882414466
41.0156 93.12195240832835
42.4805 94.20005873797602
43.9453 95.3248125637831
45.4102 96.36364489634586
46.875 97.28930675082442
48.3398 98.21257664810078
51.2695 99.95786812363177
52.7344 100.38739993814961
54.1992 100.73073624188916
55.6641 101.08926552367107
58.5938 101.46610978026852
60.0586 101.46467872053687
62.9883 101.32196038875863
64.4531 101.22238943723639
67.3828 100.99469461882227
68.8477 100.88799251617372
71.7773 100.67216196181027
74.707 100.41601446778819
77.6367 100.14502008433936
79.1016 100.05100877099729
82.0312 99.8448642358788
84.9609 99.54486748166697
87.8906 99.46013725993424
90.8203 99.31433610828974
95.2148 99.13950982541498
98.1445 98.97333106218689
101.074 98.79689507861396
105.469 98.65956922238207
108.398 98.68660127509075
112.793 98.61880726303077
117.188 98.55424428340591
120.117 98.53305026922614
124.512 98.53243045976194
128.906 98.44620113372459
133.301 98.33064003037384
139.16 98.15698837527209
143.555 98.08665901902094
147.949 98.16750061504946
153.809 98.15686807043542
159.668 98.30910444982887
165.527 98.31069061570072
171.387 98.16631052828662
177.246 98.08218070362777
183.105 98.01915757197648
188.965 98.05613691220039
196.289 98.38093247156165
203.613 98.30199846930776
210.938 98.34763889809518
218.262 98.26899723651147
225.586 98.30303685587148
232.91 98.50259873324923
241.699 98.31718786528442
250.488 98.62949362811945
259.277 98.86488850373162
268.066 98.54843107136237
276.855 98.5976423186087
287.109 98.69548407235858
297.363 98.85329829588036
307.617 98.88371894040797
319.336 98.53183184687434
329.59 98.518958318547
341.309 98.42622395605038
353.027 98.5618310358907
366.211 98.91459885272012
379.395 98.90008606579816
392.578 98.28898973763522
405.762 98.32204278225812
420.41 99.35204659669382
435.059 98.76350077538858
451.172 99.64472413650203
465.82 99.65618939053263
483.398 99.38539062738619
499.512 99.49904471229733
517.09 99.18931435071231
536.133 99.57634750401218
555.176 100.21437691749853
574.219 100.09697753521124
594.727 99.78325939193392
615.234 99.79482295897222
637.207 100.13046868831633
659.18 100.48730309184025
682.617 100.30096890547702
707.52 100.14375676801824
732.422 99.53405386261896
757.324 99.4556613039245
785.156 98.05358419978263
811.523 98.85983091021593
840.82 99.8148360375977
870.117 98.85564772802611
900.879 99.31126256607119
933.105 98.99846763655522
965.332 99.5331259530751
1000.49 99.74838231701032
1035.64 99.48495976882256
1072.27 99.16505115821316
1108.89 99.28857401702024
1148.44 99.76107814352667
1189.45 99.66062036336788
1230.47 100.12983263306374
1274.41 99.55288833310803
1319.82 99.694449135772
1366.7 99.27455855841124
1413.57 99.36591005903969
1463.38 99.4351858303434
1516.11 99.38103783781662
1568.85 98.91177153732438
1624.51 98.878898430783
1681.64 98.7302249999485
1741.7 99.9659746460326
1803.22 100.39614424454976
1866.21 99.83598996383223
1932.13 98.9087483153446
1999.51 99.13871041229261
2069.82 100.27591497670075
2143.07 100.2820090384911
2219.24 99.29213301230281
2296.88 99.34907187263376
2378.91 99.51682451873016
2462.4 99.18298525587738
2548.83 99.37149321895896
2639.65 99.42407512271751
2731.93 98.78139214440547
2828.61 99.16874854081095
2928.22 98.88091197001312
3030.76 98.53382121482552
3137.7 99.35843491408734
3249.02 99.46694522139019
3363.28 99.75572105683065
3481.93 100.06619864129453
3604.98 99.60349811865973
3732.42 99.67992342105852
3864.26 99.74405127120562
4000.49 99.69298314817122
4141.11 99.72023520215917
4287.6 99.88662684030487
4438.48 98.8943728655721
4595.21 100.14300624088638
4756.35 99.19234746380425
4924.8 100.14774229782418
5097.66 99.73761526205028
5277.83 99.82212788672074
5463.87 100.5047145629238
5657.23 100.9298509390672
5856.45 101.69234247162994
6062.99 101.89013128400349
6276.86 101.79065548435182
6498.05 101.21362338428729
6726.56 100.4895981262053
6963.87 100.97386895061143
7209.96 101.42874924931563
7464.84 101.60066601720702
7727.05 101.29096948728483
7999.51 100.64162968295746
8282.23 99.66824127987536
8573.73 99.09836648801891
8876.95 98.73788342656192
9188.96 98.55535766995301
9514.16 98.35240964100264
9849.61 97.76160767416816
10196.8 97.19141960645699
10555.7 97.01108715469816
10927.7 97.13946776470671
11313.0 97.41364392113886
11712.9 97.72981659360867
12126.0 97.87405154689077
12553.7 98.04118338651264
12996.1 98.10247160726996
13454.6 97.94516080620161
13929.2 97.88734862361919
14419.9 97.72571921260983
14928.2 97.54613720173055
15455.6 97.58761826127763
16000.5 97.62981907571377
16564.5 97.3864635003179
17148.9 97.11445922219235
17752.4 96.71627250336306
18379.4 96.40826940270283
19026.9 96.02528502015569
19697.8 95.87507449775151
19999.5 95.83058518340526
