Freq "Ceiling Bounce"
20.5078 46.21189325385845
21.9727 49.94221424281636
23.4375 50.90701973813643
24.9023 54.31395986424917
26.3672 56.767662498496605
27.832 58.62029611914676
29.2969 60.08915976347916
30.7617 62.048959122744876
32.2266 63.19443403730463
33.6914 64.85157739452976
35.1562 65.77330104655907
36.6211 67.02794567697453
38.0859 68.63742151584923
39.5508 69.66329574163115
41.0156 70.94358210421976
42.4805 71.9077006914106
43.9453 72.83273018109384
45.4102 73.48613538666044
46.875 74.84073117824951
48.3398 75.4721071103176
51.2695 76.9605408630631
52.7344 77.74931658341204
54.1992 78.3925369886069
55.6641 78.93102999817471
58.5938 79.99691337988536
60.0586 80.43347933406048
62.9883 81.32216370247454
64.4531 81.67930377961667
67.3828 82.21110171663157
68.8477 82.37405048895334
71.7773 82.85948332006248
74.707 83.45890399476588
77.6367 83.72893034726799
79.1016 83.76251202940169
82.0312 83.96903689210183
84.9609 84.22910545596417
87.8906 84.20418983780183
90.8203 84.62054812566437
95.2148 84.50549068161705
98.1445 84.66425939433915
101.074 84.46560586577448
105.469 84.79699863330708
108.398 85.00606766106843
112.793 85.0185619869248
117.188 85.0106854718485
120.117 85.19253963016787
124.512 85.15639429323906
128.906 84.95244990110713
133.301 84.94452749146402
139.16 84.9682042250709
143.555 84.9261688649976
147.949 84.8369458635278
153.809 84.80682202237637
159.668 84.83769553152894
165.527 84.87412412132261
171.387 84.91978686539723
177.246 84.9381255625843
183.105 84.67909362491339
188.965 84.48627170949705
196.289 84.75835812020593
203.613 84.6180694414903
210.938 84.51745817700152
218.262 84.340349262165
225.586 84.36558862830859
232.91 84.5336548726255
241.699 84.23556041967053
250.488 83.86495374495547
259.277 84.24104072523133
268.066 83.96171831830452
276.855 83.92694462775749
287.109 83.86696428944099
297.363 83.39290078390337
307.617 82.44129057346049
319.336 83.13427641366646
329.59 83.59904846306044
341.309 83.44833908155097
353.027 83.16002275306244
366.211 83.72282279290125
379.395 84.11716181682877
392.578 83.65746660841674
405.762 83.42844918692455
420.41 83.93419954885309
435.059 83.23340994338841
451.172 83.33335830022253
465.82 83.39023552218379
483.398 83.39829904609172
499.512 83.28708968489224
517.09 83.36177067755024
536.133 82.21921802338386
555.176 82.29443208118609
574.219 82.34340262978294
594.727 81.72457746297357
615.234 81.84400336527861
637.207 81.45401347010214
659.18 80.82500849514132
682.617 80.87491685901666
707.52 80.61520893234855
732.422 81.23351827976222
757.324 81.69868047591524
785.156 82.71622605364979
811.523 82.17324399734957
840.82 82.130424367424
870.117 81.36402595098227
900.879 82.5312093521442
933.105 81.42305810630104
965.332 82.6851021238967
1000.49 82.32508461267466
1035.64 82.62290646589933
1072.27 82.01786145541217
1108.89 83.03757163158373
1148.44 81.9111901015184
1189.45 79.43109344172028
1230.47 80.81802134424677
1274.41 78.13984235603985
1319.82 79.2186699214171
1366.7 78.66928623649792
1413.57 79.94716142814437
1463.38 78.92113648161585
1516.11 78.3412634143108
1568.85 76.85378197507978
1624.51 75.68203722840344
1681.64 75.6143545364356
1741.7 75.76319418554368
1803.22 74.67281430990218
1866.21 73.30439763781592
1932.13 74.7692588280517
1999.51 75.481476716835
2069.82 75.93539719117443
2143.07 74.98857065892503
2219.24 75.78205447807696
2296.88 77.81388477216161
2378.91 78.65245066123974
2462.4 78.35763982745291
2548.83 79.00089497712372
2639.65 80.40808882617068
2731.93 81.186646161977
2828.61 81.44545068922082
2928.22 81.29024146159358
3030.76 81.74064942843566
3137.7 82.46602390578259
3249.02 82.83804895641106
3363.28 82.53014232359277
3481.93 82.6344207083971
3604.98 81.94662638025679
3732.42 81.88560139794885
3864.26 81.28331589305967
4000.49 80.72255022287791
4141.11 81.12085640447658
4287.6 80.17427047384874
4438.48 81.40237119632471
4595.21 80.64034071341757
4756.35 81.56886794053058
4924.8 81.02558592879005
5097.66 81.58292824949712
5277.83 81.88745414026482
5463.87 81.9768155620303
5657.23 82.60258818698821
5856.45 82.37519655176803
6062.99 82.43177428731435
6276.86 82.15626093121033
6498.05 81.81728053116987
6726.56 81.49902068784155
6963.87 81.3642920091311
7209.96 81.0025577715502
7464.84 80.54225770221292
7727.05 79.79932773185445
7999.51 79.3958088437854
8282.23 78.91909450708656
8573.73 78.5274390179972
8876.95 78.20484176326161
9188.96 77.85443241067682
9514.16 77.33380882025487
9849.61 76.7087605586879
10196.8 76.26538186781096
10555.7 75.63667495254494
10927.7 74.93439698850638
11313.0 74.61211618336334
11712.9 74.11715331310994
12126.0 73.53450817315613
12553.7 73.30217635518474
12996.1 73.23275548525886
13454.6 72.85412755697715
13929.2 72.34812320863404
14419.9 71.5042823224181
14928.2 70.29451174271749
15455.6 69.21472622353106
16000.5 69.65989685884222
16564.5 68.77674490642417
17148.9 66.91181027296453
17752.4 64.93289315317992
18379.4 63.46105444424437
19026.9 61.145602981312834
19697.8 58.340620250191705
19999.5 56.69817076390362
