Freq "Rear Wall Bounce"
20.5078 61.6491548920408
21.9727 63.25943452577906
23.4375 65.42259953159754
24.9023 67.2377703834342
26.3672 68.87167621297199
27.832 70.35361174114428
29.2969 72.00221598504413
30.7617 73.48174654410995
32.2266 74.99545748380307
33.6914 76.08929139349213
35.1562 77.39886907420946
36.6211 78.67683073426409
38.0859 79.85544188640942
39.5508 80.9702192667265
41.0156 81.89065769014773
42.4805 83.01969856033655
43.9453 83.23494542564006
45.4102 83.94192510226833
46.875 84.61496605700047
48.3398 85.14198869216634
51.2695 85.790175089202
52.7344 86.12670645478013
54.1992 86.33528321619602
55.6641 86.4748311836779
58.5938 86.68250835236023
60.0586 86.75337064450083
62.9883 86.85698880238631
64.4531 86.90289874036787
67.3828 86.95518567103964
68.8477 86.96558986219412
71.7773 87.02121912108863
74.707 87.14015907503986
77.6367 87.24612484050017
79.1016 86.86445414723742
82.0312 86.8913552897536
84.9609 87.05999014080408
87.8906 87.11300110359026
90.8203 87.14503091459427
95.2148 87.21042317300537
98.1445 87.28657798616433
101.074 87.31585583521
105.469 87.35461639521469
108.398 87.49738740461201
112.793 87.65556207189299
117.188 87.77424496994132
120.117 87.8535305341941
124.512 88.00091534175473
128.906 87.97323568867459
133.301 88.01017226744538
139.16 87.97374131156889
143.555 87.91323217294212
147.949 87.8631843559385
153.809 87.76123437270405
159.668 87.90601280188923
165.527 88.04408192262085
171.387 87.93542074736055
177.246 87.75058361711741
183.105 87.55475269439702
188.965 87.37739271688375
196.289 87.4552933624876
203.613 87.12118677935379
210.938 86.92783869700497
218.262 87.05878649757864
225.586 86.9964617471932
232.91 86.7530393763745
241.699 86.54828004877201
250.488 86.37841722877856
259.277 86.27490803668002
268.066 86.18270280484
276.855 85.80580676589837
287.109 85.70444283561767
297.363 85.59229982355744
307.617 85.1693305533411
319.336 85.0715896359233
329.59 84.80969204330492
341.309 85.1563653984654
353.027 84.320747828245
366.211 84.00142780508733
379.395 84.0282089661826
392.578 84.13358795579383
405.762 83.91016536930181
420.41 83.23880532829659
435.059 83.54501933019296
451.172 83.35717135202889
465.82 83.18952353969335
483.398 82.96602972915998
499.512 82.55594170278755
517.09 82.6918154499109
536.133 82.62985486120738
555.176 81.71926981719403
574.219 82.33469347675717
594.727 83.20181734842713
615.234 82.35099831302199
637.207 83.13654930707142
659.18 81.6103430811681
682.617 81.50609860323323
707.52 81.33509027506591
732.422 80.98476175807454
757.324 81.04647962101248
785.156 80.8132020844015
811.523 80.63094361040986
840.82 79.89564661460517
870.117 79.58537826289223
900.879 78.84387745220565
933.105 78.25779934900476
965.332 77.30130463944626
1000.49 76.31036043582837
1035.64 74.4536777336693
1072.27 74.77563567906353
1108.89 74.64140487473213
1148.44 75.18611144251791
1189.45 76.64152113470075
1230.47 78.22956601209034
1274.41 77.87207419296938
1319.82 77.3914451179777
1366.7 77.01173765677862
1413.57 75.2757310626445
1463.38 75.68436776788286
1516.11 76.75560127222745
1568.85 76.79535609697693
1624.51 76.20816173742762
1681.64 75.32823572978236
1741.7 74.73653115603871
1803.22 74.43952085964912
1866.21 74.49787908315564
1932.13 73.72170189737889
1999.51 73.26092998070216
2069.82 73.77087365339598
2143.07 74.0144875737871
2219.24 74.35394708013901
2296.88 73.77995386775935
2378.91 73.05339095170496
2462.4 72.39717144094286
2548.83 73.10243823355954
2639.65 73.45544488740144
2731.93 73.2272499573289
2828.61 73.21708166770561
2928.22 73.56685702092135
3030.76 74.06918506297363
3137.7 75.03092325075364
3249.02 75.38997692679257
3363.28 74.8622234476328
3481.93 74.90667871763142
3604.98 75.82496958510029
3732.42 75.72704929502898
3864.26 75.08560773425629
4000.49 74.87803998501053
4141.11 75.11903708216379
4287.6 75.79316972444089
4438.48 75.75043629312046
4595.21 76.57721688213971
4756.35 76.72631427121125
4924.8 76.44512513821024
5097.66 76.64675953555657
5277.83 76.46273984288959
5463.87 76.10906828718458
5657.23 76.2563704354887
5856.45 76.6044789444399
6062.99 76.13597291291202
6276.86 76.34327548838402
6498.05 75.7923126655239
6726.56 76.25095602977564
6963.87 75.37256472548098
7209.96 75.55881952812032
7464.84 74.74399049774814
7727.05 74.62928505970714
7999.51 74.05980201433302
8282.23 73.91710045368468
8573.73 73.65554818914482
8876.95 73.4875792262248
9188.96 73.2052791625397
9514.16 72.9904312043311
9849.61 72.91901286271755
10196.8 72.70753502055759
10555.7 72.32541652863767
10927.7 72.10335445469812
11313.0 72.09419406742458
11712.9 72.35428675127704
12126.0 72.3131773002836
12553.7 72.25108277471513
12996.1 71.9248491292317
13454.6 71.31249970600369
13929.2 70.74798210476706
14419.9 70.3436344599341
14928.2 70.3214447313257
15455.6 70.01580184988941
16000.5 69.34974586444845
16564.5 68.60705446441409
17148.9 67.94012125673885
17752.4 67.25946055895425
18379.4 66.22902307340874
19026.9 65.43028658276818
19697.8 64.88432862419867
19999.5 65.7854294289602
