Freq "Floor Bounce"
22.4 54.85832970791934
23.0 56.2911588338785
23.6 62.837894330432206
24.0 67.22238173043188
25.0 70.81337748075119
25.8 73.24063112714013
26.5 74.73466609773281
27.2 75.56556248925493
28.0 76.09613788198656
29.0 76.56260121288624
30.0 77.29390750141907
30.7 78.42571108510644
31.5 80.02571108510644
32.5 82.05801614842939
33.5 84.25801614842938
34.5 86.32571108510642
35.5 88.12571108510642
36.5 89.79082679431149
37.5 91.29082679431149
38.7 92.75646369698727
40.0 94.15646369698727
41.2 95.62339141558458
42.5 97.15646369698727
43.7 99.05646369698728
45.0 100.39082679431148
46.2 101.3580161484294
47.5 102.6931639180448
48.7 103.96112020985827
50.0 105.02957581475984
51.5 106.02957581475984
53.0 107.09852650725139
54.5 108.02957581475982
56.0 108.89852650725139
58.0 109.73178795702388
60.0 110.53178795702387
61.5 110.99613788198656
63.0 111.29613788198657
65.0 111.53018971283603
67.0 111.79613788198655
69.0 112.06101427019635
71.0 112.46101427019637
73.0 112.86101427019635
75.0 113.29233195920352
77.5 113.79233195920352
80.0 114.12720421040105
82.5 114.35876577357418
85.0 114.52720421040102
87.5 114.55876577357418
90.0 114.42720421040103
92.5 114.12720421040105
95.0 113.62720421040103
97.5 113.19613788198656
100.0 112.89613788198658
103.0 112.66260121288624
106.0 112.59613788198656
109.0 112.59613788198656
112.0 112.56260121288624
115.0 112.59613788198656
118.0 112.66260121288624
122.0 112.66260121288624
125.0 112.56260121288624
128.0 112.46260121288624
132.0 112.33178795702386
136.0 112.13178795702386
140.0 111.99852650725138
145.0 111.73178795702387
150.0 111.43178795702386
155.0 111.10146339691634
160.0 110.66796798568784
165.0 110.4378958758547
170.0 110.60830573455384
175.0 110.94552476926638
180.0 111.04552476926638
185.0 110.87919305319146
190.0 110.34552476926638
195.0 109.91666134490347
200.0 109.98328339536758
206.0 110.41666134490349
212.0 110.98826838299723
218.0 111.38826838299723
224.0 111.46532876934786
230.0 111.46532876934786
236.0 111.498844463626
240.0 111.5378943304322
250.0 111.4378943304322
258.0 111.27749358942062
265.0 110.95076078288996
272.0 110.79115883387847
280.0 110.72447654249957
290.0 110.66511868679186
300.0 110.46511868679185
307.0 110.26511868679184
315.0 110.08096074182015
325.0 109.92296179112778
335.0 109.82296179112775
345.0 109.72296179112776
355.0 109.52296179112777
365.0 109.38096074182015
375.0 109.3063174826353
387.0 108.99115883387849
400.0 108.73211249985319
412.0 108.63211249985316
425.0 108.59115883387847
437.0 108.53211249985317
450.0 108.57362410018015
462.0 108.50631748263528
475.0 108.54807519062966
487.0 108.54807519062966
500.0 108.43211249985319
515.0 108.44458167408168
530.0 108.56532876934786
545.0 108.7546706538409
560.0 109.11666134490348
580.0 109.27919305319146
600.0 109.71666134490349
615.0 109.73287516242969
630.0 109.71853237254702
650.0 109.223727269094
670.0 108.34749435930574
690.0 107.55769523415323
710.0 106.74640398319782
730.0 105.25665367238341
750.0 103.54958941445919
775.0 101.19970173100909
800.0 99.00626115408669
825.0 98.17225599495113
850.0 99.0719813140649
875.0 100.84665219419608
900.0 102.61254837634306
925.0 103.5534243403084
950.0 104.2797160888954
975.0 104.87773530160244
1000.0 105.52511606619895
1030.0 106.12652590537465
1060.0 106.79233195920351
1090.0 107.29082679431149
1120.0 107.23352700847735
1150.0 107.07482550711528
1180.0 106.94134060770276
1220.0 106.88657739593008
1250.0 106.67040654231124
1280.0 106.29127466999104
1320.0 105.70869146077656
1360.0 106.24348735416797
1400.0 106.3362068052324
1450.0 106.03669174809329
1500.0 105.61529388816056
1550.0 104.84900549934805
1600.0 105.04903025620615
1650.0 105.587839195399
1700.0 105.94933554517188
1750.0 105.92370727337084
1800.0 105.32451763768017
1850.0 104.52323114870981
1900.0 104.26479722479607
1950.0 104.68684817900181
2000.0 104.6516510352119
2060.0 105.34296405014594
2120.0 105.41706810245387
2180.0 104.60713401069982
2240.0 103.58725166660007
2300.0 102.49490748576116
2360.0 103.36965272341439
2400.0 103.62953133880013
2500.0 103.79126966299008
2580.0 103.54640398319782
2650.0 104.30608230081425
2720.0 104.18250046768775
2800.0 103.71697732306079
2900.0 104.05061047479653
3000.0 104.97794334267145
3070.0 105.10806688133096
3150.0 105.21120836722149
3250.0 104.75710794228975
3350.0 104.16343315352411
3450.0 103.37744808070521
3550.0 103.01712585839532
3650.0 101.09708451706797
3750.0 99.02180200023507
3870.0 100.9603453246476
4000.0 103.93137224283232
4120.0 105.034956890824
4250.0 104.14152791495746
4370.0 103.70348302890572
4500.0 104.4073113832905
4620.0 104.15547958423535
4750.0 102.90897733709272
4870.0 102.49648914547576
5000.0 103.14970922201026
5150.0 101.7914790585306
5300.0 104.01571262555983
5450.0 105.26444388438303
5600.0 104.17950049745484
5800.0 103.60128534581818
6000.0 104.23855443152927
6150.0 103.44405956359357
6300.0 104.30886548296863
6500.0 103.85522430045359
6700.0 104.13363605831582
6900.0 103.68754198718456
7100.0 102.93476184475702
7300.0 104.13668595016952
7500.0 106.33213690445906
7750.0 106.19814726073125
8000.0 104.25437621886077
8250.0 104.44631035137833
8500.0 102.9923753931825
8750.0 101.11105527399216
9000.0 102.30502637410994
9250.0 103.6492011102902
9500.0 106.36397758887541
9750.0 107.42506954824175
10000.0 106.27867490713062
10300.0 104.66685702012423
10600.0 107.31456914867938
10900.0 106.03514422332262
11200.0 104.14284839724407
11500.0 104.52897982706632
11800.0 104.57982866116713
12200.0 106.6422168441996
12500.0 118.41691850275397
12800.0 117.03228021204865
13200.0 119.85997252520217
13600.0 119.60109093003568
14000.0 113.31350510079936
14500.0 114.02269949693954
15000.0 106.71731005679588
15500.0 107.90743313677561
16000.0 107.29141802301422
16500.0 108.87173256612466
17000.0 108.05260170226262
17500.0 104.90497840984378
18000.0 105.11461104542789
18500.0 96.09100077201789
19000.0 103.19189048558374
19500.0 96.58892105344957
