Freq "Ceiling Bounce"
20.5078 60.22969198805224
21.2402 59.719904210360326
21.9727 62.04552579919222
22.7051 64.20475740847625
23.4375 65.17961842062607
24.1699 67.44399575445273
25.6348 70.47302881072376
26.3672 71.82656202901678
27.0996 73.06864209081257
27.832 74.51547201053127
29.2969 77.0617006646183
30.0293 78.45014648111805
31.4941 80.27141327350144
32.2266 81.13904621604316
33.6914 82.71854032183278
34.4238 83.43631920358047
35.8887 84.86448218899629
37.3535 86.24105585722292
38.8184 87.55220768923213
39.5508 88.1363148834212
41.0156 89.1372327136727
42.4805 89.6960718549794
43.9453 89.77437820160635
45.4102 89.63388575136729
47.6074 89.13613562276271
49.0723 88.76856105381533
50.5371 88.47796516445837
52.7344 88.05866313623324
54.1992 87.93464003634337
56.3965 87.6887953577936
58.5938 87.70585656770764
60.0586 87.67685246844643
62.2559 87.79328372152996
64.4531 87.55130456023788
66.6504 87.56170084985231
69.5801 87.61602685083562
71.7773 87.58013458810119
73.9746 87.62725048216217
76.9043 87.28809599727538
79.834 87.41601171902263
82.7637 87.3651249352889
85.6934 87.54688164018707
88.623 87.54112136192666
91.5527 87.494656893068
94.4824 87.5841707644898
98.1445 87.70928057996038
101.807 87.80512417718005
105.469 87.98595762432012
109.131 87.87240488094798
112.793 87.93448914388289
116.455 87.78890087284462
120.85 87.99784001148647
125.244 88.307174201928
129.639 88.42956892456108
134.033 88.23519903192212
138.428 88.42286955200758
143.555 88.45209468040628
148.682 88.31933087007117
153.809 88.57902475744095
159.668 88.78967541306672
164.795 88.5569700421092
170.654 88.7246600198179
176.514 88.88150381827802
183.105 88.95985266601683
189.697 89.1508497210661
196.289 89.29436859534626
202.881 89.44167273721935
210.205 89.77859628490928
217.529 90.34608531817517
225.586 90.133486634921
232.91 89.65947947932452
241.699 89.4663789190165
249.756 89.22479514006612
258.545 89.56577232304623
268.066 89.0389843435853
277.588 88.92144489095492
287.109 89.32792225743614
297.363 89.19682188927455
307.617 88.76508187267997
318.604 88.410060223607
329.59 88.05824231190708
341.309 87.95503521139968
353.76 87.31767875312856
366.211 86.91763925064049
378.662 87.58384052521835
392.578 87.04861632209844
405.762 85.47376850462165
420.41 84.97557961235825
435.059 85.84130279444379
450.439 85.38943210363077
466.553 84.863660343909
482.666 83.46159450234258
500.244 83.78792659414498
517.822 83.93507010004875
536.133 83.87053155197825
554.443 83.66987170058547
574.219 83.13029281292951
594.727 82.53510839360001
615.234 82.48068321759564
637.207 82.11795991597316
659.912 80.49782324213167
683.35 80.51034485124835
706.787 80.2106223387965
731.689 78.19226563543756
758.057 79.86570266780195
784.424 79.0042510658144
812.256 79.42152834378052
840.82 76.60393830764056
870.85 78.39146095132938
901.611 76.80466797048294
933.105 79.5724851762691
966.064 77.436627369411
999.756 76.76095520521436
1034.91 76.45570554612948
1071.53 75.90648914372174
1109.62 77.50088053595617
1148.44 77.3891987503347
1189.45 77.13076841832309
1231.2 77.31135660835567
1274.41 77.57226593185196
1319.82 75.29785397659951
1365.97 75.3321554474884
1414.31 76.39633813103706
1464.11 75.53199419833265
1515.38 75.68727063113057
1568.85 76.28603806006791
1624.51 77.47530668757825
1681.64 79.02085196342175
1740.97 80.0398997213021
1802.49 82.0649569523029
1866.21 83.70340343552652
1932.13 84.09923858174993
2000.24 84.40610431993166
2070.56 84.4531282875859
2143.8 83.79132179182567
2219.24 84.41641013022904
2297.61 84.45877895313122
2378.17 84.12367360790674
2462.4 83.81860685679874
2548.83 84.05229141924112
2638.92 83.26358117236714
2731.93 82.84142970265849
2828.61 83.24282135044085
2928.22 82.60568871027222
3031.49 82.45284330257068
3138.43 83.40586530969857
3249.02 83.23478829871799
3363.28 84.14544555454665
3481.93 84.32141859961793
3604.98 84.51955775330212
3732.42 84.98150854074999
3863.53 84.9656539658257
3999.76 85.14816042495337
4141.11 85.45255455722624
4286.87 85.04435679925012
4438.48 85.55907604114047
4594.48 84.65100598819338
4757.08 85.31547848781356
4924.8 84.56492803046149
5098.39 84.62764324095771
5277.83 84.49864775487318
5463.87 84.38743912327236
5656.49 84.58815849937875
5856.45 85.084682064708
6062.99 84.77768432528289
6276.86 85.36986292751695
6498.05 84.80542225438828
6727.29 84.6235897143449
6964.6 84.36715095686584
7209.96 83.84469118526992
7464.11 83.47686076106993
7727.78 83.04261256345083
8000.24 82.44414492648221
8282.23 81.67919091436423
8574.46 81.19760386058631
8876.22 81.21336633556677
9189.7 81.42258893419672
9513.43 81.87419145431956
9848.88 81.91269587210677
10196.8 81.90081088420132
10556.4 81.65617981314743
10928.5 81.42721054731918
11313.7 82.0704573423527
11712.9 82.54702579272929
12126.0 81.72575961339105
12553.7 81.35276336969385
12996.1 81.00981967795545
13454.6 80.68403139448704
13928.5 80.38419618622369
14419.9 78.87878242730328
14928.2 76.71122040544854
15454.8 75.3453884307222
15999.8 72.97310540902456
16564.5 74.20828935298717
17148.2 76.69869892252915
17753.2 78.67129302246904
18379.4 80.2469841840014
19027.6 80.28186775119227
19698.5 78.16530503871122
19999.5 76.71334781584217
