Freq "Listening Window"
20.5078 36.702672800117966
21.9727 40.22990242554181
23.4375 39.3594519823279
24.9023 42.041112549718235
26.3672 42.915734498643786
27.832 43.79196180874885
29.2969 45.30192567716247
30.7617 46.47799237564911
32.2266 47.955640760178824
33.6914 48.961758955423534
35.1562 50.71444372947565
36.6211 52.19097906397724
38.0859 53.812886938999355
39.5508 55.44498804572015
41.0156 56.35663239142815
42.4805 58.35365490335661
43.9453 59.8413541529323
45.4102 61.336707319362674
46.875 62.6663455938433
48.3398 63.921384535075575
51.2695 66.39398522092701
52.7344 67.49716371196294
54.1992 68.60928493465232
55.6641 69.75410053957053
58.5938 71.70678637510935
60.0586 72.6699398459191
62.9883 74.61205071718724
64.4531 75.54086103754972
67.3828 77.09785939042045
68.8477 77.85241937969568
71.7773 79.34548480619407
74.707 80.6223227846296
77.6367 81.73060112678091
79.1016 82.26535473495986
82.0312 83.1393679687532
84.9609 83.82231036288233
87.8906 84.4260476282101
90.8203 84.9175078186208
95.2148 85.46007631822826
98.1445 85.74376857697533
101.074 85.93196859983651
105.469 86.12553424601927
108.398 86.27081303796396
112.793 86.33056640932341
117.188 86.29483506188781
120.117 86.29712466856343
124.512 86.23140401952996
128.906 86.083267984915
133.301 85.9205280289849
139.16 85.73639848218542
143.555 85.61359883737983
147.949 85.45863539544968
153.809 85.2469238916733
159.668 85.10334371024746
165.527 84.97835776318719
171.387 84.74494558483192
177.246 84.55098811191348
183.105 84.34702368688254
188.965 84.24662184583663
196.289 84.23262722107471
203.613 83.97948272230427
210.938 83.82018092332476
218.262 83.61026288198428
225.586 83.44757349897765
232.91 83.26322600398528
241.699 82.94241599158323
250.488 82.72413866818628
259.277 82.61957093104616
268.066 82.35661384900165
276.855 82.36127865761347
287.109 82.21410605024454
297.363 82.28295667300623
307.617 82.15265930745389
319.336 82.02609642657347
329.59 82.06937299046803
341.309 82.09266949042231
353.027 82.22352672813955
366.211 82.09561062774335
379.395 82.02805731512956
392.578 82.03636886028451
405.762 82.03213545402402
420.41 82.2015208533588
435.059 81.99339654316674
451.172 82.42540235675907
465.82 82.45427606265659
483.398 83.11374227313787
499.512 83.30979333177112
517.09 83.05103729092282
536.133 82.7036471937731
555.176 82.78977334252092
574.219 82.78340464850683
594.727 82.70561530223976
615.234 82.80385680824224
637.207 82.61046468557393
659.18 82.30696959965664
682.617 82.42551189445203
707.52 82.53366912129613
732.422 82.0124649507705
757.324 82.30675084420818
785.156 82.55022891186566
811.523 82.76205946865348
840.82 82.57479119942678
870.117 82.74107279542876
900.879 82.83982414870766
933.105 83.54850292053257
965.332 84.75786051003385
1000.49 83.82800251145058
1035.64 84.72340497681348
1072.27 83.85526118310534
1108.89 84.69980877509082
1148.44 84.2615013214066
1189.45 86.80922768707461
1230.47 87.06513105575075
1274.41 85.05037022360108
1319.82 87.30339132903853
1366.7 87.81902897396643
1413.57 84.89050351799116
1463.38 83.7498057758261
1516.11 84.30926340053489
1568.85 85.87313432949637
1624.51 85.75001883615543
1681.64 86.25957097618088
1741.7 85.58693536476545
1803.22 83.4806291496346
1866.21 83.0334447133789
1932.13 83.13004637578314
1999.51 84.2078417679453
2069.82 84.99556827891611
2143.07 84.57866442074368
2219.24 83.89853199615573
2296.88 84.62497025375059
2378.91 85.4493479016329
2462.4 85.03446513152875
2548.83 85.30546555002141
2639.65 84.57929497507055
2731.93 83.1338690588848
2828.61 82.78747264231563
2928.22 83.75235409485776
3030.76 84.15332042652108
3137.7 84.07337502200572
3249.02 84.80082516483773
3363.28 85.10769146781112
3481.93 85.26424291435903
3604.98 85.5433849348177
3732.42 86.18554404437565
3864.26 85.62668484131767
4000.49 85.98394599644496
4141.11 85.86756510012823
4287.6 86.03585739704893
4438.48 86.0743925203362
4595.21 85.75278469806851
4756.35 85.72596505918867
4924.8 85.72187212252493
5097.66 85.0301052492824
5277.83 84.12624946032221
5463.87 85.19569210695886
5657.23 85.34776634312158
5856.45 83.66464638459257
6062.99 83.75745437708872
6276.86 84.6068499863297
6498.05 84.71798499049451
6726.56 85.21222199337953
6963.87 85.59484656972535
7209.96 85.31743022616766
7464.84 85.12231033461642
7727.05 85.03911548444606
7999.51 84.80705823012069
8282.23 84.92001565797943
8573.73 84.95519970269261
8876.95 84.45657918899822
9188.96 83.94618622040116
9514.16 84.06864663782999
9849.61 84.3156354746445
10196.8 84.05206631918675
10555.7 83.7220985507304
10927.7 83.111085308821
11313.0 82.41742086137664
11712.9 82.02976722033189
12126.0 82.80410281091265
12553.7 84.06721198835686
12996.1 85.25000738091646
13454.6 86.16152514066778
13929.2 86.75544751747641
14419.9 87.06196074167639
14928.2 87.08403699130524
15455.6 86.98387534798078
16000.5 86.75346325731046
16564.5 86.11849703639211
17148.9 85.24748794794485
17752.4 84.14287402012303
18379.4 82.997664117953
19026.9 82.12483719722727
19697.8 81.40467976824124
19999.5 81.6843516418678
