Freq "Ceiling Bounce"
20.0 69.600388
20.290899 69.805389
20.586 70.01239
20.8855 70.218384
21.189301 70.422386
21.497499 70.618385
21.8102 70.80439
22.127399 70.975388
22.4492 71.131386
22.775801 71.270386
23.1071 71.39538600000002
23.443199 71.514389
23.7841 71.632385
24.1301 71.758385
24.4811 71.897385
24.8372 72.049385
25.1984 72.213387
25.564899 72.385384
25.9368 72.560387
26.3141 72.733383
26.6968 72.905388
27.0851 73.074387
27.479099 73.242386
27.878799 73.41138499999998
28.2843 73.58239
28.6957 73.756386
29.1131 73.932388
29.536501 74.11039
29.966101 74.291389
30.402 74.47438799999999
30.8442 74.666389
31.2929 74.86138899999999
31.748 75.058388
32.209801 75.257385
32.678299 75.464386
33.153599 75.672386
33.635899 75.879387
34.125099 76.087387
34.621498 76.29039
35.125 76.490387
35.635899 76.67839100000002
36.154301 76.86039000000001
36.680199 77.04039000000002
37.213699 77.222389
37.755 77.411392
38.3041 77.605385
38.861301 77.80638899999998
39.426498 78.00738500000001
40.0 78.209389
40.581799 78.410385
41.1721 78.61138899999999
41.771 78.815392
42.378502 79.021385
42.9949 79.229385
43.6203 79.437386
44.254799 79.645386
44.898499 79.853386
45.551498 80.062386
46.2141 80.271385
46.886299 80.480385
47.568298 80.689392
48.260201 80.89839199999999
48.962101 81.108391
49.674301 81.31739
50.396801 81.52302753459611
51.129902 81.72761584296471
51.8736 81.93115594852789
52.628101 82.14663889756126
53.3936 82.33407878772535
54.1702 82.53646614496081
54.958099 82.73980105332281
55.7575 82.94408157380924
56.568501 83.14730925615378
57.391399 83.34948172440784
58.226101 83.55159241728438
59.073 83.7486565126142
59.932301 83.9406580631476
60.804 84.12560609408126
61.6884 84.29848620268483
62.585701 84.45831446563504
63.496 84.600084438927
64.419601 84.72678471598266
65.356598 84.83943186722466
66.307297 84.93700747733652
67.271698 85.02251855437046
68.250198 85.10096926037517
69.242897 85.18335813888066
70.250099 85.26967078507094
71.271896 85.36291978021491
72.308601 85.46110367828591
73.360298 85.56220909830829
74.427399 85.66425013467754
75.509903 85.77021780219876
76.608299 85.87811083808101
77.722603 85.98893617873692
78.853104 86.09967949184843
80.0 86.20834686847165
81.163597 86.3139388980823
82.3442 86.41745317526625
83.541901 86.51688328489728
84.757 86.61224284559049
85.989899 86.70051500250034
87.240601 86.782701755239
88.509598 86.8618048317231
89.797 86.93382673525555
91.103104 86.99275410076122
92.4282 87.05260059621321
93.772598 87.11635479722209
95.136597 87.17302333105873
96.520401 87.22759326677625
97.924301 87.27607326986598
99.348602 87.32146094138831
100.794 87.363745067418
102.26 87.40294296513558
103.747 87.44003780531428
105.256 87.47403196466699
106.787 87.50192046367036
108.34 87.52171232309739
109.916 87.52939592242757
111.515 87.52097528401278
113.137 87.48344843052853
114.783 87.40680974438587
116.452 87.29606789018156
118.146 87.17420161178346
119.865 87.06722693529397
121.608 86.99313852638043
123.377 86.94993613317853
125.171 86.92961342247763
126.992 86.92416514575486
128.839 86.93059897099397
130.713 86.93991329046129
132.615 86.94208749839864
134.543 86.90815390064617
136.5 86.81508061970251
138.486 86.68187369050871
140.5 86.51753878381581
142.544 86.37006466457373
144.617 86.27145200497169
146.721 86.20670157396003
148.855 86.16281604524946
151.02 86.13578682508425
153.217 86.11760532206004
155.445 86.1162862116401
157.706 86.11981327276608
160.0 86.11318655131201
162.327 86.1024100938128
164.688 86.10347831713591
167.084 86.10638464077576
169.514 86.12013674559714
171.98 86.14671542469019
174.481 86.13914436090302
177.019 86.05939835239579
179.594 85.92947845683094
182.206 85.76239373269904
184.856 85.59913261312987
187.545 85.46869753428527
190.273 85.35807956051408
193.041 85.29627513257378
195.849 85.27228831837583
198.697 85.27912418679655
201.587 85.2997605621614
204.52 85.31820789672142
207.494 85.33546051086789
210.512 85.39351261651763
213.574 85.4773642950234
216.681 85.52000900923746
219.833 85.49745284477534
223.03 85.42068288846852
226.274 85.29769999296288
229.565 85.17551025155772
232.905 85.08908352619078
236.292 85.06345514826445
239.729 85.13458937026301
243.216 85.2334962972439
246.754 85.29817442224966
250.343 85.32761485552568
253.984 85.29182409683858
257.678 85.2537926505243
261.426 85.31250702559208
265.229 85.40697473583033
269.087 85.47718890885815
273.001 85.53415606594781
276.972 85.57385773340971
281.0 85.54830404921465
285.088 85.4874673362274
289.234 85.37137395354169
293.441 85.08600423565414
297.709 84.8663593387959
302.04 84.92542721695825
306.433 85.07321163746069
310.89 85.07970556508528
315.412 84.9168985737371
320.0 84.6258022434675
324.655 84.29739816060093
329.377 84.14468651451233
334.168 84.21067130586027
339.028 84.37433573520929
343.959 84.59167981854489
348.962 84.7687051754325
354.038 84.78339743250538
359.188 84.50075022360306
364.412 84.07077377943502
369.713 83.82544656855084
375.09 83.84377642519513
380.546 83.96074983763033
386.081 84.1013680663047
391.697 84.0916202073035
397.394 84.00051353521094
403.175 84.05101958341658
409.039 84.13315722521625
414.989 84.21490801608167
421.025 84.18327326421856
427.149 84.06923512846103
433.362 83.99180735746485
439.665 84.04797070939993
446.06 84.06872537913496
452.548 84.04505714829135
459.131 84.0409672382697
465.809 83.98644902412842
472.584 83.91050075078043
479.458 83.88110667930978
486.432 83.87426765216692
493.507 83.8289765230068
503.906 83.8289765230068
509.766 83.79998924973962
515.625 83.77086876396503
521.484 83.74180699221735
527.344 83.7129118755602
533.203 83.68436657733649
539.062 83.6561565308394
544.922 83.62844373383719
550.781 83.60118097590968
556.641 83.57438900976372
562.5 83.54802820832728
568.359 83.52210352697868
574.219 83.49652720876377
580.078 83.4712368375455
585.938 83.4461244630527
591.797 83.42106424565489
597.656 83.3959554130834
603.516 83.3708014417938
609.375 83.34533548023215
615.234 83.31959442923151
621.094 83.293370746153
626.953 83.26663119407196
632.812 83.23934421092854
638.672 83.21138243667257
644.531 83.18277753178481
650.391 83.15339040741033
656.25 83.1233658624436
662.109 83.09262414205169
667.969 83.06120089397768
673.828 83.02923296051586
679.688 82.99672398462614
685.547 82.96376207796833
691.406 82.9304826872987
697.266 82.89700572327028
703.125 82.86340872033614
708.984 82.82987656379119
714.844 82.79654240743143
720.703 82.76356132861653
726.562 82.73099886574569
732.422 82.69904813243919
738.281 82.6677963467207
744.141 82.63738109408733
750.0 82.6078952516644
755.859 82.57933189233695
761.719 82.55181097592813
767.578 82.52534388411026
773.438 82.49991754275878
779.297 82.47556448892819
785.156 82.45222370992089
791.016 82.42985480921215
796.875 82.408423525768
802.734 82.38778848448507
808.594 82.36788843638915
814.453 82.34858133415906
820.312 82.32977832105145
826.172 82.31136406092692
832.031 82.29321655161742
837.891 82.2663214837629
843.75 82.257382332181
849.609 82.23935442207836
855.469 82.22123736573676
861.328 82.20289127286013
867.188 82.18436810879727
873.047 82.16546716128622
878.906 82.14633542198057
884.766 82.12686621970086
890.625 82.10712669147082
896.484 82.08713177498306
902.344 82.06689434154111
908.203 82.04660325917861
914.062 82.02621888573114
919.922 82.00581609850357
925.781 81.98562084408832
931.641 81.96556665871442
937.5 81.94590180420558
943.359 81.92661846016637
949.219 81.90781618158248
955.078 81.88959414844315
960.938 81.87203342087403
966.797 81.85512577902416
972.656 81.83890388787208
978.516 81.82341581626319
984.375 81.80858706307629
990.234 81.7944585293673
996.094 81.78086377714212
1001.95 81.76775951971327
1007.81 81.75506446123573
1013.67 81.74259463527451
1019.53 81.73021758300318
1025.39 81.71777509215939
1031.25 81.70507561650034
1037.11 81.69195318657496
1042.97 81.67822359603716
1048.83 81.6636792648323
1054.69 81.64816948677644
1060.55 81.63149382034285
1066.41 81.61362708065921
1072.27 81.59426114783986
1078.12 81.57337832000098
1083.98 81.55098666718376
1089.84 81.52689616186807
1095.7 81.50123144513837
1101.56 81.47395200888171
1107.42 81.44510979229703
1113.28 81.41485580129051
1119.14 81.38334994900528
1125.0 81.3506786803369
1130.86 81.31719385728603
1136.72 81.28299735102824
1142.58 81.24844029398491
1148.44 81.21380860496664
1154.3 81.17942012750235
1160.16 81.14554094800319
1166.02 81.11250394639895
1171.88 81.0806586257934
1177.73 81.05027691670911
1183.59 81.02168142946185
1189.45 80.99501923042101
1195.31 80.97066918912112
1201.17 80.94879562418046
1207.03 80.92941565378948
1212.89 80.91274543710533
1218.75 80.89879708064542
1224.61 80.88758229032801
1230.47 80.87903275157304
1236.33 80.8730133898061
1242.19 80.86946638443857
1248.05 80.8681481465615
1253.91 80.86880114003253
1259.77 80.87120268360134
1265.62 80.87510527993582
1271.48 80.88011896133922
1277.34 80.88602079841425
1283.2 80.89245377748117
1289.06 80.89911427758511
1294.92 80.905764193676
1300.78 80.91204549814175
1306.64 80.91772540815884
1312.5 80.92264951842058
1318.36 80.9265412131311
1324.22 80.92937969181902
1330.08 80.93094483116339
1335.94 80.93116353168121
1341.8 80.93011922434634
1347.66 80.9277700095051
1353.52 80.92425118039974
1359.38 80.91959984535049
1365.23 80.91394547939667
1371.09 80.90754478664061
1376.95 80.90054120962543
1382.81 80.89315935029914
1388.67 80.88559136048234
1394.53 80.87812737223669
1400.39 80.871046229603
1406.25 80.86449701697548
1412.11 80.85872869029207
1417.97 80.85389001589047
1423.83 80.85021599542867
1429.69 80.84782205417477
1435.55 80.84677859064595
1441.41 80.84715404993723
1447.27 80.8489719289047
1453.12 80.85221671245658
1458.98 80.85684120585137
1464.84 80.8627489712361
1470.7 80.86979685442081
1476.56 80.87786035252098
1482.42 80.8867193626972
1488.28 80.89619713487265
1494.14 80.90613714660785
1500.0 80.91627183770103
1505.86 80.92645447745461
1511.72 80.9365327370784
1517.58 80.94634533764244
1523.44 80.95575021274479
1529.3 80.96467670401763
1535.16 80.97304466804354
1541.02 80.98096395271804
1546.88 80.9883641930977
1552.73 80.99548810127567
1558.59 81.00241718503656
1564.45 81.00942768415965
1570.31 81.01673888838849
1576.17 81.02475499512884
1582.03 81.0337953001552
1587.89 81.04427941719047
1593.75 81.05663608184759
1599.61 81.07135307132853
1605.47 81.08890652552209
1611.33 81.10967478375728
1617.19 81.13412373649435
1623.05 81.1626792889574
1628.91 81.19567850206336
1634.77 81.23334762609004
1640.62 81.27598353370298
1646.48 81.32360103917046
1652.34 81.3763733146151
1658.2 81.43411743987558
1664.06 81.49681696207294
1669.92 81.56417830907527
1675.78 81.63591553566006
1681.64 81.71157542799237
1687.5 81.79079631027567
1693.36 81.87305214559129
1699.22 81.95772486344019
1705.08 82.04439906345289
1710.94 82.13230859559785
1716.8 82.22095940055605
1722.66 82.30979298486079
1728.52 82.39811838929563
1734.38 82.48545383713011
1740.23 82.57121751219384
1746.09 82.6549735744938
1751.95 82.736248370032
1757.81 82.81457642749868
1763.67 82.88960624572945
1769.53 82.96100528894756
1775.39 83.02859294225999
1781.25 83.09194552103197
1787.11 83.15100459716058
1792.97 83.20552573144471
1798.83 83.25554346773681
1804.69 83.30086808379606
1810.55 83.34153453922215
1816.41 83.3775290730504
1822.27 83.40899039763376
1828.12 83.4358941337163
1833.98 83.4584462676722
1839.84 83.47678796438824
1845.7 83.49107095566563
1851.56 83.50149218833488
1857.42 83.50825553222624
1863.28 83.51161989981182
1869.14 83.51184038263644
1875.0 83.50909553281285
1880.86 83.50370979304523
1886.72 83.49583985710251
1892.58 83.48573970023511
1898.44 83.47372310601517
1904.3 83.4599340974957
1910.16 83.44452843962212
1916.02 83.42773828470922
1921.88 83.40969797806606
1927.73 83.39053012749416
1933.59 83.37034555359617
1939.45 83.34923428326032
1945.31 83.32723127333499
1951.17 83.30438196663297
1957.03 83.28068752748378
1962.89 83.25614116558663
1968.75 83.23072158071892
1974.61 83.20435452688035
1980.47 83.17708991764385
1986.33 83.14871945785197
1992.19 83.11925862582132
1998.05 83.08866869699911
2003.91 83.05684233847175
2009.77 83.02368538622166
2015.62 82.98925791431724
2021.48 82.9534094040185
2027.34 82.91617859552845
2033.2 82.87756146436608
2039.06 82.83752635683587
2044.92 82.79614410706846
2050.78 82.75336405108372
2056.64 82.70939330659813
2062.5 82.66422430545484
2068.36 82.61790168226985
2074.22 82.57063228167574
2080.08 82.52252807869498
2085.94 82.4736793156112
2091.8 82.4242443156585
2097.66 82.37432181749918
2103.52 82.32411997624375
2109.38 82.27364324803
2115.23 82.22312504210252
2121.09 82.17265260590737
2126.95 82.12226598126986
2132.81 82.07204526101732
2138.67 82.02207229840224
2144.53 81.97233537367136
2150.39 81.9228981259461
2156.25 81.87362026528582
2162.11 81.82460653802501
2167.97 81.77569281702743
2173.83 81.72681148251539
2179.69 81.67792963128076
2185.55 81.62884897922044
2191.41 81.57946560595087
2197.27 81.52974778178229
2203.12 81.47944096880879
2208.98 81.42847995962984
2214.84 81.37671349446586
2220.7 81.32414306726201
2226.56 81.27054558381688
2232.42 81.21594503841956
2238.28 81.16023543264777
2244.14 81.10344047519199
2250.0 81.04551827230303
2255.86 80.98651046080408
2261.72 80.92650162725046
2267.58 80.86551712255309
2273.44 80.80380186166762
2279.3 80.74134255439455
2285.16 80.67838473043872
2291.02 80.61512161028102
2296.88 80.55173015874682
2302.73 80.48849397261306
2308.59 80.42552706760924
2314.45 80.36313555590891
2320.31 80.30154503117113
2326.17 80.240968785601
2332.03 80.18149203257667
2337.89 80.12349395281242
2343.75 80.06690469591838
2349.61 80.01204341464674
2355.47 79.95879145494378
2361.33 79.90730444404805
2367.19 79.85759821146048
2373.05 79.80952864648911
2378.91 79.76317321394772
2384.77 79.71835588729664
2390.62 79.67491241261537
2396.48 79.63268526856594
2402.34 79.59148413917275
2408.2 79.55124825191065
2414.06 79.51160149270632
2419.92 79.47247652649209
2425.78 79.43361083673776
2431.64 79.39482118358596
2437.5 79.35593757672316
2443.36 79.31689939673763
2449.22 79.27741197446723
2455.08 79.23760754201422
2460.94 79.1971821791111
2466.8 79.15621704000395
2472.66 79.11471046786032
2478.52 79.07261272631872
2484.38 79.03001079222074
2490.23 78.98691050716943
2496.09 78.94332984942199
2501.95 78.89950226846007
2507.81 78.83334723166173
2513.67 78.78915438133735
2519.53 78.76709889437211
2525.39 78.72295414142648
2531.25 78.67890529363973
2537.11 78.63504578498458
2542.97 78.59141680928812
2548.83 78.54797703377014
2554.69 78.50471588891065
2560.55 78.46168223075432
2566.41 78.41867923475381
2572.27 78.37563369465919
2578.12 78.33248340311228
2583.98 78.288909631041
2589.84 78.2448835800581
2595.7 78.20011674698404
2601.56 78.15434748436128
2607.42 78.10747463277382
2613.28 78.05911079743417
2619.14 78.0091447176809
2625.0 77.95731327558993
2630.86 77.90338619040106
2636.72 77.84719842936109
2642.58 77.78860345811317
2648.44 77.72749276156803
2654.3 77.66379534875334
2660.16 77.59741045859879
2666.02 77.5283512313717
2671.88 77.45666183946496
2677.73 77.38252051699489
2683.59 77.30593150866193
2689.45 77.2272154488489
2695.31 77.14647970385242
2701.17 77.06395597657202
2707.03 76.9800835673305
2712.89 76.89504896450161
2718.75 76.8091707326968
2724.61 76.72289132690875
2730.47 76.63647129144013
2736.33 76.55028457737802
2742.19 76.46459330656585
2748.05 76.37975802433509
2753.91 76.29599759706362
2759.77 76.21349184711134
2765.62 76.13240062706821
2771.48 76.05294482086366
2777.34 75.97508122236589
2783.2 75.89877833832735
2789.06 75.82400833681335
2794.92 75.75064800712305
2800.78 75.67845252726808
2806.64 75.60730558237532
2812.5 75.53690391124337
2818.36 75.4669834379147
2824.22 75.39722617320625
2830.08 75.3273986278446
2835.94 75.25723537647634
2841.8 75.18637248683429
2847.66 75.11473391451769
2853.52 75.04215819206782
2859.38 74.96848502966508
2865.23 74.8936728032438
2871.09 74.81786884889432
2876.95 74.74120440238647
2882.81 74.66390280453919
2888.67 74.5863801474553
2894.53 74.5089269310326
2900.39 74.43210454357974
2906.25 74.35657745690756
2912.11 74.2830323831975
2917.97 74.21211242779557
2923.83 74.1447011272035
2929.69 74.08158606781814
2935.55 74.02359241452454
2941.41 73.97141520538521
2947.27 73.9258319316002
2953.12 73.8873995950601
2958.98 73.85671978686867
2964.84 73.83407334802676
2970.7 73.81988396154642
2976.56 73.81401500930573
2982.42 73.81664436663836
2988.28 73.82745199391184
2994.14 73.8461681494954
3000.0 73.87235668199932
3005.86 73.90550810530382
3011.72 73.94500706321477
3017.58 73.99024019036817
3023.44 74.04047387932933
3029.3 74.0951896860653
3035.16 74.15361509077924
3041.02 74.2151879987509
3046.88 74.27940611002103
3052.73 74.34572104833101
3058.59 74.41382652927783
3064.45 74.48331925904047
3070.31 74.55399895694666
3076.17 74.6255931964934
3082.03 74.69807629962064
3087.89 74.77144987571144
3093.75 74.84564209538144
3099.61 74.92078255334309
3105.47 74.99691860167306
3111.33 75.07421441269554
3117.19 75.15279932873818
3123.05 75.23284298010002
3128.91 75.31440001765014
3134.77 75.39765135399585
3140.62 75.48260051308806
3146.48 75.56933743129332
3152.34 75.65781216789259
3158.2 75.74800604870545
3164.06 75.83981112310902
3169.92 75.93308300054163
3175.78 76.02757577113043
3181.64 76.12315984308648
3187.5 76.21953707412756
3193.36 76.31638410320527
3199.22 76.41343175541739
3205.08 76.51049069571145
3210.94 76.6070843376642
3216.8 76.70304342254822
3222.66 76.79811450686005
3228.52 76.8920131208434
3234.38 76.9845010237024
3240.23 77.07550082171143
3246.09 77.16484365780676
3251.95 77.25243299466369
3257.81 77.33823892924137
3263.67 77.42222557398462
3269.53 77.50446156545026
3275.39 77.58510493335991
3281.25 77.66415115757158
3287.11 77.74185202502208
3292.97 77.8183525771789
3298.83 77.89377657285581
3304.69 77.96848028296039
3310.55 78.04263590838383
3316.41 78.11646410776345
3322.27 78.19021631042813
3328.12 78.264106565933
3333.98 78.33824947841447
3339.84 78.4128867176953
3345.7 78.48823325034645
3351.56 78.5642810590011
3357.42 78.64118933355124
3363.28 78.71889012788365
3369.14 78.79744088794334
3375.0 78.87677326207233
3380.86 78.95673708041588
3386.72 79.0372672257004
3392.58 79.11817349281704
3398.44 79.19919695501436
3404.3 79.28019470861794
3410.16 79.36084434690814
3416.02 79.44090775862718
3421.88 79.52011265924067
3427.73 79.5981569389261
3433.59 79.67481063305297
3439.45 79.74985945494974
3445.31 79.82293791385902
3451.17 79.89394272683039
3457.03 79.96267328909391
3462.89 80.02888715590363
3468.75 80.09251792373296
3474.61 80.15343164821925
3480.47 80.21159229294189
3486.33 80.26693339919129
3492.19 80.3194556365363
3498.05 80.36921821545783
3503.91 80.41629185247453
3509.77 80.46071093189565
3515.62 80.5026714728743
3521.48 80.54227412310645
3527.34 80.57961293665252
3533.2 80.61495864173106
3539.06 80.648503084253
3544.92 80.68031407014561
3550.78 80.71072259743852
3556.64 80.73985168208597
3562.5 80.76790718986675
3568.36 80.79504565325325
3574.22 80.8214629129362
3580.08 80.8472250446203
3585.94 80.87256030852505
3591.8 80.89749892375558
3597.66 80.92217126596148
3603.52 80.94654027480007
3609.38 80.97066966612253
3615.23 80.9946206776863
3621.09 81.01829764113022
3626.95 81.0417621951613
3632.81 81.06484676111943
3638.67 81.08751387586555
3644.53 81.10970309710781
3650.39 81.13127336794665
3656.25 81.15219680258934
3662.11 81.172269393001
3667.97 81.19152653859028
3673.83 81.20986828025086
3679.69 81.22713092469046
3685.55 81.24330994792354
3691.41 81.25837323655057
3697.27 81.27229336442811
3703.12 81.28509449764653
3708.98 81.29678455333375
3714.84 81.30739625967205
3720.7 81.31706046061616
3726.56 81.32584249056474
3732.42 81.3338464295416
3738.28 81.34130417597005
3744.14 81.34824881494102
3750.0 81.35487866019473
3755.86 81.36146397375502
3761.72 81.36806713979038
3767.58 81.3749586127634
3773.44 81.38220517524292
3779.3 81.39013617983163
3785.16 81.39875960647878
3791.02 81.40826817889415
3796.88 81.41883807739636
3802.73 81.43046247051072
3808.59 81.4432794428541
3814.45 81.45729261508487
3820.31 81.47246789009583
3826.17 81.48884060256036
3832.03 81.50634639488645
3837.89 81.52492169439677
3843.75 81.54439978269805
3849.61 81.56471807643636
3855.47 81.58564308407699
3861.33 81.60711337981111
3867.19 81.62889392791828
3873.05 81.65088949801782
3878.91 81.6728328661779
3884.77 81.69459259120096
3890.62 81.71610366836619
3896.48 81.73706730472597
3902.34 81.75748390156424
3908.2 81.77718826663026
3914.06 81.79614700497507
3919.92 81.81426047135733
3925.78 81.83156147085577
3931.64 81.84805078225155
3937.5 81.863727455882
3943.36 81.87875707281958
3949.22 81.8930721315928
3955.08 81.9069372896254
3960.94 81.9204172582462
3966.8 81.93367640458195
3972.66 81.94694521865405
3978.52 81.960320550174
3984.38 81.97403169601944
3990.23 81.98830867937255
3996.09 82.00328138226547
4001.95 82.01914619954378
4007.81 82.0360646948959
4013.67 82.05413608021811
4019.53 82.07352386618793
4025.39 82.09425980193362
4031.25 82.11650990955211
4037.11 82.14014133365787
4042.97 82.16535566574696
4048.83 82.19195550409826
4054.69 82.21994538368503
4060.55 82.24919572442896
4066.41 82.27961330424377
4072.27 82.31110246163726
4078.12 82.34343756039424
4083.98 82.37649143374875
4089.84 82.41006875896404
4095.7 82.44394282677219
4101.56 82.47801706646838
4107.42 82.51202821416778
4113.28 82.54587851114606
4119.14 82.57930070793248
4125.0 82.6122937721059
4130.86 82.64462208374808
4136.72 82.67624635437467
4142.58 82.70702927196983
4148.44 82.73689797334326
4154.3 82.76590854732521
4160.16 82.7939565228377
4166.02 82.82109607786312
4171.88 82.84731954386874
4177.73 82.88472028319899
4183.59 82.90903491142983
4189.45 82.93264121676167
4195.31 82.94395209189359
4201.17 82.96682322564796
4207.03 82.98934426734081
4212.89 83.0115507377259
4218.75 83.0335094292194
4224.61 83.05545664990335
4230.47 83.0773634157445
4236.33 83.09933378340334
4242.19 83.12144557049196
4248.05 83.14380105748405
4253.91 83.16637819560496
4259.77 83.18918179040342
4265.62 83.21228871069736
4271.48 83.23563863343621
4277.34 83.25919992882129
4283.2 83.28298047969058
4289.06 83.30691682549538
4294.92 83.33091008748214
4300.78 83.3549601214201
4306.64 83.37886760249664
4312.5 83.40269758669922
4318.36 83.42631475995825
4324.22 83.44964692289369
4330.08 83.47265939826494
4335.94 83.49524829153948
4341.8 83.5174757693211
4347.66 83.53917208011818
4353.52 83.56043614106486
4359.38 83.58119667589925
4365.23 83.60152115674431
4371.09 83.62143977444876
4376.95 83.64092087279944
4382.81 83.66009742737072
4388.67 83.67897185867734
4394.53 83.69771084012578
4400.39 83.71628573587176
4406.25 83.7348625281771
4412.11 83.7535126831605
4417.97 83.77230432886603
4423.83 83.79137327373259
4429.69 83.81075212541991
4435.55 83.83054618583857
4441.41 83.8508211828484
4447.27 83.87157627945057
4453.12 83.89287771880842
4458.98 83.91476116271176
4464.84 83.93722207473287
4470.7 83.96019351118395
4476.56 83.98370868589605
4482.42 84.00763132791353
4488.28 84.0320266969061
4494.14 84.05669405856678
4500.0 84.08159911258186
4505.86 84.10664169744292
4511.72 84.13175380957793
4517.58 84.15673844168221
4523.44 84.18155688600433
4529.3 84.20604923538166
4535.16 84.23014509443458
4541.02 84.25371695504676
4546.88 84.27676262434812
4552.73 84.29905190908586
4558.59 84.32064938972215
4564.45 84.34142559336462
4570.31 84.36137910181948
4576.17 84.38054256661242
4582.03 84.39885117206924
4587.89 84.4162665404551
4593.75 84.43292534605499
4599.61 84.44882310803317
4605.47 84.46398988273641
4611.33 84.47852428954886
4617.19 84.49255808672159
4623.05 84.50605180529239
4628.91 84.5192725975936
4634.77 84.5321165453124
4640.62 84.54482021543524
4646.48 84.55740430384134
4652.34 84.57004387133065
4658.2 84.58273876245914
4664.06 84.59561518495858
4669.92 84.60871177499548
4675.78 84.6221321707824
4681.64 84.6358059817974
4687.5 84.64990916971614
4693.36 84.66430262150682
4699.22 84.67906532158207
4705.08 84.69419668603074
4710.94 84.70956532363148
4716.8 84.72520922107813
4722.66 84.74099870433021
4728.52 84.75693730454431
4734.38 84.7728908847544
4740.23 84.7887246076656
4746.09 84.80445361199801
4751.95 84.8198352207075
4757.81 84.83487078734372
4763.67 84.84939562312785
4769.53 84.8633802538955
4775.39 84.87658415139505
4781.25 84.88911194493313
4787.11 84.90075791126635
4792.97 84.91142641020065
4798.83 84.92108126821624
4804.69 84.92969203283276
4810.55 84.9371466165939
4816.41 84.94349029241414
4822.27 84.948646123232
4828.12 84.95251906590563
4833.98 84.95520852361474
4839.84 84.9567076819376
4845.7 84.95692262214833
4851.56 84.9559816991045
4857.42 84.95384989669171
4863.28 84.95059709237512
4869.14 84.94622450555316
4875.0 84.94068921120807
4880.86 84.93419784740784
4886.72 84.92667999917589
4892.58 84.91823549701117
4898.44 84.90892901059958
4904.3 84.89872517876223
4910.16 84.8876875287318
4916.02 84.8759246410712
4921.88 84.86349352768283
4927.73 84.85032236533914
4933.59 84.83661894705428
4939.45 84.82234809635878
4945.31 84.807509863008
4951.17 84.79219734500178
4957.03 84.77648086944833
4962.89 84.76036372363605
4968.75 84.74390958740553
4974.61 84.7271890708785
4980.47 84.7101693657907
4986.33 84.69294922181489
4992.19 84.67550345854424
4998.05 84.65797526768316
5003.91 84.64028629513352
5009.77 84.62257955068934
5015.62 84.60480316033575
5021.48 84.58704602597055
5027.34 84.56931900337318
5033.2 84.55159577284012
5039.06 84.53404704801667
5044.92 84.51650857616582
5050.78 84.49915396386744
5056.64 84.48185705352054
5062.5 84.46467724439974
5068.36 84.44766072855812
5074.22 84.43074297674104
5080.08 84.41392504672991
5085.94 84.39723800153472
5091.8 84.38054829041924
5097.66 84.363998367376
5103.52 84.34736980377359
5109.38 84.33077797087992
5115.23 84.31407719922758
5121.09 84.29732886912855
5126.95 84.28042057844836
5132.81 84.26333138476777
5138.67 84.2460696467277
5144.53 84.22859551530391
5150.39 84.21080619190242
5156.25 84.19268191336351
5162.11 84.17435338655496
5167.97 84.15560555727271
5173.83 84.13657997424728
5179.69 84.1172234422529
5185.55 84.09758764440518
5191.41 84.07766505473414
5197.27 84.05744021499427
5203.12 84.03705961062396
5208.98 84.01649301234742
5214.84 83.995871949348
5220.7 83.97522470950118
5226.56 83.95462963805133
5232.42 83.9341995551455
5238.28 83.91401695918046
5244.14 83.89423189278513
5250.0 83.87482736489818
5255.86 83.85601778051564
5261.72 83.83787341369354
5267.58 83.82047893694555
5273.44 83.8039898661357
5279.3 83.78839726785743
5285.16 83.77390785953325
5291.02 83.76053207823009
5296.88 83.74830199539538
5302.73 83.73737859080062
5308.59 83.72774383661296
5314.45 83.71936827638035
5320.31 83.71241824628
5326.17 83.70679496127896
5332.03 83.70253326329107
5337.89 83.69956831294381
5343.75 83.69786044081147
5349.61 83.69744332306277
5355.47 83.69821729391747
5361.33 83.70008492447977
5367.19 83.70300557223088
5373.05 83.70692158918801
5378.91 83.71166646380833
5384.77 83.71728366944684
5390.62 83.72358921385174
5396.48 83.7305586520189
5402.34 83.73805127259656
5408.2 83.74595044584656
5414.06 83.75425513605396
5419.92 83.76290009382532
5425.78 83.77168413268893
5431.64 83.7807158576593
5437.5 83.78982782750221
5443.36 83.7990287883048
5449.22 83.8082182030957
5455.08 83.8173638751402
5460.94 83.82653228603336
5466.8 83.83552374690983
5472.66 83.84452291409768
5478.52 83.85334768601253
5484.38 83.86214056005836
5490.23 83.8708031473786
5496.09 83.87932887438092
5501.95 83.88776095322439
5507.81 83.89613401774919
5513.67 83.90439122174233
5519.53 83.91260771182448
5525.39 83.92069417585232
5531.25 83.92870970958003
5537.11 83.936693374636
5542.97 83.94457128605167
5548.83 83.95242525925057
5554.69 83.96017083735835
5560.55 83.96781968934238
5566.41 83.97538588427773
5572.27 83.98280841245364
5578.12 83.99012596640497
5583.98 83.9973220433279
5589.84 84.00429875282761
5595.7 84.01110406763009
5601.56 84.01767046959212
5607.42 84.02403555827597
5613.28 84.03011149698659
5619.14 84.0358963755465
5625.0 84.04137902850901
5630.86 84.04655173818786
5636.72 84.05137333000927
5642.58 84.05590865669483
5648.44 84.06002229222393
5654.3 84.06378426438937
5660.16 84.06722465293566
5666.02 84.07031405014207
5671.88 84.0729741093696
5677.73 84.07534519415059
5683.59 84.07732379901577
5689.45 84.07899210306586
5695.31 84.08030502912304
5701.17 84.08128443058753
5707.03 84.08199167316691
5712.89 84.08228799227226
5718.75 84.08232944781174
5724.61 84.0819714242544
5730.47 84.08132007896992
5736.33 84.08035082806397
5742.19 84.0789241615881
5748.05 84.07713514454596
5753.91 84.074914481492
5759.77 84.07217244551417
5765.62 84.06898833626184
5771.48 84.0652331103676
5777.34 84.06083598507104
5783.2 84.0558028685513
5789.06 84.04998748978574
5794.92 84.04346103811842
5800.78 84.0360421584662
5806.64 84.02777151911077
5812.5 84.01854916427759
5818.36 84.00829948149494
5824.22 83.99704664084375
5830.08 83.98467242526502
5835.94 83.97121890081932
5841.8 83.95666788845737
5847.66 83.94096732511369
5853.52 83.91463920920698
5859.38 83.89620719506763
5865.23 83.87675445806157
5871.09 83.86598162995381
5876.95 83.84512373886547
5882.81 83.8233675218284
5888.67 83.80083668611914
5894.53 83.77759523648318
5900.39 83.75380191927489
5906.25 83.72952148025136
5912.11 83.70488853866095
5917.97 83.68007462414276
5923.83 83.65517287820066
5929.69 83.63030832994157
5935.55 83.60559769482312
5941.41 83.58120837394692
5947.27 83.55726894625252
5953.12 83.53385221824546
5958.98 83.51107076044057
5964.84 83.48902143225304
5970.7 83.46774460370072
5976.56 83.44732945440734
5982.42 83.42780926712587
5988.28 83.40911679844653
5994.14 83.3913816514996
6000.0 83.37443667497625
6005.86 83.35836638438658
6011.72 83.34300316393079
6017.58 83.32835536764239
6023.44 83.31433200393529
6029.3 83.3007788542587
6035.16 83.28755579421049
6041.02 83.27463400794535
6046.88 83.26187261013668
6052.73 83.24911855552473
6058.59 83.23631951019743
6064.45 83.22329990988888
6070.31 83.20997235451078
6076.17 83.19624937953529
6082.03 83.1820525119461
6087.89 83.16733711803504
6093.75 83.15205704459058
6099.61 83.1361658856527
6105.47 83.11967197717605
6111.33 83.10258208307172
6117.19 83.08492685029061
6123.05 83.06676739824982
6128.91 83.0481220677237
6134.77 83.02904149181026
6140.62 83.00977679958059
6146.48 82.99027905905002
6152.34 82.97067804042337
6158.2 82.95111260736654
6164.06 82.9317714314874
6169.92 82.91262690802267
6175.78 82.89388932789875
6181.64 82.87558988621414
6187.5 82.85795204457938
6193.36 82.84096179548345
6199.22 82.82470190099828
6205.08 82.80923360681919
6210.94 82.79459849504791
6216.8 82.78090440481002
6222.66 82.76798866788495
6228.52 82.75597634979816
6234.38 82.74473374109076
6240.23 82.73431955134357
6246.09 82.72462546765227
6251.95 82.71553086496323
6257.81 82.70699393704186
6263.67 82.69893590353495
6269.53 82.69124860369128
6275.39 82.68377804599486
6281.25 82.67645793896368
6287.11 82.66928846820751
6292.97 82.66194936144747
6298.83 82.65456139528003
6304.69 82.64692487006563
6310.55 82.63904059571401
6316.41 82.63080837548914
6322.27 82.62220330817236
6328.12 82.61319208132302
6333.98 82.60372871187904
6339.84 82.59384670239514
6345.7 82.58352024224313
6351.56 82.57282887525234
6357.42 82.56175402680078
6363.28 82.55038798961354
6369.14 82.53873059959757
6375.0 82.52689622730028
6380.86 82.51492362401198
6386.72 82.50287338077773
6392.58 82.49082489786193
6398.44 82.47883162919665
6404.3 82.46695997251275
6410.16 82.45527648931626
6416.02 82.44380135174397
6421.88 82.4326272864678
6427.73 82.4217412851717
6433.59 82.41111011055574
6439.45 82.40084690245605
6445.31 82.39096490335326
6451.17 82.38132505427016
6457.03 82.37200004673103
6462.89 82.36300309566847
6468.75 82.35417492751067
6474.61 82.34552880612627
6480.47 82.33705755357805
6486.33 82.32866853478457
6492.19 82.3203546137291
6498.05 82.3119566156097
6503.91 82.30354676796023
6509.77 82.29506617576148
6515.62 82.28639428749149
6521.48 82.2775646303152
6527.34 82.26851077809464
6533.2 82.25924544802028
6539.06 82.24976866564431
6544.92 82.2401014533769
6550.78 82.23022789049001
6556.64 82.22013049302684
6562.5 82.20991422091448
6568.36 82.1995454802509
6574.22 82.1892165567646
6580.08 82.17876850164896
6585.94 82.16845164493496
6591.8 82.15825347962736
6597.66 82.14819895318482
6603.52 82.13838781563625
6609.38 82.12895703487276
6615.23 82.11984848208762
6621.09 82.11117845060092
6626.95 82.10298040998246
6632.81 82.09534571672522
6638.67 82.0882624408379
6644.53 82.08168857859518
6650.39 82.07580395876265
6656.25 82.07048870212847
6662.11 82.06576439527423
6667.97 82.06160321640003
6673.83 82.05800205083666
6679.69 82.05492165175168
6685.55 82.05223046447924
6691.41 82.04997160845416
6697.27 82.04810688825899
6703.12 82.04651343843284
6708.98 82.04510070069234
6714.84 82.04388495367691
6720.7 82.04266296308032
6726.56 82.04151730419973
6732.42 82.04031040765949
6738.28 82.03894454090299
6744.14 82.0374624103029
6750.0 82.03572464220368
6755.86 82.03371279130495
6761.72 82.03140069731604
6767.58 82.02878082302882
6773.44 82.02582032772555
6779.3 82.02250473182879
6785.16 82.01881993191101
6791.02 82.014903321546
6796.88 82.01055377663165
6802.73 82.0059749207647
6808.59 82.00109861379698
6814.45 81.99603756595889
6820.31 81.9907946989112
6826.17 81.98541624629668
6832.03 81.97993774344569
6837.89 81.97443555674968
6843.75 81.96889343952921
6849.61 81.96349179890753
6855.47 81.95816270718332
6861.33 81.95293857980442
6867.19 81.94797916295242
6873.05 81.9431203168739
6878.91 81.93864068130355
6884.77 81.93425816419686
6890.62 81.93025218116455
6896.48 81.9265231237302
6902.34 81.92303575154078
6908.2 81.91974200349077
6914.06 81.91680539612325
6919.92 81.91399594927114
6925.78 81.91143091572667
6931.64 81.90902793488682
6937.5 81.90672114267943
6943.36 81.90451572194512
6949.22 81.9023948203338
6955.08 81.90026336784605
6960.94 81.89814067591033
6966.8 81.89594692458839
6972.66 81.89368585327043
6978.52 81.89132767039877
6984.38 81.88882519470215
6990.23 81.88618122318172
6996.09 81.88334876028004
7001.95 81.88032961877776
7007.81 81.877174307818
7013.67 81.87376544146802
7019.53 81.87020369326791
7025.39 81.86645475631416
7031.25 81.86251562250271
7037.11 81.85848210530867
7042.97 81.85424886650195
7048.83 81.84987709855865
7054.69 81.84536456111093
7060.55 81.84081941635671
7066.41 81.8361647138586
7072.27 81.83136472451076
7078.12 81.82654693274175
7083.98 81.82166427664852
7089.84 81.81668098863977
7095.7 81.81167708705027
7101.56 81.80652682013255
7107.42 81.80132650782868
7113.28 81.79608774163906
7119.14 81.79069276518275
7125.0 81.78524462913059
7130.86 81.77961867584574
7136.72 81.77379853173926
7142.58 81.76787383344227
7148.44 81.76176515442485
7154.3 81.75543448048803
7160.16 81.74893494597443
7166.02 81.74218037261124
7171.88 81.7351781022086
7177.73 81.72796025741071
7183.59 81.72056237421783
7189.45 81.71293328340953
7195.31 81.70511738763473
7201.17 81.69710094190452
7207.03 81.68895160757542
7212.89 81.6806926895314
7218.75 81.67235722961244
7224.61 81.66401936240636
7230.47 81.65574900371315
7236.33 81.64743971219346
7242.19 81.63930798640234
7248.05 81.63137464773936
7253.91 81.62363300403963
7259.77 81.61613012453981
7265.62 81.60896640550722
7271.48 81.60210217569326
7277.34 81.59568436096227
7283.2 81.58958352978026
7289.06 81.58396624699022
7294.92 81.57870288456185
7300.78 81.57389993503743
7306.64 81.56949804200643
7312.5 81.56546935956287
7318.36 81.56176035893098
7324.22 81.55834123878257
7330.08 81.5551880846104
7335.94 81.55221287001805
7341.8 81.54941509785716
7347.66 81.54661703620887
7353.52 81.54389539121574
7359.38 81.54103102985117
7365.23 81.53808872745905
7371.09 81.53493182138844
7376.95 81.5314894761893
7382.81 81.5277490889571
7388.67 81.52361031824056
7394.53 81.51911457110039
7400.39 81.51418451979983
7406.25 81.5087203085843
7412.11 81.50289304832225
7417.97 81.49653230060794
7423.83 81.48979800005519
7429.69 81.48259618928203
7435.55 81.47496949534339
7441.41 81.46701899085127
7447.27 81.45874586185289
7453.12 81.45025140779482
7458.98 81.44152574763208
7464.84 81.43268172433305
7470.7 81.42381482001853
7476.56 81.41492135102038
7482.42 81.40603737751573
7488.28 81.39730548647799
7494.14 81.38873825753775
7500.0 81.38035961742109
7505.86 81.37225218054239
7511.72 81.36443907887173
7517.58 81.35686168195495
7523.44 81.34636170836978
7529.3 81.3395644207706
7535.16 81.33302814106752
7541.02 81.32668516278281
7546.88 81.32380082493238
7552.73 81.31775528948658
7558.59 81.31183290006072
7564.45 81.30608360833244
7570.31 81.30033822203147
7576.17 81.2945951347766
7582.03 81.28885283730187
7587.89 81.28303039153681
7593.75 81.27703752392247
7599.61 81.27087278667781
7605.47 81.26453487402794
7611.33 81.25801115408156
7617.19 81.251162484586
7623.05 81.24413740973702
7628.91 81.23682362033972
7634.77 81.22930139258717
7640.62 81.22155049138253
7646.48 81.21360928242292
7652.34 81.20552715420764
7658.2 81.19737319222439
7664.06 81.18905860361672
7669.92 81.18079108092384
7675.78 81.17255124014373
7681.64 81.16440836903658
7687.5 81.15641239919535
7693.36 81.14859449813788
7699.22 81.14098090342996
7705.08 81.13366467919914
7710.94 81.12668413496844
7716.8 81.12000795380298
7722.66 81.11364923102352
7728.52 81.10769536658363
7734.38 81.10204657081036
7740.23 81.09675342037725
7746.09 81.09173476829939
7751.95 81.0869908772048
7757.81 81.08245318823823
7763.67 81.07814136958825
7769.53 81.07387424943654
7775.39 81.0696511634935
7781.25 81.06543693340463
7787.11 81.06113635558026
7792.97 81.05665103437288
7798.83 81.05196199878937
7804.69 81.04696972985259
7810.55 81.04161249261682
7816.41 81.03580225773098
7822.27 81.02964615753206
7828.12 81.02295594227466
7833.98 81.0157698495788
7839.84 81.00806828279798
7845.7 80.99982051386215
7851.56 80.99114467893966
7857.42 80.9819251611076
7863.28 80.97230884307929
7869.14 80.96226655960558
7875.0 80.95191143807288
7880.86 80.94126098470979
7886.72 80.93042922311734
7892.58 80.91950592807144
7898.44 80.90856990589965
7904.3 80.89766896723349
7910.16 80.88695903541831
7916.02 80.8764795712913
7921.88 80.86638650297135
7927.73 80.85666223708627
7933.59 80.84750232448815
7939.45 80.83887626110408
7945.31 80.83091440283432
7951.17 80.82368668414065
7957.03 80.81717124731175
7962.89 80.81145582897224
7968.75 80.80653107040371
7974.61 80.80237245229425
7980.47 80.79900546390685
7986.33 80.79646579904365
7992.19 80.79460133799512
7998.05 80.79347773209034
8003.91 80.79296029055818
8009.77 80.79303185602977
8015.62 80.7936224958164
8021.48 80.79466748520385
8027.34 80.79607331850168
8033.2 80.79779282460835
8039.06 80.79970818143049
8044.92 80.80169608623531
8050.78 80.80380211972029
8056.64 80.80591503408579
8062.5 80.80797477966779
8068.36 80.80984685426593
8074.22 80.81161803551613
8080.08 80.8131411591749
8085.94 80.81442929352133
8091.8 80.81553249479619
8097.66 80.81630675652464
8103.52 80.81688638811
8109.38 80.81723848129147
8115.23 80.81742639169563
8121.09 80.81743675955293
8126.95 80.81737535035408
8132.81 80.81723968124695
8138.67 80.81718371845328
8144.53 80.81712870911576
8150.39 80.81732875243101
8156.25 80.81770550563948
8162.11 80.81843251796938
8167.97 80.81957351907442
8173.83 80.8211311823938
8179.69 80.82322022218862
8185.55 80.82589186882598
8191.41 80.8292210344734
8197.27 80.83326016568934
8203.12 80.83797054855744
8208.98 80.84339501109577
8214.84 80.84959509726995
8220.7 80.85658076308275
8226.56 80.86422273879103
8232.42 80.87259071491924
8238.28 80.8816137974234
8244.14 80.89124103976083
8250.0 80.90141989069828
8255.86 80.91212888634904
8261.72 80.92323492070922
8267.58 80.93468654978824
8273.44 80.94639097370525
8279.3 80.9582649330559
8285.16 80.97026634976451
8291.02 80.98223547786293
8296.88 80.99417673678495
8302.73 81.00604833415737
8308.59 81.01769100795232
8314.45 81.02913349349483
8320.31 81.0402350255153
8326.17 81.05109436703434
8332.03 81.06153195710012
8337.89 81.07170767360057
8343.75 81.08145565932668
8349.61 81.09086248916563
8355.47 81.09992404796566
8361.33 81.10857953764946
8367.19 81.11699904266935
8373.05 81.12509639846502
8378.91 81.13295582277343
8384.77 81.14060932215094
8390.62 81.14807455732938
8396.48 81.15538973727688
8402.34 81.16260369093072
8408.2 81.16971825661916
8414.06 81.17675771099626
8419.92 81.18377068548742
8425.78 81.19079040714907
8431.64 81.19773265840128
8437.5 81.20464699324548
8443.36 81.21155736524402
8449.22 81.21836539776366
8455.08 81.22510924439929
8460.94 81.23169003009247
8466.8 81.23809973582024
8472.66 81.24432930844615
8478.52 81.25023358852584
8484.38 81.25583841288397
8490.23 81.26107534069479
8496.09 81.2658781538934
8501.95 81.27014607783241
8507.81 81.27391155905056
8513.67 81.27708362595264
8519.53 81.27968359951475
8525.39 81.28165205319091
8531.25 81.28288920298016
8537.11 81.28354527613878
8542.97 81.28347546921113
8548.83 81.28284235969554
8554.69 81.28149939573588
8560.55 81.27963169791232
8566.41 81.27715967051424
8572.27 81.27425814610227
8578.12 81.27089122873839
8583.98 81.267200062913
8589.84 81.26316120957635
8595.7 81.2589375526647
8601.56 81.25456307809239
8607.42 81.25011182489243
8613.28 81.24565971195157
8619.14 81.24125118636856
8625.0 81.23699723386169
8630.86 81.23288610582986
8636.72 81.22899251022795
8642.58 81.22529890211307
8648.44 81.22189200253446
8654.3 81.21875214884837
8660.16 81.21583514558277
8666.02 81.21320993744503
8671.88 81.21076717213846
8677.73 81.20853257970835
8683.59 81.20642844191235
8689.45 81.20433549294316
8695.31 81.20233416107858
8701.17 81.20026927726555
8707.03 81.19813399182797
8712.89 81.19581689197733
8718.75 81.193275109395
8724.61 81.19048742625597
8730.47 81.18735408990806
8736.33 81.18389676741683
8742.19 81.1800276059235
8748.05 81.17579851142641
8753.91 81.17119968095164
8759.77 81.16622939249817
8765.62 81.16082950713086
8771.48 81.15517728512923
8777.34 81.14924866129722
8783.2 81.14308678315834
8789.06 81.136746149127
8794.92 81.13040440993477
8800.78 81.12404783043375
8806.64 81.1178203482846
8812.5 81.11184719656534
8818.36 81.10613628279582
8824.22 81.1008685665699
8830.08 81.0960889512081
8835.94 81.09185267781412
8841.8 81.08836257215012
8847.66 81.08559784623235
8853.52 81.08358289854381
8859.38 81.08248463098833
8865.23 81.08222892648062
8871.09 81.08291554093543
8876.95 81.08451583625697
8882.81 81.08705191412893
8888.67 81.0904703421791
8894.53 81.09478476186561
8900.39 81.09997175464427
8906.25 81.1059570773941
8912.11 81.11263819481583
8917.97 81.1200742011553
8923.83 81.128141189645
8929.69 81.1367357500847
8935.55 81.1458703697687
8941.41 81.15543342501671
8947.27 81.16538623781553
8953.12 81.1757028149334
8958.98 81.18623592573074
8964.84 81.19703131037808
8970.7 81.20801044439813
8976.56 81.21911597235162
8982.42 81.23035529445932
8988.28 81.24171229974336
8994.14 81.25316454527572
9000.0 81.26467855372196
9005.86 81.27629046028365
9011.72 81.28787241639249
9017.58 81.29962313818253
9023.44 81.31143210553317
9029.3 81.32326074216411
9035.16 81.33516695763143
9041.02 81.34718795476526
9046.88 81.35923330584019
9052.73 81.37137242292023
9058.59 81.38349449386833
9064.45 81.39571617153518
9070.31 81.40789505519636
9076.17 81.42006863387917
9082.03 81.43221620869463
9087.89 81.44423231571915
9093.75 81.45618536393253
9099.61 81.46801212741109
9105.47 81.47957015181615
9111.33 81.49089584537943
9117.19 81.50202533973338
9123.05 81.51276901944048
9128.91 81.52320969905055
9134.77 81.53319374271612
9140.62 81.54272723008079
9146.48 81.55182860425965
9152.34 81.56046148950716
9158.2 81.56857212999638
9164.06 81.57617064282393
9169.92 81.5831355237473
9175.78 81.58965551248313
9181.64 81.59554115637849
9187.5 81.60091718272677
9193.36 81.60735058571768
9199.22 81.61135663462296
9205.08 81.6148202085456
9210.94 81.61776972157175
9216.8 81.62018359212834
9222.66 81.62067270566233
9228.52 81.62231878514783
9234.38 81.62350763721629
9240.23 81.62413580065984
9246.09 81.62424972750655
9251.95 81.62391364578889
9257.81 81.62298843232473
9263.67 81.62156694107755
9269.53 81.61961010906191
9275.39 81.61700370338879
9281.25 81.61384786990781
9287.11 81.61002136131695
9292.97 81.60551373038143
9298.83 81.6003358736469
9304.69 81.59439489575229
9310.55 81.58770550430827
9316.41 81.58018927467654
9322.27 81.57182122375329
9328.12 81.56256933057006
9333.98 81.55243396011774
9339.84 81.54137909466408
9345.7 81.52932601756174
9351.56 81.51638555006772
9357.42 81.50242125767981
9363.28 81.48753754120513
9369.14 81.47171497987951
9375.0 81.45492134453232
9380.86 81.43722442747477
9386.72 81.41866216178614
9392.58 81.39929615903462
9398.44 81.37913836252419
9404.3 81.35825643790072
9410.16 81.33674409359232
9416.02 81.31459214551515
9421.88 81.2919624069854
9427.73 81.26882872808298
9433.59 81.24537603137951
9439.45 81.22162435927613
9445.31 81.19772170080687
9451.17 81.17362624028517
9457.03 81.14950611597027
9462.89 81.12541957552583
9468.75 81.10140883093452
9474.61 81.07763219210776
9480.47 81.0540368408026
9486.33 81.03072303131397
9492.19 81.0078057233093
9498.05 80.98523944473898
9503.91 80.96307003550517
9509.77 80.94131336952917
9515.62 80.92009054914709
9521.48 80.89939497573897
9527.34 80.87911212896095
9533.2 80.85938187337932
9539.06 80.84013626417283
9544.92 80.82136397089937
9550.78 80.80310832101138
9556.64 80.78534409391591
9562.5 80.76806381264186
9568.36 80.75119271638806
9574.22 80.73481235515314
9580.08 80.71886202227718
9585.94 80.7032880968516
9591.8 80.68816938763948
9597.66 80.67347344581387
9603.52 80.65912856250239
9609.38 80.64520650494978
9615.23 80.63168204111345
9621.09 80.61855526368846
9626.95 80.60585880870532
9632.81 80.5935813693811
9638.67 80.58170915577105
9644.53 80.57033520824221
9650.39 80.55943425448336
9656.25 80.54900642667276
9662.11 80.5391728041128
9667.97 80.52985212181311
9673.83 80.52114670859171
9679.69 80.51298917975063
9685.55 80.50553302810731
9691.41 80.49874564439322
9697.27 80.49261303763551
9703.12 80.48720253868571
9708.98 80.48251408064898
9714.84 80.47860096948935
9720.7 80.47538381564011
9726.56 80.47294176188467
9732.42 80.47127471269543
9738.28 80.4704152411156
9744.14 80.47027189775714
9750.0 80.47083592852358
9755.86 80.47214850808324
9761.72 80.47418041545706
9767.58 80.47682801976809
9773.44 80.48016219725771
9779.3 80.48410352706358
9785.16 80.48863145695826
9791.02 80.4936460222664
9796.88 80.49912674882641
9802.73 80.50504093447182
9808.59 80.51140094176624
9814.45 80.5180536176095
9820.31 80.52499910478974
9826.17 80.53216382078405
9832.03 80.53953415094396
9837.89 80.54705839550218
9843.75 80.55469468176173
9849.61 80.56236501097506
9855.47 80.57014160832715
9861.33 80.57786564557884
9867.19 80.58559804040749
9873.05 80.59328511125118
9878.91 80.60096156376507
9884.77 80.60852814652374
9890.62 80.6160187721291
9896.48 80.62346819506405
9902.34 80.63079044893551
9908.2 80.63804043466607
9914.06 80.6451992921546
9919.92 80.65226833164719
9925.78 80.65932174526826
9931.64 80.66627460693249
9937.5 80.67314757656102
9943.36 80.67996201938374
9949.22 80.68667187090833
9955.08 80.69339192374295
9960.94 80.69998175466792
9966.8 80.70648957894342
9972.66 80.71290210598194
9978.52 80.71921100505334
9984.38 80.72539778623285
9990.23 80.73140020498523
9996.09 80.73720456291359
10002.0 80.74281023519102
10007.8 80.7481696259411
10013.7 80.75318573621904
10019.5 80.7579252386847
10025.4 80.76223857054438
10031.2 80.76621028546339
10037.1 80.76967235870369
10043.0 80.77266074961497
10048.8 80.77513712034846
10054.7 80.77702180253178
10060.5 80.77837653394533
10066.4 80.77910385380063
10072.3 80.77918415556424
10078.1 80.77868228048693
10084.0 80.77754940612247
10089.8 80.77576282467878
10095.7 80.77337626041687
10101.6 80.7703684659523
10107.4 80.76682279400966
10113.3 80.76265462863813
10119.1 80.75799442933668
10125.0 80.75282570045198
10130.9 80.74726421327883
10136.7 80.74127503708806
10142.6 80.73490757654477
10148.4 80.7282762819453
10154.3 80.72141407053498
10160.2 80.71432240600043
10166.0 80.70713135662817
10171.9 80.69977546218918
10177.7 80.69235501390236
10183.6 80.68493470188311
10189.5 80.67754944117517
10195.3 80.67015037226282
10201.2 80.66286980983504
10207.0 80.6556589624684
10212.9 80.64851851254816
10218.8 80.6414838937138
10224.6 80.63462128289946
10230.5 80.62783415019051
10236.3 80.62117077754056
10242.2 80.61456698387055
10248.0 80.60810578252295
10253.9 80.60169029542269
10259.8 80.59540327067602
10265.6 80.58909482674552
10271.5 80.58286453778639
10277.3 80.57667991328711
10283.2 80.5704896021583
10289.1 80.5643112788932
10294.9 80.55811039444616
10300.8 80.55188341179279
10306.6 80.54566420087245
10312.5 80.53940123704373
10318.4 80.533193651536
10324.2 80.52692175298506
10330.1 80.52060201817963
10335.9 80.51431811216327
10341.8 80.50804870759525
10347.7 80.50179319877971
10353.5 80.4955865637554
10359.4 80.4893932350982
10365.2 80.4832627319516
10371.1 80.47724403783953
10377.0 80.4712881276346
10382.8 80.46537763053222
10388.7 80.45957763560374
10394.5 80.45389003438788
10400.4 80.44827791304508
10406.2 80.44279393034073
10412.1 80.43735562405783
10418.0 80.43206086293819
10423.8 80.42687788848964
10429.7 80.4217379760643
10435.5 80.41670703169824
10441.4 80.41177088843281
10447.3 80.40681148182689
10453.1 80.40201073221742
10459.0 80.39725604132211
10464.8 80.39257722627698
10470.7 80.38795773942722
10476.6 80.38338370137008
10482.4 80.3789372525594
10488.3 80.37455397319835
10494.1 80.37027920821656
10500.0 80.36610336527751
10505.9 80.36204176115602
10511.7 80.3581917846342
10517.6 80.35447427620572
10523.4 80.350955040785
10529.3 80.34771656569914
10535.2 80.34467678421485
10541.0 80.3419535722564
10546.9 80.33947864509494
10552.7 80.33736980303043
10558.6 80.33555872268037
10564.5 80.33406311619963
10570.3 80.33291461950863
10576.2 80.33208176234196
10582.0 80.33167869686847
10587.9 80.33157214242601
10593.8 80.33174471572742
10599.6 80.33226497660189
10605.5 80.33302987517513
10611.3 80.3341255117763
10617.2 80.33533276307497
10623.0 80.33673664133637
10628.9 80.3382376116317
10634.8 80.33986786557602
10640.6 80.34154733059383
10646.5 80.34315726289712
10652.3 80.34475158772712
10658.2 80.34622890391526
10664.1 80.34755586873585
10669.9 80.34868912352397
10675.8 80.34959103250739
10681.6 80.35023305428659
10687.5 80.35061628128226
10693.4 80.35065866014105
10699.2 80.35036121635842
10705.1 80.34974424461437
10710.9 80.34877298036359
10716.8 80.347449778126
10722.7 80.34581039904356
10728.5 80.34388893708324
10734.4 80.34161845276786
10740.2 80.33910326556536
10746.1 80.33625710768146
10752.0 80.33324852776785
10757.8 80.33002978209764
10763.7 80.32664992115123
10769.5 80.32308993391949
10775.4 80.31950534323033
10781.2 80.31579246176626
10787.1 80.31203643001712
10793.0 80.30828487720412
10798.8 80.30448980607312
10804.7 80.30073590975398
10810.5 80.29700241003182
10816.4 80.29335841071995
10822.3 80.28973927625916
10828.1 80.28614267901804
10834.0 80.28260185741193
10839.8 80.27908394665432
10845.7 80.27562435607256
10851.6 80.27208581417754
10857.4 80.26859117948713
10863.3 80.26312293130349
10869.1 80.25935392143406
10875.0 80.25556272209671
10880.9 80.25156125818332
10886.7 80.24743511688764
10892.6 80.24308461386529
10898.4 80.23854246566542
10904.3 80.23577569084178
10910.2 80.23083723540425
10916.0 80.2256362399566
10921.9 80.22009394188547
10927.7 80.21432474829801
10933.6 80.20816108441788
10939.5 80.20173097728983
10945.3 80.19496639901799
10951.2 80.18791091775596
10957.0 80.18049441784615
10962.9 80.17283305156845
10968.8 80.16479154166217
10974.6 80.15653248659491
10980.5 80.14796061496979
10986.3 80.1391256782052
10992.2 80.130113468717
10998.0 80.12083267755054
11003.9 80.11135116796284
11009.8 80.10170033756484
11015.6 80.09190651639909
11021.5 80.08194271749976
11027.3 80.07193532532699
11033.2 80.0618154421282
11039.1 80.05158273815222
11044.9 80.04132378918067
11050.8 80.03099593030736
11056.6 80.02068566218342
11062.5 80.01030592509701
11068.4 79.99993029447337
11074.2 79.98960263607155
11080.1 79.97926652575637
11085.9 79.96896473583627
11091.8 79.95874082448238
11097.7 79.9484814136377
11103.5 79.93821258087348
11109.4 79.92808166622478
11115.2 79.91791845229866
11121.1 79.90786243868237
11127.0 79.89777329541018
11132.8 79.88777804499585
11138.7 79.87782260440345
11144.5 79.86787663280236
11150.4 79.85801331863853
11156.2 79.84815881662252
11162.1 79.83840075411258
11168.0 79.8286261382537
11173.8 79.8189607132088
11179.7 79.80929236883898
11185.5 79.79967799357775
11191.4 79.79014632851478
11197.3 79.78061027264955
11203.1 79.77115751561833
11209.0 79.76171493111202
11214.8 79.75238354326915
11220.7 79.74300516040127
11226.6 79.73376555932128
11232.4 79.7244640569585
11238.3 79.71524408669858
11244.1 79.70597573384084
11250.0 79.69672966510282
11255.9 79.68747769685694
11261.7 79.67816114257865
11267.6 79.66876533821518
11273.4 79.65937555743379
11279.3 79.6498185900637
11285.2 79.64016594469545
11291.0 79.63032899957068
11296.9 79.62035262117755
11302.7 79.61016216696959
11308.6 79.59974294961525
11314.5 79.58905226988935
11320.3 79.5781734920832
11326.2 79.5669060535638
11332.0 79.55536351061347
11337.9 79.54348950238074
11343.8 79.53122376569094
11349.6 79.5186101284775
11355.5 79.50566261667161
11361.3 79.4923233652046
11367.2 79.47856468077393
11373.0 79.46454287521304
11378.9 79.45011665082505
11384.8 79.43542854521446
11390.6 79.42042184867584
11396.5 79.40509905876057
11402.3 79.38957382394734
11408.2 79.37390664538667
11414.1 79.35803980282633
11419.9 79.34211948942792
11425.8 79.32613199905639
11431.6 79.31016548347792
11437.5 79.29424978180856
11443.4 79.27852947720514
11449.2 79.26289171917743
11455.1 79.24752371519908
11460.9 79.23241232548138
11466.8 79.21761539463706
11472.7 79.203248278901
11478.5 79.18922560107683
11484.4 79.1756189502468
11490.2 79.16248614822182
11496.1 79.14986941416157
11502.0 79.1376971543423
11507.8 79.12599800941533
11513.7 79.11481317225831
11519.5 79.10413012978562
11525.4 79.09390583822005
11531.2 79.08406750496694
11537.1 79.07480170955519
11543.0 79.0658372937751
11548.8 79.0572473979048
11554.7 79.04903107495248
11560.5 79.04116191137614
11566.4 79.03354325273125
11572.3 79.02618598616884
11578.1 79.01909620999905
11584.0 79.01217242693876
11589.8 79.00544663143262
11595.7 78.99884729000601
11601.6 78.9924330189266
11607.4 78.98613137954784
11613.3 78.98003002497002
11619.1 78.97404383234245
11625.0 78.96818619257922
11630.9 78.96251404322156
11636.7 78.95699620939193
11642.6 78.9517016259562
11648.4 78.94662948093584
11654.3 78.94182278283687
11660.2 78.93727425329318
11666.0 78.93296999098057
11671.9 78.92902095574658
11677.7 78.92545022043579
11683.6 78.92225601360069
11689.5 78.91938035858605
11695.3 78.91701444050399
11701.2 78.91506355901005
11707.0 78.91357510356319
11712.9 78.91250285569136
11718.8 78.91192133236395
11724.6 78.91185339975077
11730.5 78.91215289250727
11736.3 78.91297551506052
11742.2 78.91420727610014
11748.0 78.91591594241976
11753.9 78.91803256605958
11759.8 78.92056770507564
11765.6 78.92342185149369
11771.5 78.92669444929219
11777.3 78.93031726556987
11783.2 78.93424652528141
11789.1 78.93843870571065
11794.9 78.94299398254343
11800.8 78.94776590584166
11806.6 78.95279061961891
11812.5 78.95810099059166
11818.4 78.96358675533203
11824.2 78.96929205264898
11830.1 78.97520684337216
11835.9 78.98130019990742
11841.8 78.9876054820426
11847.7 78.99405600410826
11853.5 79.00063855024707
11859.4 79.0074367440241
11865.2 79.01430098856146
11871.1 79.02133667062053
11877.0 79.02844031870511
11882.8 79.03562338788912
11888.7 79.04289719656855
11894.5 79.05020450736534
11900.4 79.05748771345284
11906.2 79.06481546548873
11912.1 79.07202987791894
11918.0 79.0792204008877
11923.8 79.08622247563277
11929.7 79.0930831907953
11935.5 79.09978119580047
11941.4 79.10617117798718
11947.3 79.11230734010759
11953.1 79.11809505140221
11959.0 79.12349907475485
11964.8 79.12855215314461
11970.7 79.13314016363144
11976.6 79.1373055527588
11982.4 79.14092666198488
11988.3 79.14410265532635
11994.1 79.14673288951616
12000.0 79.14883717689887
12005.9 79.15040516404471
12011.7 79.15145692277063
12017.6 79.15198257071484
12023.4 79.15200248202521
12029.3 79.1514768588175
12035.2 79.15059625064788
12041.0 79.14924102614988
12046.9 79.14748225823442
12052.7 79.14537031982437
12058.6 79.14291561981011
12064.5 79.14011918686226
12070.3 79.13709075225945
12076.2 79.13387126851813
12082.0 79.13038986535705
12087.9 79.12681668994243
12093.8 79.1230522475409
12099.6 79.11926502797147
12105.5 79.1152551307974
12111.3 79.11129036103799
12117.2 79.10726199172746
12123.0 79.1031784164814
12128.9 79.09904909641295
12134.8 79.09489160144699
12140.6 79.09068775774213
12146.5 79.08642641347046
12152.3 79.0821358226841
12158.2 79.07781557000023
12164.1 79.07344808061082
12169.9 79.06891212098945
12175.8 79.06435690355917
12181.6 79.05957202486115
12187.5 79.05476834677935
12193.4 79.04975685704814
12199.2 79.04466520475951
12205.1 79.03933291198972
12210.9 79.03388121319038
12216.8 79.02821052467426
12222.7 79.02239756623428
12228.5 79.01634250538281
12234.4 79.01008365444562
12240.2 79.00370889190474
12246.1 78.9971522739724
12252.0 78.99036806620809
12257.8 78.983483037191
12263.7 78.97638133697619
12269.5 78.96910180328543
12275.4 78.96180934287722
12281.2 78.95432756320534
12287.1 78.9467108168179
12293.0 78.93904300249073
12298.8 78.9313365208538
12304.7 78.92353382358317
12310.5 78.91569655141532
12316.4 78.90784738031799
12322.3 78.8999868161312
12328.1 78.89212506585875
12334.0 78.88431595257735
12339.8 78.87649372379587
12345.7 78.86868006689922
12351.6 78.8609766620558
12357.4 78.85339009895051
12363.3 78.84584656245399
12369.1 78.83845391362625
12375.0 78.8311505955706
12380.9 78.82401706278499
12386.7 78.8170520008792
12392.6 78.81028097167584
12398.4 78.8037836505502
12404.3 78.79742507683243
12410.2 78.79143730343986
12416.0 78.78574581508732
12421.9 78.78030949609517
12427.7 78.77535395948028
12433.6 78.77075124020793
12439.5 78.76654029860957
12445.3 78.76279410115384
12451.2 78.75956498486454
12457.0 78.75689922880828
12462.9 78.75468952476447
12468.8 78.75309553600862
12474.6 78.75205709202991
12480.5 78.75168784908278
12486.3 78.75185422951142
12492.2 78.75267621806282
12498.0 78.75410120149151
12503.9 78.75617562613921
12509.8 78.75886691065043
12515.6 78.76214853926435
12521.5 78.76606110703769
12527.3 78.77044438355291
12533.2 78.77876303518201
12539.1 78.78447322623207
12544.9 78.79053632740482
12550.8 78.79707143627944
12556.6 78.80402043103084
12562.5 78.81126298200097
12568.4 78.81879193958265
12574.2 78.82652837129667
12580.1 78.83072148024735
12585.9 78.838641427166
12591.8 78.84677485654694
12597.7 78.8549495811536
12603.5 78.86316406126845
12609.4 78.87139297243198
12615.2 78.87958131612949
12621.1 78.88769729949624
12627.0 78.8957007456447
12632.8 78.90354889124761
12638.7 78.91127200818376
12644.5 78.91881449571703
12650.4 78.92610429927707
12656.2 78.93321348763455
12662.1 78.94008872051448
12668.0 78.94671136436612
12673.8 78.95308743314952
12679.7 78.95927607120781
12685.5 78.96518713339167
12691.4 78.97086983945654
12697.3 78.97636262537817
12703.1 78.98158389466154
12709.0 78.98669277075679
12714.8 78.99161786209669
12720.7 78.99631278862547
12726.6 79.00095855309682
12732.4 79.00542122216751
12738.3 79.00980104450267
12744.1 79.0140737276506
12750.0 79.01831082437154
12755.9 79.0224538535699
12761.7 79.02659106214071
12767.6 79.03069393124359
12773.4 79.03469201537656
12779.3 79.03873963579822
12785.2 79.04274217956096
12791.0 79.04668298578189
12796.9 79.05060372809442
12802.7 79.05443417944396
12808.6 79.05817464618606
12814.5 79.06186676346609
12820.3 79.06535185449992
12826.2 79.06873005600627
12832.0 79.0718841018432
12837.9 79.07477231093803
12843.8 79.07743595794535
12849.6 79.07971632450027
12855.5 79.08167686083208
12861.3 79.08325390365086
12867.2 79.08432203558023
12873.0 79.0849694980141
12878.9 79.08504845368957
12884.8 79.08459959492008
12890.6 79.08350375977324
12896.5 79.08183047209039
12902.3 79.07955009275717
12908.2 79.07657310665924
12914.1 79.07288071409899
12919.9 79.06858236376632
12925.8 79.06353781535489
12931.6 79.05785652482764
12937.5 79.05147909679255
12943.4 79.04450408665811
12949.2 79.0368312544958
12955.1 79.02854109500804
12960.9 79.01971081450553
12966.8 79.01029145309302
12972.7 79.00033093146999
12978.5 78.98986916722724
12984.4 78.97898421457636
12990.2 78.96770544970562
12996.1 78.95600259117134
13002.0 78.94389448962208
13007.8 78.9315000844846
13013.7 78.91880844328364
13019.5 78.90578970030104
13025.4 78.89258216598553
13031.2 78.87909636687976
13037.1 78.86545143912629
13043.0 78.85153682942511
13048.8 78.83745255420823
13054.7 78.82313887818378
13060.5 78.80867476677902
13066.4 78.79401099189397
13072.3 78.77919668571454
13078.1 78.7641633482657
13084.0 78.74893027094589
13089.8 78.73354835444285
13095.7 78.71799818516175
13101.6 78.70226060764726
13107.4 78.68633588533895
13113.3 78.67024525973424
13119.1 78.65408035638421
13125.0 78.63777176294266
13130.9 78.62136208516922
13136.7 78.60494203341987
13142.6 78.58843381317955
13148.4 78.571989489223
13154.3 78.55552126513291
13160.2 78.53923119367572
13166.0 78.52306146879015
13171.9 78.50705435255813
13177.7 78.49134163350877
13183.6 78.47585503596474
13189.5 78.46064738155286
13195.3 78.44583683906195
13201.2 78.43138629866924
13207.0 78.41735510225891
13212.9 78.40377381818628
13218.8 78.39063004563366
13224.6 78.37794246566266
13230.5 78.3656789978865
13236.3 78.35388571915574
13242.2 78.3425229849745
13248.0 78.33155313044706
13253.9 78.32097502432866
13259.8 78.31070451166333
13265.6 78.30074577803232
13271.5 78.2911019044088
13277.3 78.2816225246559
13283.2 78.27235513005358
13289.1 78.26319308618886
13294.9 78.25418437725202
13300.8 78.24523411124919
13306.6 78.23628578908458
13312.5 78.2273503544575
13318.4 78.21845498685344
13324.2 78.20956766740169
13330.1 78.20065565891485
13335.9 78.19183655811845
13341.8 78.18305054517567
13347.7 78.17433458629493
13353.5 78.16576601021013
13359.4 78.15739981283245
13365.2 78.14930848605393
13371.1 78.14152343260938
13377.0 78.13407442796311
13382.8 78.12722374447377
13388.7 78.12084593396874
13394.5 78.11513066233753
13400.4 78.1101270756359
13406.2 78.10593683063364
13412.1 78.10253602522057
13418.0 78.1001170444575
13423.8 78.0986100620698
13429.7 78.09807457881642
13435.5 78.09860257536191
13441.4 78.1001797830458
13447.3 78.10277836035849
13453.1 78.10636988612335
13459.0 78.11096970760103
13464.8 78.1165347622822
13470.7 78.12307550791127
13476.6 78.13044834984322
13482.4 78.1385222162748
13488.3 78.14740834365772
13494.1 78.15688964779349
13500.0 78.16686394291932
13505.9 78.17732837135104
13511.7 78.18813690992293
13517.6 78.19925972529317
13523.4 78.21056509878255
13529.3 78.22199398633376
13535.2 78.23343136887249
13541.0 78.24488903362504
13546.9 78.25616648084076
13552.7 78.26736201671177
13558.6 78.27837576564168
13564.5 78.28912064391236
13570.3 78.29968285737586
13576.2 78.30990531705791
13582.0 78.31990210201779
13587.9 78.32955956494148
13593.8 78.33905057640779
13599.6 78.34821826220417
13605.5 78.35715023102641
13611.3 78.36587626206334
13617.2 78.37436993809261
13623.0 78.38273271954627
13628.9 78.39093831613486
13634.8 78.39901663118074
13640.6 78.40697064325737
13646.5 78.41485785173218
13652.3 78.42265124535191
13658.2 78.43036723017045
13664.1 78.43807565283295
13669.9 78.4457073718306
13675.8 78.45330427717876
13681.6 78.4608501939893
13687.5 78.46833048868884
13693.4 78.47574109410284
13699.2 78.48305618139712
13705.1 78.49018553766453
13710.9 78.4972959499922
13716.8 78.50414482166995
13722.7 78.5108561117445
13728.5 78.51741383663817
13734.4 78.52364696231174
13740.2 78.52974864633468
13746.1 78.53552335590398
13752.0 78.54106411574736
13757.8 78.54640040775296
13763.7 78.55135034055888
13769.5 78.5560944599496
13775.4 78.56052036039561
13781.2 78.5647132975542
13787.1 78.56860881599808
13793.0 78.57223062332115
13798.8 78.57563812369695
13804.7 78.57884539726025
13810.5 78.58180567239442
13816.4 78.58454260193345
13822.3 78.58712987965399
13828.1 78.5895675395663
13834.0 78.59180111275698
13839.8 78.5939217484236
13845.7 78.59589805303922
13851.6 78.59773010407129
13857.4 78.59940918325219
13863.3 78.60098991664952
13869.1 78.60233189519265
13875.0 78.60360332129581
13880.9 78.60467683379258
13886.7 78.60562570935788
13892.6 78.60629066725775
13898.4 78.60673128125067
13904.3 78.60694240505015
13910.2 78.60682946902253
13916.0 78.60645477052564
13921.9 78.60576416797275
13927.7 78.60471157350035
13933.6 78.60328341596336
13939.5 78.60147962429964
13945.3 78.5992344531858
13951.2 78.59659988190079
13957.0 78.59353069020416
13962.9 78.5900922215099
13968.8 78.58622451200287
13974.6 78.5819536666486
13980.5 78.57728626862375
13986.3 78.57227503483749
13992.2 78.5670196254713
13998.0 78.56141929053965
14003.9 78.55562719674947
14009.8 78.54964249932574
14015.6 78.54359811023191
14021.5 78.53739357029376
14027.3 78.53128182277624
14033.2 78.52522876716513
14039.1 78.51933398307696
14044.9 78.51363714834409
14050.8 78.50823850811773
14056.6 78.5031358979646
14062.5 78.49853727703157
14068.4 78.49437483271755
14074.2 78.4906951361432
14080.1 78.4875574519115
14085.9 78.48508118266024
14091.8 78.48321292297302
14097.7 78.48204017988208
14103.5 78.48153474960178
14109.4 78.48167523070532
14115.2 78.48248313567697
14121.1 78.48393719376593
14127.0 78.4859839532274
14132.8 78.48866986666637
14138.7 78.4919612226929
14144.5 78.49570446160956
14150.4 78.49991211052851
14156.2 78.50457212961469
14162.1 78.5095105645853
14168.0 78.51477231345466
14173.8 78.52024540397237
14179.7 78.52589738048327
14185.5 78.53159855824504
14191.4 78.53735757830816
14197.3 78.54308732105288
14203.1 78.55122480598838
14209.0 78.55661490829073
14214.8 78.56186681905879
14220.7 78.56694430715582
14226.6 78.57177147705191
14232.4 78.57634826782211
14238.3 78.58075026357575
14244.1 78.58484703534438
14250.0 78.58878120513249
14255.9 78.59035963725434
14261.7 78.59404927590982
14267.6 78.597617452773
14273.4 78.60103544448444
14279.3 78.60443188745926
14285.2 78.60771894903714
14291.0 78.61110684954609
14296.9 78.61449778053246
14302.7 78.61797742735048
14308.6 78.62162304085057
14314.5 78.6254022340225
14320.3 78.62942565328352
14326.2 78.63370262315748
14332.0 78.63833113431764
14337.9 78.64321672962123
14343.8 78.64848605015962
14349.6 78.65407491183285
14355.5 78.6600834074567
14361.3 78.66639894353106
14367.2 78.6731406377411
14373.0 78.68015743192682
14378.9 78.68754467738388
14384.8 78.69524972717603
14390.6 78.70322491150122
14396.5 78.71149212859207
14402.3 78.71994194503672
14408.2 78.72857240721096
14414.1 78.73729061013476
14419.9 78.74615749717248
14425.8 78.75502443809474
14431.6 78.76391538411879
14437.5 78.77273694775485
14443.4 78.78147048580745
14449.2 78.79008946924479
14455.1 78.79855087833555
14460.9 78.80682970086016
14466.8 78.8148075856544
14472.7 78.8226135702028
14478.5 78.83009329414521
14484.4 78.83726419109587
14490.2 78.8441330346868
14496.1 78.85070588544184
14502.0 78.85695169923314
14507.8 78.86283957234558
14513.7 78.86840663182788
14519.5 78.87362946668397
14525.4 78.87853930484948
14531.2 78.883067427357
14537.1 78.88738341179015
14543.0 78.89130137762632
14548.8 78.89493565286091
14554.7 78.89822893378623
14560.5 78.90129562999051
14566.4 78.9040610288246
14572.3 78.90654627392227
14578.1 78.9087838439693
14584.0 78.91079857752712
14589.8 78.91251240417611
14595.7 78.91402642794762
14601.6 78.91541385384538
14607.4 78.91648655965874
14613.3 78.91743475577536
14619.1 78.91813950567082
14625.0 78.91880494849951
14630.9 78.91930102838982
14636.7 78.91972883281237
14642.6 78.92003505190851
14648.4 78.9203297856093
14654.3 78.92063077939737
14660.2 78.92095340707849
14666.0 78.92135281635787
14671.9 78.92186116033257
14677.7 78.92253516329228
14683.6 78.92344375841289
14689.5 78.92456485391817
14695.3 78.92597648504622
14701.2 78.92774685374484
14707.0 78.92982341818933
14712.9 78.93229057597792
14718.8 78.9352227456805
14724.6 78.93856651383162
14730.5 78.94247375450318
14736.3 78.94678068664871
14742.2 78.95163251624884
14748.0 78.9569496802764
14753.9 78.96279854878765
14759.8 78.96914550631021
14765.6 78.97594185214369
14771.5 78.98313239490408
14777.3 78.99083673122443
14783.2 78.99880012884134
14789.1 79.00715791226044
14794.9 79.01580829507348
14800.8 79.02464550833474
14806.6 79.03372518885287
14812.5 79.04287352610099
14818.4 79.05218985874279
14824.2 79.06150970569402
14830.1 79.07083952981499
14835.9 79.080051643635
14841.8 79.08924137620703
14847.7 79.09835644658622
14853.5 79.1072127550822
14859.4 79.1160060678545
14865.2 79.12462075865537
14871.1 79.1330209883568
14877.0 79.1412709652294
14882.8 79.14937126937627
14888.7 79.15730242004484
14894.5 79.16516492843026
14900.4 79.17294392734328
14906.2 79.18069945025132
14912.1 79.18844112070697
14918.0 79.1962605045979
14923.8 79.20416268400609
14929.7 79.21226373751647
14935.5 79.22060000166776
14941.4 79.22913502753718
14947.3 79.23805672256115
14953.1 79.24731166210593
14959.0 79.25693505404091
14964.8 79.26704523002932
14970.7 79.27764144714979
14976.6 79.28872483760622
14982.4 79.30039429812531
14988.3 79.31254676361692
14994.1 79.32530501955694
15000.0 79.33854755153699
15005.9 79.3524140390053
15011.7 79.36672931111987
15017.6 79.38160186335496
15023.4 79.39699402960038
15029.3 79.41277642375152
15035.2 79.42906359323975
15041.0 79.44576152862679
15046.9 79.46278398662112
15052.7 79.48013149385487
15058.6 79.49781059536082
15064.5 79.51568343210832
15070.3 79.53381936062509
15076.2 79.55215268243343
15082.0 79.57061758705724
15087.9 79.58927942782157
15093.8 79.60800332156606
15099.6 79.62677498364543
15105.5 79.64563829587904
15111.3 79.6645785961883
15117.2 79.6835124501361
15123.0 79.70248095030105
15128.9 79.72143998270552
15134.8 79.74044952187614
15140.6 79.75944225052514
15146.5 79.77839634686798
15152.3 79.79733285225147
15158.2 79.81634439569238
15164.1 79.83523054808903
15169.9 79.85416007147977
15175.8 79.87304493801017
15181.6 79.89183435921355
15187.5 79.91061465248112
15193.4 79.92928022665748
15199.2 79.94788656064536
15205.1 79.96639726388817
15210.9 79.98474827083037
15216.8 80.00297554267793
15222.7 80.02107643073653
15228.5 80.0389200288092
15234.4 80.0565895856811
15240.2 80.07399046590957
15246.1 80.09115325466385
15252.0 80.10803068066235
15257.8 80.12459770461315
15263.7 80.14087954538523
15269.5 80.15679852842726
15275.4 80.17242993500967
15281.2 80.1877156694366
15287.1 80.20259240204395
15293.0 80.21721592117645
15298.8 80.23153384219988
15304.7 80.24551607865251
15310.5 80.2592161899368
15316.4 80.2726922513052
15322.3 80.28588350743784
15328.1 80.29895770765641
15334.0 80.3118276550506
15339.8 80.32461415117488
15345.7 80.33734379200578
15351.6 80.35003092154953
15357.4 80.36273094518303
15363.3 80.37545155250528
15369.1 80.3883013656856
15375.0 80.40126478018432
15380.9 80.41441104689477
15386.7 80.42777735055522
15392.6 80.44137247119392
15398.4 80.45519600149369
15404.3 80.46934585645228
15410.2 80.48366969036297
15416.0 80.49836539089515
15421.9 80.51324853080531
15427.7 80.52840278403221
15433.6 80.54384373308767
15439.5 80.55943151396947
15445.3 80.5752735578353
15451.2 80.59123161141095
15457.0 80.60730540275993
15462.9 80.62351702486878
15468.8 80.63970587584235
15474.6 80.65590208165584
15480.5 80.67202917457689
15486.3 80.68804100713511
15492.2 80.70397575572909
15498.0 80.71971085212984
15503.9 80.73520022573052
15509.8 80.75042924071245
15515.6 80.76537410022239
15521.5 80.78011246986557
15527.3 80.7944363006783
15533.2 80.80853889661581
15539.1 80.82224258009212
15544.9 80.8357102681996
15550.8 80.84886340952065
15556.6 80.86172662147678
15562.5 80.87433035429919
15568.4 80.88672863849864
15574.2 80.8989215846942
15580.1 80.91103977051823
15585.9 80.92296866883767
15591.8 80.9349151753874
15597.7 80.94681797958441
15603.5 80.95875447535204
15609.4 80.97082376298125
15615.2 80.98295751891997
15621.1 80.99527804147027
15627.0 81.00776218873314
15632.8 81.02051739271377
15638.7 81.03350465977152
15644.5 81.04678480750898
15650.4 81.06026638373703
15656.2 81.07410874260604
15662.1 81.08816693916953
15668.0 81.10253201108087
15673.8 81.11715724413963
15679.7 81.1319819888172
15685.5 81.14701998156029
15691.4 81.16224122906917
15697.3 81.17753791577508
15703.1 81.19295648690378
15709.0 81.2084114125236
15714.8 81.22382009254211
15720.7 81.23919705244721
15726.6 81.2544970757741
15732.4 81.26971195206524
15738.3 81.28465922672318
15744.1 81.29943894086948
15750.0 81.31394454900688
15755.9 81.32825210950381
15761.7 81.34214860579942
15767.6 81.35577298520533
15773.4 81.36914003074882
15779.3 81.382129057254
15785.2 81.39472599401374
15791.0 81.40706039852675
15796.9 81.41903450011586
15802.7 81.43076347182054
15808.6 81.44218661138603
15814.5 81.45336006525768
15820.3 81.4643274969218
15826.2 81.47505301344718
15832.0 81.48562120135455
15837.9 81.49601656223673
15843.8 81.50629270422296
15849.6 81.51649547948648
15855.5 81.52665272430569
15861.3 81.5367068735291
15867.2 81.5467663840881
15873.0 81.5617589661732
15878.9 81.57174660726007
15884.8 81.58172696463801
15890.6 81.59169943579677
15896.5 81.60159443558477
15902.3 81.61153259575269
15908.2 81.62143157564925
15914.1 81.63125524605199
15919.9 81.64097182289059
15925.8 81.65071559786665
15931.6 81.65534058827586
15937.5 81.66486736418709
15943.4 81.67431939662276
15949.2 81.68365066259908
15955.1 81.692922876494
15960.9 81.70202136396601
15966.8 81.71106271278852
15972.7 81.72002952371489
15978.5 81.72890383768342
15984.4 81.73772011299033
15990.2 81.7465088536773
15996.1 81.7553045940344
16002.0 81.76412428953648
16007.8 81.7730020131364
16013.7 81.78198316278157
16019.5 81.79109854539344
16025.4 81.80037192379939
16031.2 81.80994538572328
16037.1 81.81973898549465
16043.0 81.82983270827211
16048.8 81.8403124287296
16054.7 81.85120612351152
16060.5 81.86241711973396
16066.4 81.87417667060996
16072.3 81.88643316560993
16078.1 81.89913826374028
16084.0 81.91234037521087
16089.8 81.92615680819323
16095.7 81.94040471652245
16101.6 81.95516374472743
16107.4 81.97045427594982
16113.3 81.98625593612262
16119.1 82.0024375253099
16125.0 82.01908495103443
16130.9 82.03612942195458
16136.7 82.05355369129944
16142.6 82.07124370674177
16148.4 82.08927921647191
16154.3 82.10753194871081
16160.2 82.12604718643014
16166.0 82.14466260725708
16171.9 82.16342648760215
16177.7 82.18233882619413
16183.6 82.20133410737354
16189.5 82.22037786095771
16195.3 82.23952465950269
16201.2 82.25873432192746
16207.0 82.27800973186328
16212.9 82.29736813389773
16218.8 82.31684371963058
16224.6 82.33646813942185
16230.5 82.35615837930904
16236.3 82.37616308766876
16242.2 82.3963508900663
16248.0 82.41685324178813
16253.9 82.43765301388392
16259.8 82.45888464252626
16265.6 82.48054801189768
16271.5 82.50267484943302
16277.3 82.52541926630043
16283.2 82.54867587636893
16289.1 82.57259891954877
16294.9 82.59710290762725
16300.8 82.6223564298218
16306.6 82.6483254346263
16312.5 82.67499560667619
16318.4 82.70244740384841
16324.2 82.73055201695927
16330.1 82.759421640035
16335.9 82.78896150075677
16341.8 82.81910344695795
16347.7 82.84999901303263
16353.5 82.88139710903484
16359.4 82.91335133736406
16365.2 82.94579159315053
16371.1 82.97862198528011
16377.0 83.01175563243056
16382.8 83.04526272152091
16388.7 83.07897512770568
16394.5 83.11280965980278
16400.4 83.14676631821747
16406.2 83.18069366523487
16412.1 83.21461122367654
16418.0 83.24841601924557
16423.8 83.28202452111401
16429.7 83.31551997399431
16435.5 83.34870226834938
16441.4 83.38166819880469
16447.3 83.41423717531137
16453.1 83.44657293906383
16459.0 83.4785598392698
16464.8 83.51016161128322
16470.7 83.54142972625976
16476.6 83.57241243893067
16482.4 83.6030096120991
16488.3 83.6332884551996
16494.1 83.66333325946994
16500.0 83.69304003574042
16505.9 83.72259640143709
16511.7 83.75186645618075
16517.6 83.780950269021
16523.4 83.8098996136306
16529.3 83.83871458872386
16535.2 83.86737912440095
16541.0 83.89597739816735
16546.9 83.92452550195503
16552.7 83.95300750850319
16558.6 83.98147534050393
16564.5 84.00982906294442
16570.3 84.03823665435563
16576.2 84.06661434216286
16582.0 84.09491366146834
16587.9 84.12318322470678
16593.8 84.15135848982229
16599.6 84.17950711464687
16605.5 84.20757734693755
16611.3 84.23552087668959
16617.2 84.26326938551712
16623.0 84.29091040623801
16628.9 84.31830445948817
16634.8 84.34552249131005
16640.6 84.37249687809141
16646.5 84.3991915022332
16652.3 84.42559311402464
16658.2 84.45164721396345
16664.1 84.47740816436355
16669.9 84.50278901923423
16675.8 84.52785726634313
16681.6 84.55256095271783
16687.5 84.57683640733843
16693.4 84.60072773698481
16699.2 84.62432331079329
16705.1 84.64753874867722
16710.9 84.67036994805859
16716.8 84.69293792358486
16722.7 84.71517086226241
16728.5 84.73708843282506
16734.4 84.75872298700004
16740.2 84.78020682054972
16746.1 84.8014244241826
16752.0 84.82243889205209
16757.8 84.84333466759976
16763.7 84.86409625413408
16769.5 84.8847712365986
16775.4 84.90539176016547
16781.2 84.9259778167117
16787.1 84.94650921602413
16793.0 84.96705360080249
16798.8 84.98762785412517
16804.7 85.00829970314403
16810.5 85.02896420553266
16816.4 85.0497940092899
16822.3 85.07061641614284
16828.1 85.09160414574974
16834.0 85.11265222169114
16839.8 85.13383338762014
16845.7 85.15507493494594
16851.6 85.17641227077971
16857.4 85.1979302266911
16863.3 85.21949649225583
16869.1 85.24117870848241
16875.0 85.26295667135994
16880.9 85.28481814434929
16886.7 85.30669544045118
16892.6 85.32875611469815
16898.4 85.35080009196916
16904.3 85.37296478792075
16910.2 85.39521267234309
16916.0 85.41753132145581
16921.9 85.43991799503472
16927.7 85.46234529949973
16933.6 85.4848756662817
16939.5 85.50746413622394
16945.3 85.53012320293716
16951.2 85.55292551853161
16957.0 85.57582123358962
16962.9 85.59879033919702
16968.8 85.62192329466355
16974.6 85.64511507652055
16980.5 85.6684509881742
16986.3 85.6918988446211
16992.2 85.71549136574363
16998.0 85.73921400821003
17003.9 85.76303473819404
17009.8 85.7870659336089
17015.6 85.81114312398635
17021.5 85.83539903427173
17027.3 85.85971927486109
17033.2 85.88411304581341
17039.1 85.90867180926556
17044.9 85.93323688100259
17050.8 85.9578968856859
17056.6 85.98256354653016
17062.5 86.0072515542043
17068.4 86.03182870450946
17074.2 86.056444998643
17080.1 86.0809795902996
17085.9 86.10536785208731
17091.8 86.12956756828153
17097.7 86.15363517299726
17103.5 86.17749938256034
17109.4 86.20111345114823
17115.2 86.22443809785024
17121.1 86.24743732897257
17127.0 86.2701144107313
17132.8 86.29238696923072
17138.7 86.3143226930027
17144.5 86.33578197890228
17150.4 86.35678244648975
17156.2 86.37729916213614
17162.1 86.39730662643524
17168.0 86.41676217955076
17173.8 86.43572607676136
17179.7 86.45411333725451
17185.5 86.47190872544098
17191.4 86.48917359654897
17197.3 86.50578617944655
17203.1 86.5218221061226
17209.0 86.53731354153997
17214.8 86.55219263616044
17220.7 86.56642737063999
17226.6 86.58012580350176
17232.4 86.59318012582297
17238.3 86.60566262721115
17244.1 86.61757351508075
17250.0 86.62891687387427
17255.9 86.63972113552825
17261.7 86.64993625621942
17267.6 86.65963486670672
17273.4 86.66881731132527
17279.3 86.67751140665716
17285.2 86.68572194330164
17291.0 86.69342226788025
17296.9 86.70067562410176
17302.7 86.70747358264823
17308.6 86.71379380746
17314.5 86.71971343954499
17320.3 86.72520532718532
17326.2 86.73030628219303
17332.0 86.73499310333072
17337.9 86.73928912932912
17343.8 86.74321631845375
17349.6 86.74673431395367
17355.5 86.74986992627878
17361.3 86.75265488677628
17367.2 86.75508906909481
17373.0 86.75711742774756
17378.9 86.75873110971541
17384.8 86.75997039191863
17390.6 86.76083971541071
17396.5 86.76125749842778
17402.3 86.76126852099874
17408.2 86.76089597195796
17414.1 86.76008459508441
17419.9 86.75880806256934
17425.8 86.757092439884
17431.6 86.7548928260565
17437.5 86.75227252808122
17443.4 86.7490997380504
17449.2 86.74548510093953
17455.1 86.74134957126294
17460.9 86.73671680202625
17466.8 86.73157391066952
17472.7 86.72590997465907
17478.5 86.71975981529212
17484.4 86.7130757722171
17490.2 86.70592617483878
17496.1 86.69827937726058
17502.0 86.69017829128438
17507.8 86.68157495239565
17513.7 86.67254287098055
17519.5 86.66306421925813
17525.4 86.65320110147918
17531.2 86.64295982522383
17537.1 86.63235303287459
17543.0 86.62144911750711
17548.8 86.60400075994092
17554.7 86.59245521874642
17560.5 86.58066894715748
17566.4 86.56868531470475
17572.3 86.55659233160792
17578.1 86.5442774532404
17584.0 86.531877425553
17589.8 86.51933611127053
17595.7 86.50674104532071
17601.6 86.49410445908447
17607.4 86.48769319371804
17613.3 86.47500368279493
17619.1 86.46228471664028
17625.0 86.44943615834929
17630.9 86.43660900890701
17636.7 86.42373287681718
17642.6 86.41079034870162
17648.4 86.39781820866123
17654.3 86.384804335966
17660.2 86.37163619559269
17666.0 86.35845106520496
17671.9 86.34506800050676
17677.7 86.33155608816647
17683.6 86.3179463715508
17689.5 86.3041080831589
17695.3 86.29006017058482
17701.2 86.27578402781053
17707.0 86.26125499511694
17712.9 86.24644163266159
17718.8 86.23137569339173
17724.6 86.2159941781974
17730.5 86.20028018441577
17736.3 86.18422594824251
17742.2 86.16784491831633
17748.0 86.15106725206626
17753.9 86.13396951761268
17759.8 86.11652033368772
17765.6 86.09874319915706
17771.5 86.08062650069468
17777.3 86.0620996782665
17783.2 86.04333328163585
17789.1 86.02421349816392
17794.9 86.00484021976109
17800.8 85.98512484635698
17806.6 85.96516719867924
17812.5 85.94496710117836
17818.4 85.92453581552608
17824.2 85.90383599041546
17830.1 85.88297304632131
17835.9 85.86200964180081
17841.8 85.84075689015486
17847.7 85.81944033660098
17853.5 85.79796535560139
17859.4 85.77626884376849
17865.2 85.754496614657
17871.1 85.73257653334775
17877.0 85.71054898580184
17882.8 85.68834528168146
17888.7 85.66601912472831
17894.5 85.64350536059221
17900.4 85.62088372433344
17906.2 85.59801691224945
17912.1 85.57497724540717
17918.0 85.55172956133791
17923.8 85.52820907179995
17929.7 85.50451585542811
17935.5 85.48048135147455
17941.4 85.45617427722574
17947.3 85.43158366481856
17953.1 85.40663595701581
17959.0 85.38139404599195
17964.8 85.3557581387299
17970.7 85.32969716363296
17976.6 85.30333167966214
17982.4 85.27654168273209
17988.3 85.24940557479896
17994.1 85.22178778521807
18000.0 85.19378700361418
18005.9 85.16542090604406
18011.7 85.13660519371055
18017.6 85.10742919702842
18023.4 85.07788233438883
18029.3 85.04795542986774
18035.2 85.01767981946205
18041.0 84.9869975169146
18046.9 84.95600858577295
18052.7 84.92471309002633
18058.6 84.89312178639894
18064.5 84.86121795787763
18070.3 84.8290871866544
18076.2 84.79664357927484
18082.0 84.7639974828794
18087.9 84.73108679716692
18093.8 84.69800395354655
18099.6 84.66466657490922
18105.5 84.63122557450052
18111.3 84.59751219367459
18117.2 84.56366373200987
18123.0 84.52961140571483
18128.9 84.49537518456823
18134.8 84.46102399242257
18140.6 84.42651640296036
18146.5 84.39183453766341
18152.3 84.35692656188691
18158.2 84.32190023894609
18164.1 84.2866886110318
18169.9 84.25134807295922
18175.8 84.2157989135018
18181.6 84.18003347015652
18187.5 84.1441774021317
18193.4 84.10804331483486
18199.2 84.0717395185532
18205.1 84.03530654052373
18210.9 83.99867309827069
18216.8 83.96188023412859
18222.7 83.92481776636107
18228.5 83.88764511259352
18234.4 83.85029294630948
18240.2 83.81283109674821
18246.1 83.77516959053668
18252.0 83.73742928071005
18257.8 83.69950010082025
18263.7 83.66154177522739
18269.5 83.62342539330176
18275.4 83.5852511302521
18281.2 83.54704861671608
18287.1 83.50882910342774
18293.0 83.47051249848684
18298.8 83.43230865825915
18304.7 83.39405835911303
18310.5 83.35593131650454
18316.4 83.31778772319925
18322.3 83.27983757613738
18328.1 83.24192095556698
18334.0 83.20410761942934
18339.8 83.16643760637025
18345.7 83.12898050033436
18351.6 83.09166632354719
18357.4 83.05447462938406
18363.3 83.01748543906096
18369.1 82.98070800111334
18375.0 82.94407221916332
18380.9 82.9076686864098
18386.7 82.87143588860035
18392.6 82.83538462940031
18398.4 82.79947387967358
18404.3 82.76380464989602
18410.2 82.7282164221517
18416.0 82.69282855385403
18421.9 82.6575623998785
18427.7 82.62237691727812
18433.6 82.58736363782114
18439.5 82.55239154232842
18445.3 82.51753121718833
18451.2 82.48264334447197
18457.0 82.44785743239682
18462.9 82.41309488763466
18468.8 82.3783659701525
18474.6 82.34360021812263
18480.5 82.30882932328865
18486.3 82.27407284952365
18492.2 82.23933108868776
18498.0 82.20450434509273
18503.9 82.1697146583772
18509.8 82.13486983200032
18515.6 82.09996004774884
18521.5 82.06512756495682
18527.3 82.03028168953
18533.2 81.99543282368582
18539.1 81.96058800961565
18544.9 81.92583062720901
18550.8 81.89109987555793
18556.6 81.85646350683723
18562.5 81.82197269347675
18568.4 81.78760494676351
18574.2 81.75330296325436
18580.1 81.71924239478317
18585.9 81.68531463020604
18591.8 81.65155806159692
18597.7 81.61801378493756
18603.5 81.58475855615401
18609.4 81.55170208551722
18615.2 81.51884401647865
18621.1 81.48625575459197
18627.0 81.45390358663289
18632.8 81.42178708918746
18638.7 81.38987771207712
18644.5 81.35821337107939
18650.4 81.32672744450856
18656.2 81.29548596941726
18662.1 81.26434264910738
18668.0 81.23335336208606
18673.8 81.20248985353507
18679.7 81.17162398839925
18685.5 81.14090752621796
18691.4 81.11013670102363
18697.3 81.0793353954767
18703.1 81.04856562816389
18709.0 81.01760342531229
18714.8 80.98664502130592
18720.7 80.95546647268951
18726.6 80.92411975290946
18732.4 80.89258738167855
18738.3 80.86084918849055
18744.1 80.82883592477388
18750.0 80.79667931791508
18755.9 80.76415532770001
18761.7 80.73138120540281
18767.6 80.69839200476915
18773.4 80.66510840926634
18779.3 80.631582524351
18785.2 80.59784208555651
18791.0 80.56387008349856
18796.9 80.5296735650344
18802.7 80.49527334979
18808.6 80.46074888092774
18814.5 80.42611065529502
18820.3 80.39143799353674
18826.2 80.35662724342951
18832.0 80.32179261591266
18837.9 80.28696142559633
18843.8 80.25217134504703
18849.6 80.21740569693758
18855.5 80.18275406740128
18861.3 80.14824359660255
18867.2 80.11379538992816
18873.0 80.07952595775127
18878.9 80.04544366972105
18884.8 80.01153449727722
18890.6 79.97781487066082
18896.5 79.94425239492531
18902.3 79.91091530823947
18908.2 79.87776277830393
18914.1 79.84476830150378
18919.9 79.8119947346066
18925.8 79.77938005140689
18931.6 79.74689799595237
18937.5 79.71456000144464
18943.4 79.6823916863347
18949.2 79.65028446997387
18955.1 79.61833268520269
18960.9 79.58645282889287
18966.8 79.55459428086688
18972.7 79.52283436860161
18978.5 79.49108651314477
18984.4 79.45941278565132
18990.2 79.42776686708162
18996.1 79.39612340471166
19002.0 79.36450962890245
19007.8 79.3329037808691
19013.7 79.3013544404971
19019.5 79.26986580175148
19025.4 79.23836445148655
19031.2 79.20693653843637
19037.1 79.17559979651692
19043.0 79.14440281814736
19048.8 79.11328576519361
19054.7 79.0822859049795
19060.5 79.05150307184381
19066.4 79.02080210072201
19072.3 78.99038236511882
19078.1 78.9601434613458
19084.0 78.93018455474385
19089.8 78.90040621311296
19095.7 78.87096902643756
19101.6 78.84177259376598
19107.4 78.81292857472671
19113.3 78.78433502489644
19119.1 78.75602771849124
19125.0 78.72806852405677
19130.9 78.70039325304508
19136.7 78.67303764830655
19142.6 78.6460005692514
19148.4 78.61920532507172
19154.3 78.59267558763393
19160.2 78.56641039203369
19166.0 78.54040885860395
19171.9 78.5145315609641
19177.7 78.48890436424766
19183.6 78.46343924549177
19189.5 78.43808467859866
19195.3 78.41284028513407
19201.2 78.38765752629345
19207.0 78.36256026430557
19212.9 78.33752460224427
19218.8 78.29986555551396
19224.6 78.27476743009188
19230.5 78.24965876665057
19236.3 78.22446326720471
19242.2 78.19928196975609
19248.0 78.17401748002806
19253.9 78.14867939980532
19259.8 78.12325869681285
19265.6 78.097779836504
19271.5 78.07229355639004
19277.3 78.04668646382534
19283.2 78.03377681481288
19289.1 78.00821536630711
19294.9 77.98263419214278
19300.8 77.95700717446702
19306.6 77.93142368749724
19312.5 77.90591883742448
19318.4 77.88044235901124
19324.2 77.85499421105145
19330.1 77.82972432971327
19335.9 77.80454341437276
19341.8 77.7795012590913
19347.7 77.7545976892353
19353.5 77.72986719657389
19359.4 77.70528556498151
19365.2 77.68092863990009
19371.1 77.65680495664691
19377.0 77.63285595193489
19382.8 77.60912659762577
19388.7 77.58555664973909
19394.5 77.56227173460994
19400.4 77.53917016944494
19406.2 77.51620435438168
19412.1 77.49343567097534
19418.0 77.47081666045084
19423.8 77.44834764535447
19429.7 77.4259799288512
19435.5 77.40377662612418
19441.4 77.38156537883843
19447.3 77.35942291916801
19453.1 77.33724993981166
19459.0 77.31512314080165
19464.8 77.29293285997399
19470.7 77.27061765136452
19476.6 77.24821652397867
19482.4 77.22573022906028
19488.3 77.20306310973345
19494.1 77.18025033336899
19500.0 77.15722036898178
19505.9 77.13394992005757
19511.7 77.11045006633275
19517.6 77.0867489648526
19523.4 77.06278172720478
19529.3 77.03852483104227
19535.2 77.01405474613833
19541.0 76.9893064781441
19546.9 76.9644034031248
19552.7 76.93919897196042
19558.6 76.91375044000931
19564.5 76.88809684679704
19570.3 76.86229475446113
19576.2 76.83634400874594
19582.0 76.81018350060111
19587.9 76.78394707941035
19593.8 76.75762654415404
19599.6 76.73123870091533
19605.5 76.70481397707171
19611.3 76.67833023681214
19617.2 76.65188114912726
19623.0 76.62545679317483
19628.9 76.5991353129841
19634.8 76.57291021616831
19640.6 76.54674145797412
19646.5 76.5207080291368
19652.3 76.49487505201944
19658.2 76.469132247045
19664.1 76.4436602122213
19669.9 76.4183544264271
19675.8 76.39329087839289
19681.6 76.3683767284274
19687.5 76.34373722550603
19693.4 76.3193553280018
19699.2 76.29520722420214
19705.1 76.27125686477528
19710.9 76.24760558127535
19716.8 76.22412106514653
19722.7 76.20091172109314
19728.5 76.17789517106588
19734.4 76.1551146588612
19740.2 76.13247208159197
19746.1 76.11007694844419
19752.0 76.08778188671319
19757.8 76.06561465352816
19763.7 76.04362827467033
19769.5 76.02167594974254
19775.4 75.9997863293549
19781.2 75.97790489475362
19787.1 75.95609349994935
19793.0 75.93420508369802
19798.8 75.91217688941184
19804.7 75.89010990482406
19810.5 75.86784674207601
19816.4 75.84540423177155
19822.3 75.82265565291218
19828.1 75.79963019062586
19834.0 75.7762729448645
19839.8 75.75248422377628
19845.7 75.72826974738611
19851.6 75.70351899854792
19857.4 75.678244978613
19863.3 75.65238763038246
19869.1 75.62588227729152
19875.0 75.59871482994647
19880.9 75.57081018891337
19886.7 75.5422188421254
19892.6 75.51289193149044
19898.4 75.48278477776337
19904.3 75.45192566201084
19910.2 75.42040151493734
19916.0 75.38816883613788
19921.9 75.35531469834616
19927.7 75.32181897592876
19933.6 75.28788657892358
19939.5 75.2535421660249
19945.3 75.21885306616475
19951.2 75.1839767067128
19957.0 75.14906459298241
19962.9 75.11418993559283
19968.8 75.07955327093343
19974.6 75.04529490618104
19980.5 75.01152300059377
19986.3 74.9784694766626
19992.2 74.94621923525453
19998.0 74.91496450162653
