Freq "Ceiling Bounce"
20.5078 49.42505522963465
21.9727 50.73850374845607
23.4375 53.56070364322004
24.9023 55.3039009526636
26.3672 57.41430010247164
27.832 59.447181655625585
29.2969 60.876008953284256
30.7617 62.89941187725536
32.2266 64.35508031444361
33.6914 67.27397883684881
35.1563 68.69660313108754
36.6211 70.04904166368982
38.0859 71.13933261444345
39.5508 72.18123247544563
41.0156 75.0366919231593
42.4805 75.24053884654025
43.9453 75.45507723021176
45.4102 76.32855446354301
46.875 78.43157677967888
48.3398 79.35969864949743
51.2695 80.72639367232837
52.7344 81.41321273873685
54.1992 82.0689782939548
55.6641 82.78717098638191
58.5938 83.3598042409882
60.0586 84.23083065351646
62.9883 85.14042908418979
64.4531 85.23199918871128
67.3828 85.4733860582603
68.8477 85.73725591427464
71.7773 86.1919138106152
74.707 86.7990424056308
77.6367 87.2357081702287
79.1016 87.22240063620518
82.0313 87.38373588115006
84.9609 87.66682847012537
87.8906 87.71353809558717
90.8203 87.73849837823995
95.2148 87.77589580446218
98.1445 87.76025851330157
101.074 87.74363749708208
105.469 87.7196779012593
108.398 87.77262081087514
112.793 87.78927518466783
117.188 87.80641356354658
120.117 87.82355233749479
124.512 87.77365087148206
128.906 87.64932509967646
133.301 87.5131483052678
139.16 87.30653485875662
143.555 87.1557155494483
147.949 87.03091815583608
153.809 86.86673842037415
159.668 86.77936679366012
165.527 86.92215866796165
171.387 86.82305124826307
177.246 86.60295583204457
183.105 86.25921202500636
188.965 86.1790972786544
196.289 86.11065627342212
203.613 86.01253765460963
210.938 85.75518915483532
218.262 85.54045591023247
225.586 85.3789714711644
232.91 85.67000887746147
241.699 85.41617348677538
250.488 85.06887454147213
259.277 85.4003764632426
268.066 84.82804671851643
276.855 84.79342987885967
287.109 84.97285137522798
297.363 84.88468499288716
307.617 84.95712749139877
319.336 84.61357728987495
329.59 84.42041851168435
341.309 84.04616713619603
353.027 83.48943375210112
366.211 83.59312775511417
379.395 83.7092312096204
392.578 82.82570374176083
405.762 83.20282075957739
420.41 82.72691374534632
435.059 83.01168963389138
451.172 84.24451165842304
465.82 84.29855705843467
483.398 84.02662692140878
499.512 83.91545250731939
517.09 84.18307372775321
536.133 83.44700563083315
555.176 81.26256507848419
574.219 80.74159244648324
594.727 82.2892773386726
615.234 84.52186604922873
637.207 84.31681553788104
659.18 83.60349490616395
682.617 82.73407617446607
707.52 82.10634313807384
732.422 81.70756130362038
757.324 82.81780806565365
785.156 84.1948289455119
811.523 83.15602865675945
840.82 83.20548042987004
870.117 82.24005094272968
900.879 82.59005051672123
933.105 81.99171848084228
965.332 81.9145929169465
1000.49 81.04179347845873
1035.64 80.90077628029763
1072.27 80.11865204489264
1108.89 79.99971400171634
1148.44 81.76954143556226
1189.45 82.56966667550553
1230.47 82.06256868827198
1274.41 81.33508335984718
1319.82 80.73233702675061
1366.7 80.51290825938754
1413.57 80.16208248875357
1463.38 79.14136134512792
1516.11 78.47816934998103
1568.85 76.26759992987061
1624.51 75.63894084450212
1681.64 76.0370170212876
1741.7 75.60083341518542
1803.22 74.66352070605886
1866.21 73.87021084581049
1932.13 72.84834744899298
1999.51 70.99355539418278
2069.82 71.67648392462546
2143.07 71.43716286933966
2219.24 72.35843123045913
2296.88 75.48389103867805
2378.91 74.47173872091561
2462.4 74.70817625218679
2548.83 76.22308010022311
2639.65 77.69680895328648
2731.93 78.51919875210795
2828.61 80.25635866068912
2928.22 80.66367373596385
3030.76 81.23568644367072
3137.7 81.6340216151641
3249.02 81.61684648578118
3363.28 81.58216465630525
3481.93 81.56909209114151
3604.98 81.67520604447796
3732.42 82.62418440883117
3864.26 83.14237389094795
4000.49 83.29215265536082
4141.11 83.4432246914129
4287.6 82.81189764305377
4438.48 83.16787987842044
4595.21 82.81813182515698
4756.35 82.90474892715368
4924.8 83.27779746737167
5097.66 83.11431588678809
5277.83 83.26005581869474
5463.87 83.31979431648914
5657.23 83.10034079729213
5856.45 82.9033959504509
6062.99 83.18123179727222
6276.86 83.17401469732454
6498.05 82.9927701798178
6726.56 82.58885707606872
6963.87 82.19353945367858
7209.96 81.83825962622605
7464.84 81.23351923839583
7727.05 80.70808514454748
7999.51 80.44200496667347
8282.23 80.25250874618544
8573.73 79.93315104195584
8876.95 79.54843198350208
9188.96 79.12732563815732
9514.16 78.86228330875198
9849.61 78.44330251490273
10196.8 77.78631875877808
10555.7 77.00094925076621
10927.7 76.47519101246068
11313.0 76.87335527730852
11712.9 77.69620867959496
12126.0 77.81359119531639
12553.7 78.09821741236783
12996.1 77.98461040699095
13454.6 77.08275714488992
13929.2 75.07896100199332
14419.9 73.29528356627743
14928.2 71.05259323207693
15455.6 69.31541331168279
16000.5 67.47837687243789
16564.5 69.44076570761244
17148.9 71.20490919406977
17752.4 71.76893454164694
18379.4 70.66098272759085
19026.9 69.16999796777868
19697.8 67.7787991671703
19999.5 66.54890382653305
