Freq "Listening Window"
20.5078 37.67406896226214
21.9727 41.70456284425225
23.4375 46.39301161440446
24.9023 48.01135340096474
26.3672 49.059279459288206
27.832 52.01110290792343
29.2969 53.03210348147084
30.7617 53.84837019394942
32.2266 56.110447321866104
33.6914 57.761676987143744
35.1562 59.20810569930224
36.6211 60.952129978171826
38.0859 61.5226628765824
39.5508 63.0784872193957
41.0156 63.96291554579089
42.4805 65.09555709668501
43.9453 66.04863040675494
45.4102 67.02909252678413
46.875 67.94532812643098
48.3398 68.59528483618969
51.2695 69.94087784558072
52.7344 70.58710385412112
54.1992 71.0457456566485
55.6641 71.50314696698604
58.5938 72.29460430421352
60.0586 72.68300003449393
62.9883 73.44375715230046
64.4531 73.74650025796423
67.3828 74.24479195491382
68.8477 74.43964888635455
71.7773 75.04526915279716
74.707 75.65597562301679
77.6367 75.92875155938007
79.1016 76.0942035770597
82.0312 76.73703250078879
84.9609 77.10793566609158
87.8906 77.0550301227561
90.8203 77.75763076038656
95.2148 78.2859314414351
98.1445 78.61649679594896
101.074 79.02827804416289
105.469 79.34964046606974
108.398 79.68056946684533
112.793 80.03085193206638
117.188 80.50648168375534
120.117 80.63150687433853
124.512 80.85716926603386
128.906 81.0352903616324
133.301 81.27699163167222
139.16 81.21915498865049
143.555 81.37764342929633
147.949 81.58013288213793
153.809 81.6115175493363
159.668 81.63358093853375
165.527 81.62058236414862
171.387 81.59254322088682
177.246 81.52435431262398
183.105 81.38060869477701
188.965 81.35355975122489
196.289 81.48408999760434
203.613 81.31956231442116
210.938 81.1142754477781
218.262 80.98728388500405
225.586 80.9006036991498
232.91 80.8503269375704
241.699 80.67646705567958
250.488 80.58972530525087
259.277 80.55344716986737
268.066 80.35171881588471
276.855 80.19476690090437
287.109 80.25753122242277
297.363 80.0377112198467
307.617 80.06000953807032
319.336 79.81279691356556
329.59 79.76420081901195
341.309 79.55294430808178
353.027 79.5478607287465
366.211 79.50251582000787
379.395 79.62509334021456
392.578 79.24716525289472
405.762 79.09790247417564
420.41 79.39427381074954
435.059 78.96961753142277
451.172 79.39745130756697
465.82 78.94476306834345
483.398 78.80452706423833
499.512 78.51102810711181
517.09 77.92212159042941
536.133 76.46494310423775
555.176 76.73174369180211
574.219 83.8294995580024
594.727 84.84784952117326
615.234 83.31633074702546
637.207 82.1929369732484
659.18 81.35882779134545
682.617 81.37215073102877
707.52 80.82411083514856
732.422 80.75868767299421
757.324 80.49887952076006
785.156 80.11459616687104
811.523 80.17529049329544
840.82 80.6251260604415
870.117 80.45158834138678
900.879 81.09065985904027
933.105 81.0745054318767
965.332 81.428669792178
1000.49 81.97706145414006
1035.64 81.63667534603795
1072.27 75.76745034884237
1108.89 75.65356300931188
1148.44 78.64629283283531
1189.45 80.40784125068011
1230.47 81.1397968127578
1274.41 82.30143998995747
1319.82 81.38088837316612
1366.7 79.67512480211609
1413.57 79.06698235832862
1463.38 79.45256339101368
1516.11 84.0167237039372
1568.85 84.58419360956228
1624.51 83.48240317209536
1681.64 82.57761241953693
1741.7 82.9884442814026
1803.22 84.04299537497118
1866.21 83.82753162591425
1932.13 82.4996158920528
1999.51 81.75587675426551
2069.82 80.04064065585065
2143.07 81.39093283261387
2219.24 81.03559324125794
2296.88 80.06703722648109
2378.91 79.55423504442268
2462.4 80.30293378035051
2548.83 81.2498619451092
2639.65 80.38370599633811
2731.93 80.47237142626582
2828.61 80.84535687131208
2928.22 81.27492245960718
3030.76 81.6472052883523
3137.7 81.88540050436983
3249.02 82.10348052753798
3363.28 81.04875597821466
3481.93 80.30194612886551
3604.98 81.02919547255019
3732.42 80.77413685632398
3864.26 79.95301636061365
4000.49 80.9987807300808
4141.11 80.81155098544218
4287.6 81.16452235531061
4438.48 80.89607243815217
4595.21 81.692896516048
4756.35 80.68217882928337
4924.8 81.07595308503984
5097.66 81.56978070376908
5277.83 81.86799555469149
5463.87 81.74914787966055
5657.23 82.82109211275124
5856.45 82.54650467089681
6062.99 83.18081468671562
6276.86 83.01811331245128
6498.05 82.93803144372062
6726.56 82.9723843006671
6963.87 82.44791056095494
7209.96 82.91671905379172
7464.84 82.43450094388695
7727.05 82.42837979277363
7999.51 82.24952018336727
8282.23 82.81891326627549
8573.73 83.01315386383833
8876.95 82.95371801232857
9188.96 83.33527363166459
9514.16 83.04587695430453
9849.61 82.72671181066845
10196.8 82.6421311611158
10555.7 82.44833642979913
10927.7 82.33816431485816
11313.0 82.55241574455889
11712.9 82.82825869612563
12126.0 82.8165178812572
12553.7 82.68502139457819
12996.1 82.53188582445725
13454.6 82.36581433689436
13929.2 82.13263849241534
14419.9 82.07925443614036
14928.2 82.28614028860966
15455.6 82.23458673967565
16000.5 82.09994073114618
16564.5 81.6638666105295
17148.9 80.95813663773754
17752.4 80.31824261267725
18379.4 79.69312842177757
19026.9 79.4429401904034
19697.8 79.55722180984647
19999.5 79.58754604939509
