Freq "Floor Bounce"
20.5078 55.44895560049754
21.2402 57.22277153398183
21.9727 57.97257273936246
22.7051 58.440232341884936
23.4375 58.59441668189747
24.1699 59.43478924756782
25.6348 60.64345662633063
26.3672 61.839128327637226
27.0996 62.764071947647054
27.832 62.98051705912188
29.2969 64.28737024757304
30.0293 64.52160357818691
31.4941 66.94897431294244
32.2266 67.5685513449253
33.6914 69.23881154064063
34.4238 69.88121838696246
35.8887 71.402525407178
37.3535 72.90189243054071
38.8184 74.156780501965
39.5508 74.7337692308755
41.0156 76.07620932192053
42.4805 77.34957291735988
43.9453 78.35005562085925
45.4102 79.2104982602362
47.6074 80.28706365735557
49.0723 80.89611179084135
50.5371 81.38087208002428
52.7344 82.00030402914501
54.1992 82.3730591397586
56.3965 82.80827929572304
58.5938 83.21689530701042
60.0586 83.41453922294305
62.2559 83.79952600941934
64.4531 84.11004210871539
66.6504 84.37269591956684
69.5801 84.80316308197663
71.7773 85.06855254314713
73.9746 85.28670579129995
76.9043 85.64652390880903
79.834 85.991430265997
82.7637 86.26990810174098
85.6934 86.5648936629969
88.623 86.92560668738679
91.5527 87.2138416965881
94.4824 87.52537885171492
98.1445 87.8505170227193
101.807 88.09492309508593
105.469 88.27187732907772
109.131 88.46236856212684
112.793 88.62984670582406
116.455 88.90396249781793
120.85 89.24165596474695
125.244 89.55592150079521
129.639 89.59426264728768
134.033 89.49336646100272
138.428 89.60899806023887
143.555 89.8485495136864
148.682 89.98898793207302
153.809 89.98037805329693
159.668 89.8209353204679
164.795 90.02016796027007
170.654 90.18083433141223
176.514 89.87788238841027
183.105 89.45765247755295
189.697 89.56863954529403
196.289 89.39975005395831
202.881 89.54613305174368
210.205 89.40986790403835
217.529 89.15357241265303
225.586 89.1905278440123
232.91 89.28648536195979
241.699 89.0293029271262
249.756 89.43955687299625
258.545 89.48618928704867
268.066 89.1402691622505
277.588 89.05729798182918
287.109 89.1004786627758
297.363 88.81019390943742
307.617 88.97448974901302
318.604 88.74073245691976
329.59 89.25066894999291
341.309 88.7031477286871
353.76 88.62839718718965
366.211 88.53151346486827
378.662 88.35510939783616
392.578 88.30363042684313
405.762 88.36381139168537
420.41 88.42010395541264
435.059 88.5375890554602
450.439 87.98087725002318
466.553 87.86575769660384
482.666 88.50780864082414
500.244 87.60476448740197
517.822 87.89680763771365
536.133 88.23387996812315
554.443 87.92576159863167
574.219 87.86337852606015
594.727 87.63196343805612
615.234 87.35348195214819
637.207 87.80737581104475
659.912 86.94282890205974
683.35 87.14441976114003
706.787 86.67715649082187
731.689 86.80990367778831
758.057 86.79143456007081
784.424 86.676006374657
812.256 85.8134430465647
840.82 86.3784908975869
870.85 85.82771739682009
901.611 86.01709370768296
933.105 86.3403118621353
966.064 86.64083122745183
999.756 87.00405614212367
1034.91 86.83492178203811
1071.53 87.58679719651131
1109.62 87.20403238530194
1148.44 87.22417650884871
1189.45 87.18506507628683
1231.2 87.0881809157506
1274.41 86.56241961320026
1319.82 85.67448949719024
1365.97 84.73951917663543
1414.31 83.53768744649345
1464.11 82.25898547639123
1515.38 80.90531352080136
1568.85 80.3436280535299
1624.51 79.25774144927395
1681.64 81.17993568421416
1740.97 81.36102143572997
1802.49 81.35533446632705
1866.21 81.11990386915109
1932.13 81.3803754451053
2000.24 82.71066488406689
2070.56 83.30898999711015
2143.8 83.96294423228696
2219.24 84.41932340162401
2297.61 84.57259452812814
2378.17 84.75839271581124
2462.4 85.15806703306127
2548.83 85.01207299290252
2638.92 85.19397856049552
2731.93 85.22773504968997
2828.61 85.32269011487622
2928.22 85.50348475117029
3031.49 85.77632143579507
3138.43 86.02779698299291
3249.02 86.50575492359701
3363.28 87.02466880745519
3481.93 87.29677517464205
3604.98 87.65258660489211
3732.42 87.75235643222182
3863.53 87.81034381956816
3999.76 87.80159020495361
4141.11 87.91071486883524
4286.87 87.37083340219934
4438.48 86.89496986154771
4594.48 87.00306969245314
4757.08 87.24122070295152
4924.8 87.69441290035057
5098.39 87.78206328494241
5277.83 87.9492856565574
5463.87 88.27182340939406
5656.49 88.25838377819098
5856.45 88.49034494023748
6062.99 88.25980380366927
6276.86 88.38722975027102
6498.05 88.18583599191238
6727.29 87.95673485965716
6964.6 87.96113044962063
7209.96 87.91100810915921
7464.11 87.80527708373768
7727.78 87.88101134626567
8000.24 87.97623267544306
8282.23 87.93186940369097
8574.46 87.92124724918337
8876.22 87.87847801196244
9189.7 87.95399981966973
9513.43 87.85365288103908
9848.88 87.86606233062656
10196.8 87.80850999242686
10556.4 87.69542399519547
10928.5 87.39721973183583
11313.7 86.64733544977139
11712.9 86.04008791305844
12126.0 87.22044596609331
12553.7 87.13987187571938
12996.1 85.73673735469725
13454.6 86.16773477137941
13928.5 85.87358668894383
14419.9 85.92999939499249
14928.2 87.13354612605224
15454.8 87.30371158062175
15999.8 89.11910510012088
16564.5 89.56079774641832
17148.2 88.41963027465214
17753.2 86.33810161360798
18379.4 84.69589185600746
19027.6 83.26289381018758
19698.5 80.5229916055511
19999.5 78.95109804965206
