Freq "Ceiling Bounce"
20.5078 77.68627004287626
21.9727 79.25021360698896
23.4375 81.34444510526792
24.9023 83.34737276624497
26.3672 84.80371950898068
27.832 86.57712150332712
29.2969 87.79176453491199
30.7617 89.16828120441866
32.2266 90.4562681891313
33.6914 91.69806444262561
35.1562 92.97268799562987
36.6211 94.00548789607429
38.0859 95.0547225604281
39.5508 95.65709403217453
41.0156 96.13480570380868
42.4805 96.3274375648179
43.9453 96.39262819034218
45.4102 96.34504135030791
46.875 96.26562296783602
48.3398 96.18392608232514
51.2695 96.04812715095929
52.7344 95.99606798143819
54.1992 95.99347855868155
55.6641 95.97024308101247
58.5938 96.02189021323095
60.0586 96.093018875222
62.9883 96.19422544282948
64.4531 96.2595321479523
67.3828 96.45709558334377
68.8477 96.4614651926868
71.7773 96.4704750296455
74.707 96.5717544512202
77.6367 96.5787761904352
79.1016 96.61015241196029
82.0312 96.60860474685238
84.9609 96.68917882773297
87.8906 96.80372968294127
90.8203 96.87880953243088
95.2148 96.91495421699604
98.1445 96.85419358282569
101.074 96.91607334446032
105.469 96.96228091413899
108.398 96.83297569636142
112.793 96.46683818599853
117.188 96.56667408264825
120.117 96.4628997212826
124.512 96.25166179120218
128.906 96.32656842655764
133.301 96.39625829398392
139.16 96.47930105832154
143.555 96.25797054524392
147.949 96.04704374565068
153.809 95.94916377448492
159.668 95.57834335734742
165.527 95.29964253939615
171.387 95.81819966544498
177.246 96.5823315895091
183.105 96.15653962312585
188.965 95.58790698646449
196.289 95.33544548746593
203.613 95.05494645496428
210.938 95.02816378615056
218.262 95.09239353496096
225.586 94.86731811618914
232.91 94.71904247460738
241.699 94.91023247968891
250.488 94.47667451524482
259.277 94.91296289650245
268.066 95.24681693703141
276.855 94.6669079437696
287.109 94.55768997589453
297.363 94.8929105759394
307.617 95.3044391244938
319.336 94.86869500261626
329.59 94.92165586617112
341.309 94.94691024392463
353.027 95.1638965937428
366.211 95.09546766124711
379.395 95.19896265616258
392.578 95.0749922751895
405.762 95.3639138037817
420.41 95.20453356968865
435.059 94.34092210364997
451.172 94.68008819988671
465.82 94.86126493514776
483.398 94.4690452034243
499.512 94.85598719137639
517.09 94.49155188967465
536.133 93.70559706927887
555.176 94.1570326222769
574.219 93.63754312972043
594.727 93.76200099184511
615.234 93.60158560657676
637.207 93.81860055988487
659.18 94.17061696535448
682.617 94.35608195011604
707.52 94.3778647686108
732.422 94.27282046883074
757.324 94.3879213736917
785.156 94.91499585584221
811.523 94.48443590633457
840.82 94.00604568778054
870.117 93.52402973834076
900.879 93.83535188095041
933.105 93.79714578714164
965.332 93.32608227778083
1000.49 94.13343756561378
1035.64 93.5804090028863
1072.27 93.56171970706055
1108.89 93.51160502868782
1148.44 94.00453354355533
1189.45 93.6876100940086
1230.47 93.03344970189848
1274.41 92.20534798963196
1319.82 92.36321332316082
1366.7 92.35803067924306
1413.57 92.13398880258295
1463.38 91.94264096394859
1516.11 91.7982120651047
1568.85 91.54451593909683
1624.51 90.76792126176888
1681.64 90.40581403993254
1741.7 90.51298273095183
1803.22 91.59724485766142
1866.21 91.26931488234571
1932.13 90.56008974594117
1999.51 91.24746074012567
2069.82 91.86159719970048
2143.07 92.67638806735101
2219.24 93.32152766948349
2296.88 93.24541196420323
2378.91 94.28375180359664
2462.4 93.96701969595763
2548.83 93.8593462329825
2639.65 93.43954473300478
2731.93 93.50896503290558
2828.61 93.3313543470499
2928.22 93.63851903469676
3030.76 93.39979809672583
3137.7 93.94228519601117
3249.02 93.89359756863298
3363.28 94.16084989269879
3481.93 93.45559312847908
3604.98 93.1976031853096
3732.42 92.33904091388852
3864.26 92.66905695090743
4000.49 92.44628449253875
4141.11 92.55281420740297
4287.6 92.07117057047302
4438.48 92.04808262154212
4595.21 91.9637794035972
4756.35 91.82522713632078
4924.8 91.06917776707881
5097.66 90.94072653219322
5277.83 90.88145988935602
5463.87 91.05684821526413
5657.23 91.24973381477997
5856.45 91.02693147325867
6062.99 90.9772542089355
6276.86 91.11179181459914
6498.05 91.23036620150565
6726.56 91.54242660659665
6963.87 91.56422082361183
7209.96 91.53506300711969
7464.84 91.30524992428928
7727.05 91.30316800827853
7999.51 91.21342858572832
8282.23 91.06462821651472
8573.73 90.9353446325539
8876.95 90.94107748929704
9188.96 90.75968638321255
9514.16 90.58000786668723
9849.61 90.29289244722787
10196.8 89.95780395986665
10555.7 89.63145162588877
10927.7 89.23585120072097
11313.0 88.89554240459321
11712.9 88.45217868367969
12126.0 87.74391012495403
12553.7 86.9660687742343
12996.1 86.43594639375539
13454.6 86.12569005362634
13929.2 86.28026918587321
14419.9 85.84911952430456
14928.2 85.7459185860036
15455.6 85.62603241635651
16000.5 85.80893364519635
16564.5 85.52459139749023
17148.9 85.01467225849535
17752.4 84.78793247178224
18379.4 84.5508392971821
19026.9 84.18727935868071
19697.8 84.19521902990404
19999.5 84.1789936062358
