Freq "Side Wall Bounce"
22.4 28.182639837480266
23.0 29.949456193006725
23.6 31.316781083512538
24.0 32.43390114015962
25.0 33.53643180836103
25.8 34.936431808361036
26.5 36.13643180836105
27.2 37.271923280421746
28.0 38.42470878935187
29.0 39.824708789351845
30.0 41.340659166184636
30.7 42.39380645014809
31.5 43.54790552544118
32.5 44.78183533623117
33.5 46.172068974651225
34.5 47.7463179398551
35.5 48.76495920565905
36.5 49.85845305073383
37.5 51.29867569197724
38.7 52.535919805393306
40.0 53.53347076710746
41.2 54.67173940565904
42.5 55.87400497774331
43.7 56.7740049777433
45.0 57.531636311960085
46.2 58.573508512102094
47.5 59.33163631196008
48.7 60.08887301844048
50.0 60.728431371736264
51.5 61.31006113976663
53.0 61.86622028600212
54.5 62.26622028600211
56.0 62.70412263968751
58.0 63.04484926155298
60.0 63.324310170823
61.5 63.624310170822994
63.0 63.82431017082298
65.0 64.04396845048444
67.0 64.24396845048445
69.0 64.38619527951268
71.0 64.5262051539738
73.0 64.6262051539738
75.0 64.68806490987276
77.5 64.74813545530847
80.0 64.74813545530847
82.5 64.70739643702754
85.0 64.70739643702754
87.5 64.6270895747021
90.0 64.60871365415902
92.5 64.58751894170378
95.0 64.60920611180408
97.5 64.7092061118041
100.0 64.8284439705029
103.0 65.12844397050291
106.0 65.50920611180408
109.0 66.0284439705029
112.0 66.52844397050289
115.0 67.00920611180408
118.0 67.4092061118041
122.0 67.76670626616769
125.0 68.10920611180407
128.0 68.50920611180409
132.0 68.95034056676337
136.0 69.30920611180409
140.0 69.5722137210486
145.0 69.63029550491235
150.0 69.5722137210486
155.0 69.43441685017132
160.0 69.27680320017619
165.0 69.13575638562658
170.0 69.02070188121242
175.0 68.94079116945021
180.0 68.98505351870533
185.0 69.02513717399445
190.0 68.96813431484034
195.0 68.91313953999232
200.0 68.93326375905616
206.0 68.99671297694124
212.0 68.96244965331123
218.0 69.06244965331123
224.0 69.56244965331123
230.0 70.16244965331124
236.0 70.60441167124047
240.0 70.7863606964899
250.0 70.77057759183278
258.0 70.69285514438188
265.0 70.71715136362974
272.0 70.64187360004246
280.0 70.60909764670198
290.0 70.53444088149344
300.0 70.45690409354569
307.0 70.3825528380831
315.0 70.25082539686451
325.0 70.13123983838356
335.0 69.9939907783561
345.0 69.85082539686451
355.0 69.73631489701509
365.0 69.6363148970151
375.0 69.58204584418486
387.0 69.59503477972531
400.0 69.65189690983347
412.0 69.76301026713327
425.0 69.90818718143876
437.0 70.08384062010086
450.0 70.24276137770714
462.0 70.36133279911998
475.0 70.42067426217552
487.0 70.37745503330474
500.0 70.26648157916894
515.0 70.05212456066943
530.0 69.72671199737941
545.0 69.2805769981236
560.0 68.66156919463204
580.0 67.96513771327695
600.0 67.17368076637945
615.0 66.35848035051079
630.0 65.60248339232544
650.0 65.02322903294247
670.0 64.75294531692136
690.0 64.87113031729349
710.0 65.30279770259772
730.0 65.82841941240737
750.0 66.15169736034834
775.0 66.4353227946134
800.0 66.4427371888843
825.0 66.45077280938094
850.0 66.3883013693332
875.0 66.24636276880778
900.0 66.002289441287
925.0 65.77675733607269
950.0 65.53528498874503
975.0 65.42490797516164
1000.0 65.41470355804717
1030.0 65.49203805085752
1060.0 65.45117632049754
1090.0 65.42593084121297
1120.0 65.42087446726869
1150.0 65.45578830419203
1180.0 65.47732958670427
1220.0 65.49317889465952
1250.0 65.45750242047883
1280.0 65.43017427011063
1320.0 65.29170490191858
1360.0 65.08448891163836
1400.0 64.86432116052121
1450.0 64.5965512579338
1500.0 64.40125768660756
1550.0 64.09844173973934
1600.0 63.80880930873322
1650.0 63.444075062193335
1700.0 63.11555049263643
1750.0 62.8091995667622
1800.0 62.229199540713196
1850.0 61.62738622747469
1900.0 61.026595952589744
1950.0 60.680593914721854
2000.0 60.42366854104492
2060.0 60.355085167933055
2120.0 60.3131453659646
2180.0 60.38441624848092
2240.0 60.600598821928074
2300.0 60.83814481808342
2360.0 60.901822413593536
2400.0 61.101907226627745
2500.0 61.48486747033111
2580.0 61.791137062991524
2650.0 62.1596759480049
2720.0 62.49892221697391
2800.0 62.88389430831241
2900.0 63.32087690532751
3000.0 63.60556579443066
3070.0 63.59972437060256
3150.0 63.450260185618944
3250.0 63.46101946157367
3350.0 63.460789692499134
3450.0 63.297936849302616
3550.0 63.050588706943785
3650.0 62.70252358923207
3750.0 62.3845914137883
3870.0 62.212250607703055
4000.0 62.34280220817591
4120.0 62.19445815528792
4250.0 62.126746017554936
4370.0 62.291408691458216
4500.0 62.58253035808934
4620.0 63.03879689695421
4750.0 63.43287758020152
4870.0 63.33328107668379
5000.0 63.183617363005084
5150.0 63.157075498766346
5300.0 63.270150316385255
5450.0 63.29203238740217
5600.0 63.385884806247276
5800.0 63.59163175056541
6000.0 63.97409927068698
6150.0 63.97746905086761
6300.0 63.794138316185
6500.0 63.312516718136166
6700.0 62.75566173353282
6900.0 62.48134747216564
7100.0 62.08291016832989
7300.0 61.61855222061418
7500.0 61.26488150642791
7750.0 61.155219823201605
8000.0 61.475129906674155
8250.0 61.949767821169914
8500.0 62.42248947694122
8750.0 62.46750876468424
9000.0 62.707374082429936
9250.0 62.7357577042679
9500.0 62.20421665783894
9750.0 61.62575849443482
10000.0 61.317896667839605
10300.0 60.9683569280929
10600.0 60.42259032610123
10900.0 60.140261933969086
11200.0 59.855726453401616
11500.0 59.83526205327159
11800.0 60.34720643067172
12200.0 60.938399054620334
12500.0 61.92821108797459
12800.0 63.27272915847777
13200.0 64.44813126578835
13600.0 64.78927036208039
14000.0 64.77657029017925
14500.0 64.57251104720628
15000.0 64.36854053499543
15500.0 64.19916828309302
16000.0 64.28084277466468
16500.0 63.77304623244599
17000.0 62.63916472427455
17500.0 62.626324614660675
18000.0 63.5809645482767
18500.0 64.05416467773134
19000.0 63.99118522887032
19500.0 63.194324032290865
