Freq "Sound Power DI"
20.5078 38.840447555962555
21.2402 38.884841886090555
21.9727 38.660197341121574
22.7051 38.82260649594147
23.4375 38.76193086847775
24.1699 38.93274017626416
25.6348 39.291179153245594
26.3672 39.266614515232064
27.0996 39.37920880791853
27.832 39.47844313463689
29.2969 39.671525894974536
30.0293 39.742763547776335
31.4941 39.75071744873408
32.2266 39.81229529528301
33.6914 39.86385930216106
34.4238 39.879581351301354
35.8887 39.93032738713299
37.3535 39.98419842828237
38.8184 40.03520901385977
39.5508 40.05404422542853
41.0156 40.07075745508823
42.4805 40.11200809862491
43.9453 40.12935655118187
45.4102 40.146309401709274
47.6074 40.16433707711242
49.0723 40.1843926948514
50.5371 40.19123353952463
52.7344 40.254465560248704
54.1992 40.256393148243276
56.3965 40.293482919286646
58.5938 40.31416990931319
60.0586 40.29700496043827
62.2559 40.3125344446303
64.4531 40.330659322462
66.6504 40.28938834301272
69.5801 40.30567025206247
71.7773 40.36443118356546
73.9746 40.3678108201848
76.9043 40.390823370512635
79.834 40.406793424283535
82.7637 40.44248021201595
85.6934 40.47102443277802
88.623 40.46498731793926
91.5527 40.48774937060692
94.4824 40.48113583765965
98.1445 40.48281897765365
101.807 40.50023359219104
105.469 40.583699469764056
109.131 40.64686576961141
112.793 40.659930491230796
116.455 40.71739946051099
120.85 40.81197234710619
125.244 40.82475526608059
129.639 40.86148502069517
134.033 40.867161316687586
138.428 40.88039603380943
143.555 40.9614857767461
148.682 40.841815822307666
153.809 40.85849929490439
159.668 40.96457215079262
164.795 41.11231590557482
170.654 41.100236661932655
176.514 40.92383102668903
183.105 41.14336340426944
189.697 41.234051848541455
196.289 41.476148434660175
202.881 41.532501645569354
210.205 41.507139219601584
217.529 41.97341045927091
225.586 41.7166010217216
232.91 41.798762159554585
241.699 41.999833650082195
249.756 42.066081789595216
258.545 41.50938779411531
268.066 41.839657660358284
277.588 42.503971359602005
287.109 42.67081263087434
297.363 43.2426959030162
307.617 42.74523575090585
318.604 42.75555856378237
329.59 42.46557646385956
341.309 42.38366046201217
353.76 43.18825373511747
366.211 43.62766206324821
378.662 43.75821011225017
392.578 44.07567440839222
405.762 44.13741167630283
420.41 43.96276038271921
435.059 43.426933422057516
450.439 43.36583770913562
466.553 44.220561238004876
482.666 44.56935559560907
500.244 44.110912551287356
517.822 44.011433677971894
536.133 43.66793717947088
554.443 43.248659941015816
574.219 43.50913984067181
594.727 43.988985456522485
615.234 44.1509969688733
637.207 43.98137535459753
659.912 44.57432165558613
683.35 44.782321594797395
706.787 44.802334063891635
731.689 45.033425911595586
758.057 45.206778748030985
784.424 45.45266615029455
812.256 45.30277901420236
840.82 46.1448058529855
870.85 45.79127337078951
901.611 46.40843726269367
933.105 46.61349035675275
966.064 46.42366861009552
999.756 46.223530643896595
1034.91 46.574155765864404
1071.53 46.40387949786448
1109.62 46.39193964249425
1148.44 46.64492682681667
1189.45 47.08138692395137
1231.2 47.513360017779746
1274.41 47.257957232834045
1319.82 47.70281759680377
1365.97 47.571848179224375
1414.31 47.723417297707854
1464.11 47.861740332357726
1515.38 48.01515651313895
1568.85 47.42554888991674
1624.51 47.6703058225261
1681.64 47.39081503689978
1740.97 47.39233893108302
1802.49 47.28015601230858
1866.21 47.34391349367621
1932.13 47.82868489259404
2000.24 47.66345882260872
2070.56 47.0845793405894
2143.8 46.63523142053995
2219.24 46.90235250055186
2297.61 46.554909345141354
2378.17 46.10278509601005
2462.4 45.648413667449134
2548.83 45.7690295291807
2638.92 45.4973674212974
2731.93 45.59428901590556
2828.61 45.986633242505874
2928.22 45.821810419861606
3031.49 45.84111319219363
3138.43 45.821808068962156
3249.02 46.17874154247127
3363.28 46.03651613866221
3481.93 46.11301368971857
3604.98 46.32450779452638
3732.42 46.26175676709731
3863.53 46.47350243354991
3999.76 46.36630268538383
4141.11 46.36359925629296
4286.87 46.31487517515167
4438.48 46.16182808435718
4594.48 46.27134112406954
4757.08 45.878505665237626
4924.8 45.94215416166618
5098.39 45.978855132019746
5277.83 46.3766216576645
5463.87 46.45183522797264
5656.49 46.76085040092009
5856.45 46.801012580283015
6062.99 46.47948803009659
6276.86 46.48584733069062
6498.05 46.843921492718096
6727.29 46.69546899901236
6964.6 46.850948129453826
7209.96 46.8258939377431
7464.11 46.81358337450328
7727.78 46.90219191304749
8000.24 46.8441192608076
8282.23 47.178976316954376
8574.46 47.411533061851145
8876.22 47.62563709226572
9189.7 47.94606294036065
9513.43 48.114093903943726
9848.88 48.265445762995355
10196.8 48.40657529071419
10556.4 48.62578842277097
10928.5 48.84857096768155
11313.7 49.00227302252223
11712.9 49.14666171228309
12126.0 49.38944787634449
12553.7 49.74518995798414
12996.1 49.95107128318564
13454.6 50.0763309016006
13928.5 50.15719093507472
14419.9 50.30783255105119
14928.2 50.39057124742014
15454.8 50.446187705718984
15999.8 50.40706098236892
16564.5 50.214055462035645
17148.2 50.040296440872524
17753.2 49.90907935517558
18379.4 49.72864874509581
19027.6 49.3684693223083
19698.5 49.09679918445222
19999.5 49.02253792017875
