Freq "Sound Power DI"
20.5078 44.04943070582371
21.9727 44.14203440963192
23.4375 39.75965773477154
24.9023 38.85655598001037
26.3672 40.993803253496765
27.832 42.09648485198261
29.2969 43.2787030701204
30.7617 42.403424492892526
32.2266 41.39371565430437
33.6914 41.163377433332954
35.1562 41.56368717644423
36.6211 41.48323300594737
38.0859 40.806768588854055
39.5508 40.272895144781
41.0156 40.446685620843866
42.4805 40.5760806867883
43.9453 40.86662994270203
45.4102 41.33320734026822
46.875 41.27472248741741
48.3398 41.12185336255371
51.2695 40.72682167717197
52.7344 40.77805527008006
54.1992 40.99212522075982
55.6641 40.14602480831182
58.5938 40.41198463607782
60.0586 40.49168722621819
62.9883 40.2701958248785
64.4531 40.25247438508825
67.3828 40.096126455024105
68.8477 40.074944614024716
71.7773 40.23622961815872
74.707 40.238902734131685
77.6367 40.18297301315944
79.1016 40.13613048894828
82.0312 40.0442789819749
84.9609 39.97616330836051
87.8906 40.14213914406166
90.8203 39.79893190333547
95.2148 39.91545784438003
98.1445 39.89474835672985
101.074 39.96119607042331
105.469 40.000997330127205
108.398 39.95708497595842
112.793 39.901469565000525
117.188 39.88887332676107
120.117 39.868078206492044
124.512 39.7951708978201
128.906 39.74461465373237
133.301 39.71720043692093
139.16 39.671024257466556
143.555 39.64758410966556
147.949 39.684806516228306
153.809 39.72382778365517
159.668 39.699988807412
165.527 39.65878139620132
171.387 39.7768931651258
177.246 39.87594226275496
183.105 39.797497579734554
188.965 39.94998622543818
196.289 40.08528768055267
203.613 40.28084003871817
210.938 40.33981047504716
218.262 40.18621581047087
225.586 40.453194751439696
232.91 40.74315301971626
241.699 40.7388284063571
250.488 41.085456013459634
259.277 41.12954180263411
268.066 41.376775110678096
276.855 41.53394047830595
287.109 41.29670794617499
297.363 41.93333938643008
307.617 41.98824777742158
319.336 42.21437148585383
329.59 42.237346435792944
341.309 42.49995814319371
353.027 42.696045271896025
366.211 43.076933985825804
379.395 42.726648226843864
392.578 42.30302485314843
405.762 42.43535571430611
420.41 42.22878388037846
435.059 42.08473335136604
451.172 42.891148199104464
465.82 42.64810084087986
483.398 42.34305057873851
499.512 43.2505280964745
517.09 43.45410316134577
536.133 43.83193093556149
555.176 43.80038760952118
574.219 44.19265234484973
594.727 44.45997969213785
615.234 44.00406458499262
637.207 43.928180752732146
659.18 44.187681040253096
682.617 44.08297186461455
707.52 44.72221042346547
732.422 44.975273049061556
757.324 45.002546529653344
785.156 45.11970095867602
811.523 45.24955317724093
840.82 45.33167950404115
870.117 45.350843680279894
900.879 45.299499109511984
933.105 45.334000603006075
965.332 45.303870215312955
1000.49 44.58303914361909
1035.64 44.10016595409691
1072.27 44.195311260407095
1108.89 43.066519284964244
1148.44 43.66675976439309
1189.45 45.22195872815803
1230.47 45.36706588388866
1274.41 45.63277743286331
1319.82 44.43850443798394
1366.7 44.338901951697935
1413.57 44.9129747339025
1463.38 45.072974893750086
1516.11 45.0393591540285
1568.85 45.483806095438055
1624.51 45.721398299798324
1681.64 46.4537317992374
1741.7 46.911353101809084
1803.22 46.58697373383765
1866.21 46.5896384342379
1932.13 46.21565489976145
1999.51 46.43915314764308
2069.82 46.48874390015128
2143.07 46.373754964727794
2219.24 45.843983661087435
2296.88 45.1252060186368
2378.91 44.936869415430124
2462.4 45.36309973581119
2548.83 45.016021015091724
2639.65 43.620089025655645
2731.93 42.59338030554953
2828.61 42.696271056910945
2928.22 43.34502090256605
3030.76 43.502489181176585
3137.7 43.153547330340515
3249.02 42.86362476610559
3363.28 43.27317011030013
3481.93 43.786080500543335
3604.98 44.19555613026016
3732.42 45.09658996807805
3864.26 45.08081847568235
4000.49 45.252099349111205
4141.11 45.92431478056241
4287.6 46.41765179483325
4438.48 46.20022286795859
4595.21 46.36181575370091
4756.35 46.69106246750799
4924.8 46.57277951020953
5097.66 46.71100168156454
5277.83 46.95390416321318
5463.87 46.80838008044793
5657.23 47.164473995628484
5856.45 46.76272881237
6062.99 46.718329326382516
6276.86 46.62344635774696
6498.05 46.63272013968415
6726.56 46.77576016574612
6963.87 47.05499866109378
7209.96 47.247268924484274
7464.84 47.420850144365346
7727.05 47.80404129894012
7999.51 47.82475788310499
8282.23 48.18857193523276
8573.73 48.37406530599088
8876.95 48.52167909118532
9188.96 48.798140194156915
9514.16 49.09072604631832
9849.61 49.302817070912425
10196.8 49.38151894894429
10555.7 49.42110650348397
10927.7 49.45383019779847
11313.0 49.50385426961671
11712.9 49.47323702568255
12126.0 49.321334106216625
12553.7 49.174170935407105
12996.1 49.13948029877001
13454.6 49.25112246909346
13929.2 49.44382700854153
14419.9 48.76899219699824
14928.2 48.93874614261222
15455.6 49.328495737346046
16000.5 49.34568333981615
16564.5 49.38472054297196
17148.9 49.962215827065464
17752.4 50.49090027190644
18379.4 51.112272977621984
19026.9 51.79943378699778
19697.8 52.43341340194253
19999.5 52.68494119572944
