Freq "Listening Window"
20.5078 57.852812628764084
21.2402 58.78966495086452
21.9727 60.13020399997286
22.7051 60.531385807898246
23.4375 62.084872317380174
24.1699 62.902305508888574
25.6348 64.5567186608917
26.3672 65.45007278511002
27.0996 66.28384739583765
27.832 67.03807240725344
29.2969 68.50037752520349
30.0293 68.99930046133316
31.4941 70.25053363150174
32.2266 70.73475914882037
33.6914 71.7654947754702
34.4238 72.40845605148411
35.8887 73.44905798358178
37.3535 74.22761951024198
38.8184 74.90483004055123
39.5508 75.33162105073902
41.0156 76.10396197488669
42.4805 76.65943793288437
43.9453 77.3043551905159
45.4102 77.93154056616737
47.6074 78.81957428987315
49.0723 79.34036509838374
50.5371 79.83658635259222
52.7344 80.57916217499142
54.1992 81.06590502435223
56.3965 81.76916705790575
58.5938 82.48508512106768
60.0586 82.89300526810914
62.2559 83.46794460358528
64.4531 84.06707758995873
66.6504 84.55216524630183
69.5801 85.28750274088803
71.7773 85.68333240259413
73.9746 86.19026110475866
76.9043 86.61443882902859
79.834 87.0333640041166
82.7637 87.56364718195161
85.6934 87.91677093178306
88.623 87.90015530800925
91.5527 87.93794302936513
94.4824 88.35512782179904
98.1445 88.54096052116738
101.807 88.53849368306578
105.469 88.55663732228383
109.131 88.66300060896349
112.793 88.67982252150686
116.455 88.61766080794952
120.85 88.53671144370215
125.244 88.53559591462806
129.639 88.24458278494045
134.033 87.86975992065327
138.428 87.82706482459419
143.555 87.75058153688215
148.682 87.55763231468718
153.809 87.51006468980458
159.668 87.41915453998591
164.795 87.20901908184082
170.654 86.93419363276557
176.514 86.78968091028115
183.105 86.59193268720428
189.697 86.43708146356231
196.289 86.36960859506875
202.881 86.29638391359649
210.205 86.03483010414507
217.529 85.93054908560944
225.586 85.8453724825523
232.91 85.88836847872857
241.699 85.61496569833247
249.756 85.74201334728104
258.545 85.65896551820445
268.066 85.26518563506512
277.588 85.06873750425022
287.109 85.14046932174729
297.363 85.14724299640581
307.617 84.73091253753198
318.604 84.29185150934107
329.59 84.31258397381838
341.309 85.46449767471417
353.76 86.20753834468516
366.211 85.80354813966473
378.662 85.78534219677175
392.578 84.87781029343438
405.762 84.46670550315112
420.41 85.15689568219851
435.059 85.72020130624226
450.439 86.44177815616139
466.553 86.33401238773865
482.666 85.99549842306772
500.244 85.57311239221505
517.822 85.36660443979379
536.133 85.50672889794946
554.443 85.4815394502521
574.219 85.27426026397862
594.727 84.95905268276596
615.234 84.9016179234463
637.207 85.0435890356157
659.912 85.01556593526163
683.35 85.18249661932332
706.787 85.50455942559155
731.689 85.63532294585735
758.057 85.94998404247892
784.424 85.86674338718609
812.256 86.10995861018473
840.82 86.29064022997999
870.85 86.49967219260209
901.611 86.32325904148496
933.105 86.34762358454729
966.064 86.92405372012443
999.756 86.55224336103426
1034.91 86.55625817030287
1071.53 85.89294570286903
1109.62 85.64083079246345
1148.44 85.76445150053836
1189.45 86.26529055609309
1231.2 86.37801541394263
1274.41 86.4452622338263
1319.82 86.05041393354536
1365.97 85.61279245890071
1414.31 85.25741973317302
1464.11 85.51454969823234
1515.38 85.72029803126169
1568.85 85.55377870782914
1624.51 85.83956995204191
1681.64 85.31973839006521
1740.97 85.59720978347971
1802.49 86.06378315126453
1866.21 86.21209644295412
1932.13 85.24700124757632
2000.24 85.19594408852937
2070.56 85.9515584414758
2143.8 85.59780604002832
2219.24 84.01114947894138
2297.61 84.19388273569145
2378.17 84.6736024884485
2462.4 84.24434071253566
2548.83 83.75354024343113
2638.92 84.17190396970042
2731.93 84.37763552146525
2828.61 84.7460266920519
2928.22 84.55385672918923
3031.49 84.44710850929229
3138.43 84.8066982517517
3249.02 84.6917006513088
3363.28 84.38853473133294
3481.93 84.29773164383336
3604.98 84.39998795714776
3732.42 84.01086009698261
3863.53 84.2738643278149
3999.76 84.33143025743574
4141.11 84.1980217740951
4286.87 84.77854802412723
4438.48 84.75420008091665
4594.48 85.34149239541394
4757.08 85.5367952049317
4924.8 85.6800049461131
5098.39 85.36544758438689
5277.83 85.06277940943484
5463.87 84.859164295708
5656.49 83.52741780960476
5856.45 83.79549375698646
6062.99 84.13611885259174
6276.86 84.59955488121592
6498.05 84.87369255425685
6727.29 85.10054110479832
6964.6 84.91604090463227
7209.96 84.35219905344059
7464.11 83.79955849681697
7727.78 83.48036681560872
8000.24 83.77671594352013
8282.23 84.71363140054116
8574.46 85.09913737271356
8876.22 84.65827349562576
9189.7 83.88825776861589
9513.43 83.44679124805324
9848.88 83.67986043340778
10196.8 84.01561519673763
10556.4 84.11129316959675
10928.5 83.81810940209893
11313.7 83.19542929851504
11712.9 82.30693037165942
12126.0 81.96092242015676
12553.7 82.04650044388472
12996.1 81.8201030815599
13454.6 81.34504921626473
13928.5 80.99715810311312
14419.9 81.20831985830705
14928.2 81.68672283809445
15454.8 81.96763459431219
15999.8 81.39256369245302
16564.5 81.1470903041618
17148.2 81.34161583424138
17753.2 81.37858513415979
18379.4 80.62849197288908
19027.6 80.33072115543602
19698.5 80.27807786554551
19999.5 80.02235029114387
