Freq "Sound Power"
20.5078 60.41379923020992
21.9727 61.914135275919506
23.4375 63.53229146727227
24.9023 66.69508721397108
26.3672 67.26848070578521
27.832 68.30609269414629
29.2969 70.97181848657715
30.7617 72.66518238465204
32.2266 74.21781777092355
33.6914 75.95241164213945
35.1562 77.71302944838433
36.6211 79.3827698560111
38.0859 80.76959965706149
39.5508 82.44973134623861
41.0156 83.97311081132509
42.4805 85.38402606191029
43.9453 86.68623553522508
45.4102 87.90914308192832
46.875 88.98128347100024
48.3398 89.94724627290834
51.2695 91.4368987175805
52.7344 91.97172242151936
54.1992 92.4042972107033
55.6641 92.73671996393942
58.5938 93.2335139494637
60.0586 93.43420322491602
62.9883 93.73308066404817
64.4531 93.87127807362121
67.3828 94.0978217950687
68.8477 94.181114851541
71.7773 94.26088826192293
74.707 94.25935198177004
77.6367 94.31319335855136
79.1016 94.3369452858896
82.0312 94.28828171184698
84.9609 94.2113035085704
87.8906 94.3236790334424
90.8203 94.39092276643116
95.2148 94.22670643331399
98.1445 94.20191928833255
101.074 94.16622066677398
105.469 93.99463724860864
108.398 93.99516631360648
112.793 93.88019432522442
117.188 93.66029891662538
120.117 93.58796355799734
124.512 93.75855930954938
128.906 93.68528377182427
133.301 93.52820992929038
139.16 93.36393504965956
143.555 93.20765994363414
147.949 93.19938410554222
153.809 93.21886280127006
159.668 92.93500897038625
165.527 92.67996461536306
171.387 92.35422805090386
177.246 92.6325830330064
183.105 92.47890664417524
188.965 92.43789500195662
196.289 92.47093674069363
203.613 92.05337860231677
210.938 91.8447632936338
218.262 92.06138422087415
225.586 91.97127427836756
232.91 91.83504582149133
241.699 91.68419511438594
250.488 91.16611522581695
259.277 91.3167827870268
268.066 92.11062331206327
276.855 91.5103968252641
287.109 91.15460311376549
297.363 91.24460295911928
307.617 91.58860206249054
319.336 90.90268491406151
329.59 90.7806081532888
341.309 90.53303855143923
353.027 90.25262506843671
366.211 90.71472628862351
379.395 90.63868819327158
392.578 90.13245519459406
405.762 90.24813901572148
420.41 89.86329361786565
435.059 89.88523862080734
451.172 89.96950728197646
465.82 89.83912712767385
483.398 89.82982798030848
499.512 89.99009939866524
517.09 89.7909606875646
536.133 89.93058274262683
555.176 89.70608980037261
574.219 89.50303745493498
594.727 89.55140084987647
615.234 89.43830963075216
637.207 89.28651837654616
659.18 89.34298158981258
682.617 89.06953554527368
707.52 89.0669256209007
732.422 88.87673845412549
757.324 88.88960450911927
785.156 88.57941959668972
811.523 88.53891072740089
840.82 88.69232431815726
870.117 88.14481051601567
900.879 88.00370483585725
933.105 87.30891008872683
965.332 86.9836626600479
1000.49 86.3362977394564
1035.64 85.87938990692841
1072.27 85.87329169609066
1108.89 86.2488664678981
1148.44 86.39015018650547
1189.45 86.20406107582735
1230.47 86.1466470777829
1274.41 86.52934934227628
1319.82 86.90929697190396
1366.7 87.19213765576126
1413.57 87.67505402366565
1463.38 87.78565511905981
1516.11 87.43062047459354
1568.85 86.94211881179726
1624.51 86.69202948788359
1681.64 86.35481707284472
1741.7 86.0701004372267
1803.22 85.72565453840113
1866.21 85.82956908653753
1932.13 85.89703082257245
1999.51 85.71954366711563
2069.82 85.25005145904214
2143.07 85.38131225873668
2219.24 85.26283267519084
2296.88 84.599439646366
2378.91 84.5547794708985
2462.4 84.7132125901939
2548.83 84.3570823414261
2639.65 84.22517313021835
2731.93 84.3447395952159
2828.61 84.04442740434718
2928.22 83.68952772662794
3030.76 83.61104985290353
3137.7 83.67621860011678
3249.02 83.65853106279249
3363.28 83.75141189625398
3481.93 84.16601053268738
3604.98 84.15494311481147
3732.42 84.3950125800169
3864.26 84.42736947897252
4000.49 84.2955922166322
4141.11 84.1876727084917
4287.6 84.1914277214763
4438.48 84.26733852944842
4595.21 84.4684397275091
4756.35 84.45038446051605
4924.8 84.47651000956483
5097.66 84.45381054926685
5277.83 84.41851789393729
5463.87 84.35033134072211
5657.23 84.32158613871827
5856.45 84.3987487882275
6062.99 84.26609265996929
6276.86 84.32548399683614
6498.05 84.26962586903686
6726.56 84.2193680271937
6963.87 84.40159978491968
7209.96 84.4336667392536
7464.84 84.46939360402723
7727.05 84.50121860783705
7999.51 84.33463900476694
8282.23 83.99657223359205
8573.73 83.79367714405832
8876.95 83.79493180847606
9188.96 83.71834320834483
9514.16 83.6604861060211
9849.61 83.83776567159778
10196.8 83.97725037350463
10555.7 83.80334241896479
10927.7 83.84659476750613
11313.0 83.73761959320505
11712.9 83.67865122837875
12126.0 83.9012509030829
12553.7 84.22755217578586
12996.1 84.34037797335229
13454.6 84.15749401852506
13929.2 84.08840164593222
14419.9 83.97864321334673
14928.2 84.0651862098379
15455.6 84.00898411147776
16000.5 83.83845835971984
16564.5 83.531018165951
17148.9 83.32834325617188
17752.4 83.13968682138221
18379.4 82.61138945007195
19026.9 82.065657748461
19697.8 81.75697225830518
19999.5 81.733695113537
