Freq "Floor Bounce"
22.4 21.986680453621986
23.0 22.478772792168016
23.6 23.23668918112186
24.0 25.09579341910974
25.0 27.11824913192241
25.8 29.323543095276435
26.5 32.83808321351721
27.2 37.70092086029426
28.0 41.76953394530288
29.0 46.349264294679
30.0 51.059971733486506
30.7 51.42320753866265
31.5 51.26024099189509
32.5 51.133193291019026
33.5 52.111018422175974
34.5 53.017016532358284
35.5 53.82746723085968
36.5 55.694816812963765
37.5 57.687001504474196
38.7 59.44302478785059
40.0 60.91399508116125
41.2 62.29678547922808
42.5 60.92324058002984
43.7 59.588883779634585
45.0 59.89781355337145
46.2 62.76620989389217
47.5 65.27295409049299
48.7 64.54577223479652
50.0 64.07089600007292
51.5 64.06839968904116
53.0 64.58888547155003
54.5 64.89913536951435
56.0 65.49046221610057
58.0 66.48335937246298
60.0 67.24136150423587
61.5 67.70306957104252
63.0 68.30228461396018
65.0 69.03435140868501
67.0 69.67001488257478
69.0 70.23821129888744
71.0 70.90306957104252
73.0 71.66769521305294
75.0 72.06769521305294
77.5 72.36769521305293
80.0 72.93358982687998
82.5 73.43358982687998
85.0 74.03358982687998
87.5 74.5669218511605
90.0 75.00076749445562
92.5 75.43358982687998
95.0 75.93358982687998
97.5 76.3
100.0 76.59999999999998
103.0 76.96692185116049
106.0 77.26692185116049
109.0 77.4
112.0 77.5669218511605
115.0 77.76692185116049
118.0 77.86692185116051
122.0 77.93435140868502
125.0 77.96845083805432
128.0 78.03513059177983
132.0 78.03513059177983
136.0 78.03513059177983
140.0 78.00306957104252
145.0 77.96845083805432
150.0 77.80306957104251
155.0 77.83663575667187
160.0 77.83663575667187
165.0 77.80306957104251
170.0 77.67150800786938
175.0 77.47150800786939
180.0 77.30690501035458
185.0 77.1069050103546
190.0 77.01227178315618
195.0 76.88219967332303
200.0 76.88982856673472
206.0 76.91916705502754
212.0 76.96096514237182
218.0 77.06096514237181
224.0 77.15260953202217
230.0 77.08982856673472
236.0 77.05260953202217
240.0 77.05260953202217
250.0 76.98982856673473
258.0 77.01916705502754
265.0 77.0457671943847
272.0 77.14576719438469
280.0 76.9760917544922
290.0 76.84576719438469
300.0 76.57609175449221
307.0 76.5069050103546
315.0 76.5053180676647
325.0 76.5404416794549
335.0 76.21227178315618
345.0 75.88982856673472
355.0 75.62758719283592
365.0 75.52758719283592
375.0 75.3096325668162
387.0 75.28219812790056
400.0 75.32179738688895
412.0 75.2950645803583
425.0 75.31592538879983
437.0 75.45521969308379
450.0 75.48219812790056
462.0 75.46878033996789
475.0 75.50942248426021
487.0 75.42526453928849
500.0 75.37584607527148
515.0 75.21832544184971
530.0 74.8944886893229
545.0 74.5944886893229
560.0 74.38538710465897
580.0 74.72875610128314
600.0 75.78161208533422
615.0 76.88098490550679
630.0 77.60473949550548
650.0 77.92990957385143
670.0 77.34577223479653
690.0 76.5269682029423
710.0 75.94577223479652
730.0 75.53638088039143
750.0 74.84520516099381
775.0 74.59317487506891
800.0 74.6931748750689
825.0 73.93510550729972
850.0 73.81655819177169
875.0 74.3260245235669
900.0 74.492378988098
925.0 74.45647994661606
950.0 75.1121361197686
975.0 76.34680983520815
1000.0 78.50076749445562
1030.0 80.57449351030439
1060.0 80.90906430015983
1090.0 81.14415774934852
1120.0 80.67314211136083
1150.0 79.9441577493485
1180.0 79.49156164294318
1220.0 79.16419800295965
1250.0 78.67182978310016
1280.0 78.71152326304966
1320.0 77.7515931685987
1360.0 76.95334575272604
1400.0 76.20209054318677
1450.0 74.3261903437016
1500.0 73.37532051493636
1550.0 70.67957025333693
1600.0 71.42494317807481
1650.0 71.38988236549818
1700.0 72.26423314951329
1750.0 73.73080066193494
1800.0 74.78493341531501
1850.0 75.49188145404554
1900.0 75.85380974359448
1950.0 75.7079926521559
2000.0 76.10942076110277
2060.0 76.48042420054253
2120.0 75.930497514016
2180.0 74.58652064166795
2240.0 75.31853025325684
2300.0 76.00140930307491
2360.0 77.10125656500367
2400.0 76.5753601531699
2500.0 75.62812833708284
2580.0 75.06380046507488
2650.0 74.58615193394083
2720.0 74.30233757958504
2800.0 74.99825001362085
2900.0 75.32934077441656
3000.0 75.57926068829234
3070.0 75.02042427558202
3150.0 74.71512006817751
3250.0 75.48346763951382
3350.0 75.60252973822756
3450.0 75.16649538425082
3550.0 75.2650601132596
3650.0 75.19682786047021
3750.0 75.78031664163969
3870.0 76.53174271310297
4000.0 76.29444369100744
4120.0 76.78726784761427
4250.0 76.24095559035176
4370.0 73.29242058227307
4500.0 72.66882143514853
4620.0 73.20982497954381
4750.0 72.64197022557482
4870.0 73.24519084191031
5000.0 74.08575332848852
5150.0 74.61124970721757
5300.0 74.93042214017362
5450.0 75.00363821546392
5600.0 74.76949218884525
5800.0 74.39867460545362
6000.0 74.88069720018346
6150.0 74.68057541006698
6300.0 74.07877114785886
6500.0 74.84331750677855
6700.0 74.70943953665228
6900.0 73.83209919948375
7100.0 73.18120661450054
7300.0 73.44412887807498
7500.0 74.71554761008254
7750.0 73.77138480885904
8000.0 73.1359867233715
8250.0 73.00588302564897
8500.0 72.60219203555889
8750.0 71.84109059037887
9000.0 71.43695108716925
9250.0 72.1105569656426
9500.0 72.18193417877423
9750.0 72.25528988291042
10000.0 72.14556604465129
10300.0 71.5037904194687
10600.0 70.35844603471132
10900.0 70.88952682202701
11200.0 72.10513390770824
11500.0 71.43214299286736
11800.0 71.36805086236271
12200.0 69.3765793831768
12500.0 68.23047277713732
12800.0 68.81333870896496
13200.0 69.59772087749012
13600.0 68.6213420467888
14000.0 68.70204404422748
14500.0 70.09811745753622
15000.0 70.98512284029162
15500.0 68.34215501561151
16000.0 70.7791416038316
16500.0 70.63527749181965
17000.0 70.0601756397226
17500.0 71.53586272061418
18000.0 70.26764836244455
18500.0 68.58272006052921
19000.0 69.83669399809314
19500.0 71.80055663323027
