Freq "Side Wall Bounce"
22.4 34.97744077075642
23.0 36.653693927769936
23.6 38.70063909763739
24.0 40.12234968022209
25.0 41.054241317851606
25.8 41.74901502802338
26.5 42.346115296194526
27.2 43.10018260977385
28.0 43.97169763669781
29.0 44.84637943453255
30.0 46.04841815302764
30.7 48.288045826738696
31.5 50.91279988137971
32.5 55.70512166634548
33.5 59.990423855922
34.5 63.49237128224168
35.5 67.91846613363681
36.5 62.6715614370726
37.5 58.92034748828621
38.7 55.93643210577986
40.0 56.679251158220794
41.2 57.63395795013683
42.5 59.32339134461783
43.7 61.61944814260086
45.0 63.662758248339586
46.2 64.32806881080391
47.5 62.89159396766645
48.7 59.87744699609348
50.0 60.032761418489955
51.5 62.1189703806113
53.0 63.134710932643316
54.5 63.563599411362816
56.0 64.07858974521723
58.0 64.75570845978069
60.0 65.51490529388202
61.5 66.48745389984275
63.0 67.1309819978852
65.0 67.64029959260985
67.0 68.35398811567676
69.0 69.03111217245466
71.0 69.60863992870539
73.0 70.46072586912366
75.0 71.0782516877291
77.5 71.55705791453671
80.0 72.19659280016938
82.5 72.85613272593847
85.0 73.43622524779765
87.5 73.87640988003777
90.0 74.17640988003775
92.5 74.51669298528797
95.0 75.05844557315453
97.5 75.5011860397957
100.0 75.80071748041935
103.0 76.12125441062821
106.0 76.34222250561328
109.0 76.56120977737403
112.0 76.64449093032039
115.0 76.74726742013279
118.0 76.88515547889267
122.0 76.86712446211598
125.0 76.8481630881372
128.0 76.90624487200095
132.0 76.92637677277446
136.0 76.88515547889267
140.0 76.67399951205346
145.0 76.57399951205346
150.0 76.55185784536994
155.0 76.496651248301
160.0 76.36100288579392
165.0 76.27947897735395
170.0 76.10262778755211
175.0 75.8842501235597
180.0 75.64635413104908
185.0 75.353338277517
190.0 75.04590862494565
195.0 74.73744177877205
200.0 74.43358866067013
206.0 74.2198781494602
212.0 74.13197856034104
218.0 74.16184373847975
224.0 74.23503395304591
230.0 74.50344200415279
236.0 74.5505523251487
240.0 74.52338245414506
250.0 74.29097146881986
258.0 74.31612076969417
265.0 74.5505523251487
272.0 74.71063013623731
280.0 74.76058745047784
290.0 74.45903753869102
300.0 74.21063013623733
307.0 74.18642425641023
315.0 74.29182259833546
325.0 74.32082971019376
335.0 74.03155199545701
345.0 73.42679347204732
355.0 72.99014999688251
365.0 73.02979791540842
375.0 72.70398196211957
387.0 72.70457029467391
400.0 72.78488411547326
412.0 72.83614583282292
425.0 72.87920373096696
437.0 72.95470003722681
450.0 73.15199855550004
462.0 73.23726979577572
475.0 73.33139503425109
487.0 73.17356782775856
500.0 72.8321257761265
515.0 72.50754121603471
530.0 72.08233085191776
545.0 71.26945805024086
560.0 70.90309203044073
580.0 71.65161367481959
600.0 73.17585875289272
615.0 74.11447243413616
630.0 74.57042800053252
650.0 74.58547976664288
670.0 73.65113311011228
690.0 72.70059736439816
710.0 72.57493529573594
730.0 72.44923105391628
750.0 72.33236586232313
775.0 71.83324675211243
800.0 71.84736637655217
825.0 71.42856095647623
850.0 70.21514752118027
875.0 70.05131709160968
900.0 69.68844178073492
925.0 69.51606295752246
950.0 70.03209252006856
975.0 69.87615135605193
1000.0 71.41154823789263
1030.0 72.50457272959065
1060.0 72.71644087573603
1090.0 72.75706491250129
1120.0 72.75452456993503
1150.0 72.14320059817226
1180.0 71.58533212789062
1220.0 71.6611920827266
1250.0 71.39085201901324
1280.0 71.73679028250099
1320.0 70.4947055366754
1360.0 70.1137721513069
1400.0 69.91485114975278
1450.0 68.35172833487312
1500.0 68.52483317983211
1550.0 68.89774812676553
1600.0 71.53180199336083
1650.0 71.23568664841046
1700.0 71.82731903172574
1750.0 72.06522849167355
1800.0 72.6005290904673
1850.0 71.61334980544753
1900.0 70.97934176102996
1950.0 70.65524075528374
2000.0 70.22553201254026
2060.0 71.07993068641105
2120.0 71.9683744457457
2180.0 71.20152304687747
2240.0 70.77869719753235
2300.0 69.60882036137737
2360.0 69.77073662327142
2400.0 70.20287642788273
2500.0 69.78673142797416
2580.0 69.89310006301638
2650.0 69.93096837275057
2720.0 69.47827062960783
2800.0 69.0563733226809
2900.0 68.74939669549401
3000.0 68.33588215652266
3070.0 68.8200724811432
3150.0 68.22814826118466
3250.0 68.87878788355862
3350.0 68.31619357722487
3450.0 67.54954389300633
3550.0 67.32348595237785
3650.0 66.28476594688996
3750.0 66.33426804579699
3870.0 67.38589824883688
4000.0 68.88767048348498
4120.0 69.43451915246861
4250.0 67.7008401205082
4370.0 64.4864013233676
4500.0 64.96870777999298
4620.0 66.46635571411291
4750.0 66.56802927003109
4870.0 66.10056895893158
5000.0 66.69327003645076
5150.0 66.84906635635822
5300.0 67.43493955625921
5450.0 67.23284725991445
5600.0 66.75401769757258
5800.0 66.31933824704451
6000.0 66.81228641058591
6150.0 65.65572373430845
6300.0 64.91486828215669
6500.0 65.40931521645679
6700.0 65.84736179729026
6900.0 65.60766904144283
7100.0 65.37077109316087
7300.0 63.97972307422498
7500.0 63.66248473510991
7750.0 63.769947042604386
8000.0 63.707563901483965
8250.0 62.3697706064324
8500.0 62.259555004062065
8750.0 62.47149694619402
9000.0 62.066195151002844
9250.0 62.867260979573544
9500.0 62.42571936583742
9750.0 61.86304514145793
10000.0 59.034501455633446
10300.0 56.27337831722879
10600.0 57.82626341776687
10900.0 61.46173045929531
11200.0 62.02979973315428
11500.0 62.39604511296639
11800.0 61.246297604945894
12200.0 59.89665411936326
12500.0 61.97634864527046
12800.0 61.57269496915899
13200.0 55.48061661449155
13600.0 54.842016421712785
14000.0 57.50657134350851
14500.0 58.87139705877152
15000.0 58.85379381220572
15500.0 58.65140955819595
16000.0 60.67359512382377
16500.0 57.845742106095614
17000.0 60.47992545631877
17500.0 64.48346396106164
18000.0 60.10121600006448
18500.0 58.503588573547546
19000.0 59.52659165153605
19500.0 54.816391776679765
