Freq "Estimated In-Room Response"
22.4 -17.31917757429771
23.0 -15.280496939788733
23.6 -12.737176560991472
24.0 -9.96271778754128
25.0 -7.834061346002713
25.8 -6.076462580508846
26.5 -4.420947851842428
27.2 -2.3594010940015693
28.0 -1.1741668179625293
29.0 -0.6873504904373107
30.0 0.3532775308471656
30.7 4.0623918579183425
31.5 7.9557094678654465
32.5 12.793397921063288
33.5 15.030387761799162
34.5 16.223060078784968
35.5 18.010120765969234
36.5 20.45467579533728
37.5 23.124968132855955
38.7 25.96227421155173
40.0 30.47661450794645
41.2 36.137348161339176
42.5 36.211309141483824
43.7 36.401910078527365
45.0 37.61583425904833
46.2 41.473989433323894
47.5 44.73566804480937
48.7 44.84998617594981
50.0 46.14328654446932
51.5 49.897754406501136
53.0 53.99810724406767
54.5 55.9640649194795
56.0 58.08383010989364
58.0 60.52071972548451
60.0 62.4528043408435
61.5 64.06058940691935
63.0 65.8818003074139
65.0 67.77996552871936
67.0 69.60483387666407
69.0 71.324060972793
71.0 72.89599564749004
73.0 74.10941043354352
75.0 75.34195007916395
77.5 76.5397430304427
80.0 77.65995301500334
82.5 78.83752754537574
85.0 79.93283537270405
87.5 80.90387585631906
90.0 81.76280071764559
92.5 82.5577433435169
95.0 83.18069372455996
97.5 83.74435397107591
100.0 84.21715862508407
103.0 84.42490065476426
106.0 84.38560609120108
109.0 84.34412079191753
112.0 84.08026017611097
115.0 83.88375654146691
118.0 83.58939039131779
122.0 83.22707268807733
125.0 82.96342445853355
128.0 82.80310980613058
132.0 82.80911522265713
136.0 82.91380876581734
140.0 83.07480726115577
145.0 83.45741141132855
150.0 83.75635704731404
155.0 84.23457845923959
160.0 84.77012995877077
165.0 85.05736473087553
170.0 85.25270723266222
175.0 85.33037362172274
180.0 85.26463563395056
185.0 84.97276035150644
190.0 84.49336925364499
195.0 83.8629467608707
200.0 83.22532868549969
206.0 82.5524421715292
212.0 81.92625445530288
218.0 81.36362815742956
224.0 80.92484002133968
230.0 80.93218882501412
236.0 81.17292146501951
240.0 81.41931187830512
250.0 81.50523212438046
258.0 81.44022135132147
265.0 81.2996620546866
272.0 81.20439386438478
280.0 81.04484038541423
290.0 80.74974521185091
300.0 80.38126148077329
307.0 79.84635389161008
315.0 79.22409142351279
325.0 78.66555725581948
335.0 78.2477863007983
345.0 78.13765529528341
355.0 78.34070377692166
365.0 78.7275266826631
375.0 78.95552001556851
387.0 78.9674778222879
400.0 79.18869563472008
412.0 79.43330686883449
425.0 79.73264455968298
437.0 79.86185406233098
450.0 79.6920941619867
462.0 79.34201099053851
475.0 79.1346836668482
487.0 79.25186635729531
500.0 79.51737099247212
515.0 79.71812116435358
530.0 79.85375491491361
545.0 79.97829762935159
560.0 80.31148885461728
580.0 80.8215042458588
600.0 81.08815125712631
615.0 80.948301978883
630.0 80.67277916965196
650.0 79.93309116319664
670.0 78.71153133369639
690.0 78.6067093328476
710.0 79.28934583092574
730.0 79.1077240503101
750.0 78.4406661605786
775.0 78.80296559807525
800.0 79.54955728164728
825.0 79.54823760470696
850.0 79.1667819419478
875.0 79.07965632044531
900.0 78.93574376015737
925.0 78.50751117420417
950.0 78.24676941331559
975.0 78.01524867580217
1000.0 77.84781372314886
1030.0 77.69896403545482
1060.0 77.66046164538916
1090.0 77.8077469834664
1120.0 78.01683581143114
1150.0 78.2246311917993
1180.0 77.77939866290312
1220.0 77.56654650123613
1250.0 77.15404484111265
1280.0 77.41661905084172
1320.0 77.28347551880782
1360.0 77.28921433689932
1400.0 77.296188512233
1450.0 77.28481190473816
1500.0 77.44780168693873
1550.0 77.36901603557367
1600.0 77.17008933617065
1650.0 76.78827919771626
1700.0 76.95311858505093
1750.0 77.04746395471189
1800.0 77.43889249801256
1850.0 77.7826025163891
1900.0 78.10797875332965
1950.0 78.230767124228
2000.0 77.86550827324054
2060.0 77.46890690650005
2120.0 77.49868737274234
2180.0 77.66004142166734
2240.0 77.36797158282342
2300.0 77.17309837858117
2360.0 77.35541958364156
2400.0 77.32169281666758
2500.0 77.32890103795123
2580.0 76.82025837688165
2650.0 76.47696606905484
2720.0 75.96388169655849
2800.0 75.43512307853311
2900.0 75.21286358027051
3000.0 74.82968570140018
3070.0 74.27657300918735
3150.0 74.42021084626707
3250.0 74.31830162827127
3350.0 74.16114306566988
3450.0 74.28700702032602
3550.0 75.10759812415523
3650.0 75.3889786103198
3750.0 75.41795761477692
3870.0 75.39327316205448
4000.0 75.44603705553874
4120.0 75.28057310904761
4250.0 75.86415927037392
4370.0 75.9492761264589
4500.0 76.03710042983523
4620.0 76.22439093484194
4750.0 75.74199940511014
4870.0 75.75861452951743
5000.0 76.30317287153801
5150.0 76.27473402842209
5300.0 76.03450197430097
5450.0 75.50783249861014
5600.0 75.47685460505116
5800.0 75.29931952250693
6000.0 75.77921950113668
6150.0 75.83639856016124
6300.0 75.79059964867288
6500.0 75.23634520985188
6700.0 75.07691432270308
6900.0 75.38685609678056
7100.0 76.05591565620793
7300.0 76.71009849491195
7500.0 77.05658687778161
7750.0 77.3501355725319
8000.0 77.16396957522024
8250.0 76.48538612465084
8500.0 75.84406259111128
8750.0 74.38258200332798
9000.0 75.02641018362293
9250.0 75.95986146065579
9500.0 77.02499292480732
9750.0 77.75116086651252
10000.0 78.14883088842579
10300.0 78.36208438857236
10600.0 78.10072165718553
10900.0 76.93678625563795
11200.0 75.22855782811457
11500.0 74.34198375828316
11800.0 74.50285373675372
12200.0 74.6401646675828
12500.0 73.3743636194759
12800.0 72.22028569599992
13200.0 71.76938193165442
13600.0 69.90028104254506
14000.0 68.01369398486577
14500.0 67.29457321542185
15000.0 67.9059563725704
15500.0 70.05522432260152
16000.0 68.95560055433813
16500.0 66.98710010607982
17000.0 64.72740937430667
17500.0 62.80467096927809
18000.0 64.58164964263257
18500.0 61.89202883996663
19000.0 62.838535610139886
19500.0 63.20162287948686
