Freq "Ceiling Bounce"
20.5078 56.71075529398799
21.2402 50.4623531227099
21.9727 45.4222012713215
22.7051 42.4968746256002
23.4375 40.47173192304304
24.1699 42.690176016895364
25.6348 50.33387538133657
26.3672 51.93012233244802
27.0996 54.61667615900042
27.832 55.80185408366815
29.2969 58.02522567826459
30.0293 59.21919675449634
31.4941 62.41038772964943
32.2266 63.023871846460366
33.6914 65.55773130520971
34.4238 66.65588431919575
35.8887 68.59320773560025
37.3535 70.35512485224233
38.8184 72.05922281610798
39.5508 72.82721171468629
41.0156 74.43193386090367
42.4805 75.70976618938573
43.9453 76.90935396461491
45.4102 77.91903048367108
47.6074 79.10910791239671
49.0723 79.65812874214477
50.5371 80.05587000160456
52.7344 80.46832083924123
54.1992 80.63744181768254
56.3965 80.84826127136202
58.5938 80.84135463016244
60.0586 80.98309311589135
62.2559 81.24046627681136
64.4531 81.25472261311758
66.6504 81.42003637049854
69.5801 81.53802883700503
71.7773 81.73773460243255
73.9746 81.81173619368981
76.9043 82.03401518325362
79.834 82.13124976264676
82.7637 82.42974323644641
85.6934 82.66572648060125
88.623 82.77848308956641
91.5527 82.71273471391028
94.4824 83.11473194171826
98.1445 83.30116415814412
101.807 83.5087958094438
105.469 83.67069908738388
109.131 83.95490064010015
112.793 84.1145416925924
116.455 84.24590435364429
120.85 84.4593833918784
125.244 84.5431561127455
129.639 84.6972764859437
134.033 84.78744677348698
138.428 84.8917432175269
143.555 84.96375837316668
148.682 85.05982057655459
153.809 85.25952628711651
159.668 85.30426898349785
164.795 85.3855827680883
170.654 85.36270877416236
176.514 85.33182790739635
183.105 85.30132335641376
189.697 85.4772338024254
196.289 85.528329128631
202.881 85.48061929193321
210.205 85.48727959757382
217.529 85.36936005930022
225.586 85.48672058313066
232.91 85.41755566696779
241.699 85.21808405539873
249.756 85.26195714912572
258.545 85.31386531758723
268.066 84.96212795256643
277.588 85.29089605801153
287.109 85.3529422269875
297.363 85.20055298009667
307.617 85.03729856331206
318.604 85.19650713645969
329.59 84.76257559146383
341.309 84.64044920612268
353.76 84.77244813233263
366.211 85.08398909649453
378.662 84.8388221078957
392.578 84.29576720289488
405.762 84.22287689912736
420.41 84.13074440050522
435.059 84.15593531668613
450.439 83.94085740006018
466.553 83.49277402644198
482.666 83.52263303414735
500.244 84.75121271344314
517.822 84.4428524483773
536.133 83.25439140034666
554.443 83.16653859425458
574.219 81.84438674791684
594.727 80.00590679604856
615.234 82.34412415932152
637.207 83.20815356804043
659.912 83.27779690969616
683.35 84.18894617848045
706.787 84.60594175820424
731.689 84.76674375619152
758.057 84.630923387362
784.424 83.59179206079813
812.256 82.8641953519459
840.82 82.51684703824594
870.85 82.3615371169867
901.611 82.61686834011043
933.105 83.21139005512677
966.064 83.36122679813225
999.756 84.22854348966496
1034.91 83.06067157178371
1071.53 82.45114959878465
1109.62 82.63030730583628
1148.44 86.75800118765578
1189.45 87.12845811350464
1231.2 84.92532842527699
1274.41 82.32011795286071
1319.82 78.69828619173119
1365.97 79.26547707449693
1414.31 78.43244039582474
1464.11 78.92773814459744
1515.38 81.14225893801567
1568.85 81.89159387526415
1624.51 82.27170293580093
1681.64 82.77577458428256
1740.97 81.38798288824304
1802.49 80.15846050058826
1866.21 81.99915077296073
1932.13 81.69645061068947
2000.24 80.945687447648
2070.56 81.25519780180076
2143.8 81.75712572794728
2219.24 81.54426074716089
2297.61 82.4778101928085
2378.17 81.58564944787382
2462.4 81.39613354204681
2548.83 80.85872210425441
2638.92 80.4952641166485
2731.93 80.52583524164432
2828.61 80.51386962519958
2928.22 80.26811762429602
3031.49 80.74638833247604
3138.43 80.39936256835375
3249.02 79.9834063748649
3363.28 79.96885330339724
3481.93 79.76545387065272
3604.98 79.58521525964798
3732.42 79.4197359672511
3863.53 79.20775474314705
3999.76 78.83446555795432
4141.11 78.49894944016977
4286.87 78.22341742811109
4438.48 77.6728069302787
4594.48 77.49335981369894
4757.08 77.38967567144613
4924.8 77.10498670647688
5098.39 77.11755709501828
5277.83 77.14700820087288
5463.87 77.74818922474961
5656.49 77.77258911440593
5856.45 78.28270359700227
6062.99 78.23896769641462
6276.86 78.36925547917403
6498.05 78.37937288539351
6727.29 78.35622318994038
6964.6 78.41954286481676
7209.96 78.61674661197682
7464.11 79.03261887275356
7727.78 79.78566951283895
8000.24 79.99435799316691
8282.23 79.14499028662311
8574.46 77.45133955132944
8876.22 77.39787783699764
9189.7 77.96235657860767
9513.43 78.37525521567585
9848.88 78.28815479117992
10196.8 78.45251113835111
10556.4 78.31093161999978
10928.5 78.04636234785615
11313.7 78.18831435296664
11712.9 78.4071806608471
12126.0 76.8559642908828
12553.7 74.93395589962944
12996.1 76.26988533673608
13454.6 77.26563399415706
13928.5 77.08910700929077
14419.9 76.97980253784078
14928.2 76.77156768421432
15454.8 76.58729480142487
15999.8 76.20463648870782
16564.5 75.80946060951369
17148.2 74.91154409065828
17753.2 73.79070982925342
18379.4 73.05487230101917
19027.6 72.48374298816123
19698.5 71.68001903933511
19999.5 71.11315770766056
