Freq "Rear Wall Bounce"
20.5078 60.7550120052872
21.9727 62.68094064652965
23.4375 63.721036656787845
24.9023 64.84869722810706
26.3672 65.52649262970039
27.832 66.32894330362546
29.2969 68.23600452549698
30.7617 68.65473660972368
32.2266 70.05853807196058
33.6914 71.28826239944283
35.1562 71.7983427689858
36.6211 72.93771519471593
38.0859 73.84422977019014
39.5508 74.61614314070849
41.0156 75.28013670631222
42.4805 75.96872517456674
43.9453 76.57488924999679
45.4102 77.11543970326862
46.875 77.6355982214154
48.3398 78.07380639746475
51.2695 78.89682568894165
52.7344 79.2829054454632
54.1992 79.58774840127673
55.6641 79.86793726809044
58.5938 80.37977132118885
60.0586 80.61945675233457
62.9883 81.05327646712401
64.4531 81.2326149856724
67.3828 81.64684752494756
68.8477 81.82086745889458
71.7773 82.13080185362779
74.707 82.41849297235296
77.6367 82.69504296825735
79.1016 82.81163561986256
82.0312 83.02700212137987
84.9609 83.24316352514506
87.8906 83.49740016138401
90.8203 83.73412594757401
95.2148 83.94333632240038
98.1445 84.05959861244872
101.074 84.13454998552847
105.469 84.2778950204142
108.398 84.42387441024304
112.793 84.52537028913937
117.188 84.50636242020113
120.117 84.54322680562618
124.512 84.85453977194169
128.906 84.85178944246688
133.301 84.75409554883998
139.16 84.76923705677925
143.555 84.70523589176219
147.949 84.73306818732736
153.809 84.68951517875166
159.668 84.45978616148192
165.527 84.32400650291972
171.387 83.8967796162952
177.246 84.04048940088762
183.105 83.95104767795092
188.965 83.74402697177733
196.289 83.70716718112926
203.613 83.19252079887552
210.938 82.74632462704383
218.262 82.67102657649107
225.586 83.20252442821376
232.91 82.82054149543838
241.699 82.41832842233927
250.488 81.11275017064622
259.277 81.34050848563082
268.066 81.93708667839407
276.855 81.56535388891797
287.109 80.64763122987269
297.363 80.27128850163874
307.617 81.33898534089089
319.336 80.48117685401333
329.59 79.96340772500551
341.309 79.64342623910659
353.027 79.37884744441891
366.211 79.03101151991339
379.395 79.19835018711522
392.578 78.50384765412036
405.762 78.84735462947073
420.41 78.0592125845149
435.059 78.54237933569465
451.172 78.61892188122253
465.82 77.72848634323714
483.398 77.9474083829665
499.512 78.05537845639832
517.09 77.59778514189586
536.133 78.25664924962774
555.176 78.20819773297633
574.219 77.63737962620804
594.727 78.24781083339224
615.234 78.13078746904449
637.207 77.28239774001247
659.18 78.02645686389525
682.617 78.0354391064741
707.52 77.68904712483703
732.422 77.58163780179501
757.324 77.90792215872546
785.156 77.18799553128173
811.523 76.57504864495994
840.82 76.43346011597116
870.117 78.51901384240098
900.879 80.1833100684585
933.105 79.90787008284902
965.332 80.78625030950383
1000.49 80.14523147997228
1035.64 76.98100648624059
1072.27 76.17683028407536
1108.89 75.09576791902103
1148.44 74.43763491061824
1189.45 74.15022310588537
1230.47 73.57228927211796
1274.41 73.35949336007141
1319.82 73.2064219871621
1366.7 73.27996473361821
1413.57 73.64622337752682
1463.38 74.3533398482511
1516.11 73.39910654529075
1568.85 70.95941050460998
1624.51 71.5239132431002
1681.64 71.18711307164158
1741.7 72.21327195643187
1803.22 73.25937781191708
1866.21 72.85223725425647
1932.13 72.27480104046361
1999.51 72.95771088605363
2069.82 73.55688393238012
2143.07 73.87607513713613
2219.24 74.61352574810319
2296.88 73.94979348827515
2378.91 74.38013033156301
2462.4 74.67480721323076
2548.83 74.5289690997922
2639.65 74.2680985974915
2731.93 74.33786839840512
2828.61 74.36799535443156
2928.22 73.81860917382254
3030.76 73.40406377288839
3137.7 74.21171625349149
3249.02 73.69922429835995
3363.28 73.85844493379977
3481.93 74.64116821129358
3604.98 74.31538201576468
3732.42 74.68253740643424
3864.26 74.26422060557826
4000.49 74.04277410825583
4141.11 73.72599761601377
4287.6 73.74773888882456
4438.48 74.06769299445267
4595.21 73.96281377062067
4756.35 73.84346322649198
4924.8 73.77356767062248
5097.66 73.52793313649553
5277.83 73.48997129562133
5463.87 73.17512160173501
5657.23 73.23246318767895
5856.45 72.59536460796414
6062.99 72.28114830012895
6276.86 71.8436550218297
6498.05 71.37440546219085
6726.56 70.83812841402568
6963.87 70.8714168575099
7209.96 70.47459583092741
7464.84 70.0676543975561
7727.05 69.76428254699928
7999.51 68.93951062373978
8282.23 67.72843986831688
8573.73 66.3404076538697
8876.95 64.69534971710257
9188.96 63.96600934044092
9514.16 63.64518625765186
9849.61 63.983707105094055
10196.8 63.83822558525924
10555.7 62.83824263358112
10927.7 61.49349696249382
11313.0 61.2096345458169
11712.9 60.82352888248599
12126.0 60.120587910240914
12553.7 60.201376804761765
12996.1 60.464383853798296
13454.6 60.801497470917695
13929.2 62.019129142014805
14419.9 62.1436463764293
14928.2 62.277621892377496
15455.6 61.938936075724044
16000.5 62.0993897045733
16564.5 61.46490811861554
17148.9 60.64354523254539
17752.4 59.62952839947462
18379.4 58.100738456300576
19026.9 55.17688710955929
19697.8 53.70101253926478
19999.5 54.713605543762384
