Freq "Sound Power"
20.5078 61.52940982901684
21.2402 61.27248480699201
21.9727 62.11543632401255
22.7051 62.44668762451319
23.4375 62.95577115243542
24.1699 61.501243288402875
25.6348 62.1524001937418
26.3672 62.369507248256966
27.0996 61.421727697123245
27.832 60.75074470209729
29.2969 58.906264541740015
30.0293 55.69207405001997
31.4941 51.779761271397305
32.2266 57.65521870810268
33.6914 61.06710959562095
34.4238 62.86779177280921
35.8887 66.45377113557869
37.3535 71.56138543180695
38.8184 74.98848819426483
39.5508 76.46354475764309
41.0156 78.89783439894933
42.4805 80.94464332222232
43.9453 82.40561441608442
45.4102 83.52314320813788
47.6074 84.55324638995286
49.0723 85.08853943258357
50.5371 85.48879882331569
52.7344 85.93199778554374
54.1992 86.17250141995522
56.3965 86.64349606529558
58.5938 86.85298532040143
60.0586 87.043691500223
62.2559 87.5329040744278
64.4531 87.76077276392267
66.6504 87.96420119809385
69.5801 88.3250971511716
71.7773 88.63990033997727
73.9746 88.89098226967577
76.9043 89.01712030806083
79.834 89.1783145740565
82.7637 89.13394022054365
85.6934 89.48504920846835
88.623 89.57195104102672
91.5527 89.63754398149027
94.4824 89.62507431286319
98.1445 89.53825848976682
101.807 89.4952605327774
105.469 89.49602053348399
109.131 89.25620456182621
112.793 88.90692595644896
116.455 88.66613279537411
120.85 88.61295710720033
125.244 88.78039079372711
129.639 88.68605944002029
134.033 88.22947935015468
138.428 87.9434904433475
143.555 87.8762533638892
148.682 87.68682703372441
153.809 87.41620881169312
159.668 87.21268794435713
164.795 87.13710620872378
170.654 87.21171275995049
176.514 86.83301400848354
183.105 86.5197525715031
189.697 86.42549975603204
196.289 86.05316229172422
202.881 86.16517806387292
210.205 85.97039042925881
217.529 85.69245178982693
225.586 85.46800148517801
232.91 85.28048712204969
241.699 84.95275416745763
249.756 86.01177930775441
258.545 85.80332696956307
268.066 85.72617394498717
277.588 86.2713042317537
287.109 86.07770519596846
297.363 85.66966637670377
307.617 85.69183045289184
318.604 85.58877547147108
329.59 86.10626514224946
341.309 85.48947276469694
353.76 85.62513921815349
366.211 85.41793406949633
378.662 85.93007596716994
392.578 86.11303574820892
405.762 86.19306848052386
420.41 85.85864079238539
435.059 86.13347998666056
450.439 85.7665405064249
466.553 85.01313443646102
482.666 86.27643179546895
500.244 86.10244410591596
517.822 85.69504672382206
536.133 84.5612944526273
554.443 85.09583449644954
574.219 84.62783291256186
594.727 85.26514188915974
615.234 84.34582552855777
637.207 85.6737052897351
659.912 84.43849895329332
683.35 85.06185512312847
706.787 84.45298730186416
731.689 84.84552711599541
758.057 84.98249733920731
784.424 84.48801241101195
812.256 84.79387088678338
840.82 84.87619889503763
870.85 84.55075185404826
901.611 84.81000630624241
933.105 85.15258324787357
966.064 85.27910399420787
999.756 85.09627479225743
1034.91 84.7614899386203
1071.53 84.39507476111832
1109.62 85.34602725333251
1148.44 84.3652972914182
1189.45 84.54269601261929
1231.2 84.40672887122352
1274.41 83.76037814141672
1319.82 83.92849070695479
1365.97 83.51443174193963
1414.31 83.16004818546485
1464.11 83.24385401683143
1515.38 83.11312237715539
1568.85 82.47088150043344
1624.51 82.00946580103715
1681.64 81.94104101436663
1740.97 81.54371493246866
1802.49 80.79266372597661
1866.21 79.7546444929183
1932.13 78.41231792525365
2000.24 76.47792042815905
2070.56 75.3966456559314
2143.8 75.86771901096195
2219.24 76.35381658729905
2297.61 77.5311526376223
2378.17 78.0258568749425
2462.4 78.25096628443856
2548.83 79.13964761023982
2638.92 79.48497188007917
2731.93 79.69647975595552
2828.61 79.72361522712907
2928.22 79.58177640767579
3031.49 80.38243788346057
3138.43 80.71229681918318
3249.02 80.5835350373955
3363.28 80.18862098259119
3481.93 79.625497388874
3604.98 78.30582219150261
3732.42 77.48543781450878
3863.53 77.49041793345582
3999.76 78.19053901906797
4141.11 78.29236861557999
4286.87 78.76415179269242
4438.48 78.90890294588306
4594.48 79.40856110853898
4757.08 80.55178319872569
4924.8 81.70775113304626
5098.39 82.70265923547574
5277.83 83.17598960650844
5463.87 83.14365032358876
5656.49 83.2536895297083
5856.45 83.37109844237764
6062.99 83.45615021308963
6276.86 82.99282789290221
6498.05 82.99190766598284
6727.29 82.9161702470215
6964.6 83.03630327809829
7209.96 82.85489997813019
7464.11 82.60930094064281
7727.78 82.40534660058209
8000.24 82.03266973946545
8282.23 82.41312988653159
8574.46 82.57861750862159
8876.22 82.0737720948078
9189.7 81.85816035488791
9513.43 81.86498482656988
9848.88 81.60265029302101
10196.8 81.55725270056197
10556.4 81.67243460187821
10928.5 81.22622331806373
11313.7 80.64595470817669
11712.9 80.30146168099033
12126.0 79.98446676939163
12553.7 79.8808476980842
12996.1 80.41458814330379
13454.6 81.57942599742452
13928.5 80.9160368962184
14419.9 80.48964147761701
14928.2 81.71491224728648
15454.8 82.34836075160874
15999.8 83.23366047640052
16564.5 84.30888921122138
17148.2 84.17572158987404
17753.2 82.59347618230058
18379.4 80.66085165894168
19027.6 79.2029682435468
19698.5 78.03089730322141
19999.5 77.65894086199235
