Freq "Side Wall Bounce"
20.0 35.030610616345186
20.2909 37.33460651938496
20.586 37.26140615092369
20.8855 39.99520333358781
21.1893 32.73721990403551
21.4975 37.926806648068364
21.8102 36.75300856336433
22.1274 37.3616072094285
22.4492 38.863204484720725
22.7758 42.106602790308145
23.1071 38.72340615092371
23.4432 38.30600695192744
23.7841 39.27660564472548
24.1301 42.69560223782783
24.4811 43.035202366642366
24.8372 43.24160223782782
25.1984 43.609602237827815
25.5649 44.5310017958147
25.9368 44.742001795814716
26.3141 44.67800179581472
26.6968 46.651801215649456
27.0851 46.45640131689662
27.4791 46.877201261685926
27.8788 47.70300110510293
28.2843 48.07260108671575
28.6957 49.12700078281527
29.1131 49.046000782815284
29.5365 49.8286006262624
29.9661 51.169000506536875
30.402 51.121400534164096
30.8442 51.977200432846544
31.2929 52.346200432846544
31.748 53.23840030392681
32.2098 54.02040030392679
32.6783 54.60740030392681
33.1536 55.59040030392681
33.6359 56.222000184196204
34.1251 56.68380015657068
34.6215 57.263800156570696
35.125 57.69580015657071
35.6359 58.36000018419621
36.1543 58.9188001565707
36.6802 59.761200110520704
37.2137 60.34640007367889
37.755 60.93100009210339
38.3041 61.61380015657069
38.8613 62.3440000921034
39.4265 63.095600027630596
40.0 63.70640007367892
40.5818 64.49660002763059
41.1721 65.1544000736789
41.771 65.73360002763059
42.3785 66.56420006447111
42.9949 67.3182000644711
43.6203 68.0902000644711
44.2548 68.79800009210341
44.8985 69.56560007367592
45.5515 70.3100001381445
46.2141 71.17680011051688
46.8863 71.93880011051687
47.5683 72.71580011051688
48.2602 73.5912002946766
48.9621 74.4200003223301
49.6743 75.28800032233009
50.3968 76.0750003223301
51.1299 76.88480047886263
51.8736 77.74960062629422
52.6281 78.47860062629422
53.3936 79.24860062629422
54.1702 79.96440104079217
54.9581 80.60460085662694
55.7575 81.12540104079217
56.5685 81.54060113286715
57.3914 81.89480158447238
58.2261 82.13380158447237
59.073 82.24720181481104
59.9323 82.3028020451696
60.804 82.26340233077832
61.6884 82.1950027176545
62.5857 82.0414029296709
63.496 81.87520374977316
64.4196 81.7264036207008
65.3566 81.56460454186511
66.3073 81.37600492889914
67.2717 81.18940592346524
68.2502 81.02180706658294
69.2429 80.88180748049449
70.2501 80.7398088622143
71.2719 80.57180959831119
72.3086 80.44261103555846
73.3603 80.31381157765925
74.4274 80.18681337354423
75.5099 80.05101501240077
76.6083 79.9120171305425
77.7226 79.78661835500812
78.8531 79.69022147671137
80.0 79.61602173145205
81.1636 79.57862581252641
82.3442 79.55682824008746
83.5419 79.54743050211279
84.757 79.54203563019352
85.9899 79.53803714604632
87.2406 79.52804257483335
88.5096 79.52244430643509
89.797 79.52724963439613
91.1031 79.55305338421029
92.4282 79.5742584189063
93.7726 79.59666242801869
95.1366 79.63727019797139
96.5204 79.70027295552035
97.9243 79.77807983686829
99.3486 79.83468676736952
100.794 79.88189456770115
102.26 79.94849967909798
103.747 79.97670685852715
105.256 79.98211336298863
106.787 80.01392193479005
108.34 80.05713267342826
109.916 80.09114357334397
111.515 80.15555119070362
113.137 80.22676462255006
114.783 80.30497411777216
116.452 80.39657974713688
118.146 80.47539706578276
119.865 80.54940392712649
121.608 80.62161948238013
123.377 80.7074317050642
125.171 80.80364660425427
126.992 80.89726302753573
128.839 80.96667358936017
130.713 81.01409423676269
132.615 81.03190859425705
134.543 81.06912175243679
136.5 81.13154235185573
138.486 81.17175840008143
140.5 81.18897984330171
142.544 81.23119452323395
144.617 81.33242360961935
146.721 81.42903872898528
148.855 81.52385526943978
151.02 81.61029265110406
153.217 81.69531160631452
155.445 81.73613243527957
157.706 81.67335720997146
160.0 81.56458421218078
162.327 81.59001220127021
164.688 81.68304568028732
167.084 81.77508519416375
169.514 81.81431000407302
171.98 81.77534312712231
174.481 81.75038005950611
177.019 81.79722055657062
179.594 81.85405403981738
182.206 81.88250208777974
184.856 81.89214259537916
187.545 81.94579943472561
190.273 81.90684508056275
193.041 81.85650779922547
195.849 81.89756593550044
198.697 81.95181870204287
201.587 81.97308680961235
204.52 81.96215645342188
207.494 81.95463534188065
210.512 81.97750853097703
213.574 81.9484029814005
216.681 81.95048903048333
219.833 81.9633809758435
223.03 81.93950021128407
226.274 81.91921027356629
229.565 81.91392815519711
232.905 81.88766769722872
236.292 81.87082086595616
239.729 81.87857907343478
243.216 81.90934229286866
246.754 81.96351560305403
250.343 81.80411038884652
253.984 81.7451390437433
257.678 81.74375887930428
261.426 81.70419156470729
265.229 81.60406803904291
269.087 81.55797961464559
273.001 81.62409632500867
276.972 81.53521679709453
281.0 81.49956957433884
285.088 81.35397711915999
289.234 81.37019280750643
293.441 81.39165299553403
297.709 81.2569229497997
302.04 81.13119157089662
306.433 81.07014358507764
310.89 80.9647421622273
315.412 80.93691571888314
320.0 80.85112607467765
324.655 80.78358501252723
329.377 80.80181497382951
334.168 80.80491515824589
339.028 80.77917139471359
343.959 80.80927831385092
348.962 80.72902688214533
354.038 80.65748035524554
359.188 80.6583958229815
364.412 80.65051561813716
369.713 80.6354398930145
375.09 80.61292936808378
380.546 80.57203345925754
386.081 80.54357676188975
391.697 80.47649587043863
397.394 80.43344169162165
403.175 80.37164388698093
409.039 80.31527602367454
414.989 80.26161059569958
421.025 80.27236385561932
427.149 80.32999918302477
433.362 80.40260703617652
439.665 80.39833880870874
446.06 80.41306685098392
452.548 80.394983216802
459.131 80.30454039754787
465.809 80.30866132529658
472.584 80.3491023280708
479.458 80.30735534203602
486.432 80.33155567848402
493.507 80.31650178153781
500.686 80.26148408258518
507.968 80.23036341207082
515.357 80.21398079916428
522.853 80.19788419088472
530.458 80.19653463388936
538.174 80.17420677575431
546.002 80.16057604735641
553.943 80.1273542855579
562.001 80.14201894764466
570.175 80.17751070039614
578.469 80.22859219974099
586.883 80.30347552413456
595.419 80.36346592166358
604.08 80.43642934736005
612.866 80.5242161543555
621.78 80.58538849827869
630.824 80.65605013288786
640.0 80.71477202087645
649.309 80.78393768517812
658.753 80.81649312432326
668.335 80.83365856416391
678.056 80.82181435878232
687.919 80.79470836445164
697.925 80.73676807047049
708.077 80.66796999825713
718.376 80.56925514653457
728.825 80.45924256127606
739.426 80.33226999192351
750.181 80.194482209721
761.093 80.05021599232464
772.163 79.92166690900937
783.394 79.783932278622
794.789 79.67034168450097
806.349 79.57493098617844
818.078 79.50995861490831
829.977 79.46074497434472
842.05 79.4416338374753
854.298 79.43049727794566
866.724 79.44351672356211
879.33 79.44565733213508
892.12 79.45778361020555
905.097 79.45453509076599
918.262 79.44572551883887
931.618 79.39124354874464
945.169 79.31542177066716
958.917 79.24142784035145
972.864 79.17937201310335
987.015 79.0838146204881
1001.37 78.98257494679108
1015.94 78.8881280391036
1030.71 78.83441550392325
1045.71 78.8226720821274
1060.92 78.83042731096616
1076.35 78.83629292687048
1092.0 78.8464107457193
1107.89 78.85737361238178
1124.0 78.8667453645662
1140.35 78.85681739113825
1156.94 78.83041912399617
1173.77 78.77756851112457
1190.84 78.71750802169525
1208.16 78.68196150204417
1225.73 78.66958916275935
1243.56 78.71121249855307
1261.65 78.7816655208172
1280.0 78.90346817506743
1298.62 79.03137616263706
1317.51 79.12727312801489
1336.67 79.21575882770237
1356.11 79.29624869282539
1375.84 79.3273189235406
1395.85 79.33027213681565
1416.15 79.29657740020104
1436.75 79.25468555711792
1457.65 79.2026201223607
1478.85 79.17964024042125
1500.36 79.16308227846065
1522.19 79.17795364374959
1544.33 79.20086190951471
1566.79 79.24855448101498
1589.58 79.28559960897911
1612.7 79.31708531105075
1636.16 79.32731822901009
1659.95 79.32513562411366
1684.1 79.3055457071547
1708.6 79.26651577647779
1733.45 79.22029989735033
1758.66 79.15917174306959
1784.24 79.06855303720671
1810.19 78.92891519996145
1836.52 78.76218851452029
1863.24 78.54398837217674
1890.34 78.33162671090933
1917.83 78.1057362547647
1945.73 77.92074699126236
1974.03 77.74384687344323
2002.74 77.59596938594353
2031.87 77.42406543114198
2061.43 77.2473969317701
2091.41 77.02242797994079
2121.83 76.78554857650197
2152.69 76.55789081907719
2184.01 76.38461547899081
2215.77 76.25320471283004
2248.0 76.17322188681244
2280.7 76.10519340933186
2313.87 76.04683995868044
2347.53 75.98397374955124
2381.68 75.93853852487533
2416.32 75.91533254687248
2451.46 75.91742846760626
2487.12 75.9311823358323
2523.3 75.9465265466619
2560.0 75.94080428954321
2597.24 75.93156846501086
2635.01 75.92088750970836
2673.34 75.91722460904602
2712.23 75.9024279702075
2751.68 75.88399873895197
2791.7 75.86722210168328
2832.31 75.85976365910247
2873.5 75.83114027597992
2915.3 75.71406430455606
2957.7 75.46756021415942
3000.72 75.12469341005414
3044.37 74.80168276145298
3088.65 74.68545939406918
3133.58 74.81295545910979
3179.16 75.03408259484614
3225.4 75.15957975086182
3272.31 75.10892725404143
3319.91 74.92330034339898
3368.2 74.71016860517648
3417.19 74.5543762125506
3466.89 74.4794910490453
3517.32 74.44352671437883
3568.48 74.40572184353387
3620.39 74.36061524591967
3673.05 74.39492010014293
3726.47 74.58161515156844
3780.67 74.83759534774478
3835.67 74.97839031846895
3891.46 74.90098267169627
3948.06 74.68089041763854
4005.49 74.53238102932848
4063.75 74.58620847277444
4122.86 74.73314596905439
4182.82 74.79399523921533
4243.66 74.70397361017383
4305.39 74.60570264600204
4368.01 74.6683727714857
4431.55 74.85919322410942
4496.01 74.9964162047467
4561.4 75.02450511291683
4627.75 75.07516155263495
4695.06 75.23616710309942
4763.35 75.42499449108
4832.64 75.5449714438233
4902.93 75.61138164979256
4974.24 75.66675016268405
5046.6 75.66082431630046
5120.0 75.55500910560902
5194.47 75.41161349125528
5270.03 75.29421128309168
5346.68 75.15458679041289
5424.45 74.99997984813213
5503.35 74.95398259085758
5583.4 75.056042233233
5664.61 75.13344131426162
5747.01 75.0380347482352
5830.6 74.82395827989531
5915.41 74.57316774862488
6001.45 74.34432808482134
6088.74 74.23082890545295
6177.3 74.3065906067005
6267.15 74.55939406571542
6358.31 74.6881890922573
6450.8 74.64843027206443
6544.62 74.68887824999926
6639.82 74.66127015677108
6736.4 74.44810833068125
6834.38 74.17028307751498
6933.79 74.02716047747884
7034.64 73.94118974887012
7136.96 73.97408038705971
7240.77 74.13263761978712
7346.09 74.03332634392073
7452.94 73.64536239506064
7561.35 73.24740448472001
7671.33 72.97959119858142
7782.91 73.03333781971922
7896.12 73.20750668539247
8010.97 73.26026828227126
8127.49 73.06503069855584
8245.71 72.84419445580559
8365.65 72.84618744103312
8487.33 72.68063318957527
8610.78 72.67682940495838
8736.03 72.52330578055638
8863.09 72.25707843857374
8992.01 72.16035654783309
9122.8 71.91481917340245
9255.5 71.7414751352951
9390.12 71.77693621552937
9526.7 71.50796358356162
9665.27 71.12504113883507
9805.86 70.75688542695273
9948.49 70.17204296828915
10093.2 70.0379524685566
10240.0 69.93988118071093
10388.9 70.48547654664745
10540.1 70.7897626569116
10693.4 70.98125012675155
10848.9 70.65355513894072
11006.7 70.68788012563418
11166.8 70.60166552656035
11329.2 70.53203044781493
11494.0 70.57209857647236
11661.2 70.81127603386425
11830.8 70.83629244251016
12002.9 70.79207173546932
12177.5 70.69539775153028
12354.6 70.19214209374046
12534.3 69.66092539764925
12716.6 69.55924179772254
12901.6 70.07314415979016
13089.2 70.6260248081003
13279.6 71.09127139300267
13472.8 70.95745303143683
13668.8 70.63830895531657
13867.6 70.88166809186475
14069.3 71.26720020044043
14273.9 72.00671488826798
14481.5 72.60015335732643
14692.2 72.7223616068929
14905.9 73.23735638735855
15122.7 73.35006192951835
15342.7 73.46965446444827
15565.8 73.86362279690185
15792.2 73.89048427566959
16021.9 73.58855398410107
16255.0 73.51791203276348
16491.4 73.94540474502502
16731.3 74.2588586437052
16974.7 74.71911005569771
17221.6 74.92539518414243
17472.1 74.4504769135982
17726.2 74.06123857584599
17984.0 73.89129207795908
18245.6 73.48867696773084
18511.0 73.0797787207045
18780.2 73.07573184598967
19053.4 72.69679019814738
19330.5 72.43457301235851
19611.7 72.65028966740971
19897.0 72.69877303681325
