Freq "Rear Wall Bounce"
20.5078 63.75298517559985
21.2402 64.78023015144143
21.9727 65.53008804151986
22.7051 66.38647915672394
23.4375 67.75376026335364
24.1699 68.6508809154991
25.6348 70.64962505298408
26.3672 71.57256014449389
27.0996 72.31743010483356
27.832 73.3226254321961
29.2969 75.24535377928376
30.0293 76.08818928965236
31.4941 77.65838699061783
32.2266 78.46030212840404
33.6914 79.7481640189279
34.4238 80.27733442459768
35.8887 81.19427360374958
37.3535 81.96743050944033
38.8184 82.48968513093772
39.5508 82.68676016864543
41.0156 83.04322806104246
42.4805 83.31274922780625
43.9453 83.57385034158673
45.4102 83.7506051698847
47.6074 84.09195565497411
49.0723 84.25639485324868
50.5371 84.41536184325827
52.7344 84.61632408740383
54.1992 84.80609635701354
56.3965 85.0245225442846
58.5938 85.25340168659568
60.0586 85.38717043681922
62.2559 85.67055679725644
64.4531 85.8582945977008
66.6504 85.94896891403647
69.5801 86.13373924081921
71.7773 86.27986038865826
73.9746 86.37903188822818
76.9043 86.47161749513114
79.834 86.53362276120188
82.7637 86.57304290389791
85.6934 86.59918150826508
88.623 86.6328931385331
91.5527 86.69503949148125
94.4824 86.77848892554846
98.1445 86.75785312898128
101.807 86.7058617892045
105.469 86.66398406606113
109.131 86.59798103528529
112.793 86.48844883540056
116.455 86.32604593043853
120.85 86.20528062513237
125.244 86.10819499971156
129.639 86.12694200062361
134.033 86.10085546645534
138.428 85.9782804362245
143.555 85.94809518900887
148.682 86.22565838223724
153.809 86.07912838792873
159.668 85.6901000539002
164.795 85.35777929749949
170.654 85.38798204525341
176.514 85.13071572633623
183.105 84.46835431477763
189.697 84.21523024322305
196.289 84.2449420838303
202.881 84.14166895592041
210.205 83.98257232335665
217.529 83.63495665844817
225.586 83.7740653238726
232.91 83.61128650976713
241.699 83.59827377946911
249.756 83.37741391466724
258.545 83.77250008773271
268.066 83.75569490330015
277.588 82.91218134930709
287.109 82.65324309452532
297.363 81.5441119786912
307.617 82.99092772163016
318.604 82.9080033441922
329.59 82.40444802800715
341.309 82.3676044555333
353.76 82.29390592430535
366.211 81.69448954896532
378.662 81.4668195363108
392.578 82.02841914935122
405.762 81.11506503384463
420.41 80.55497016005543
435.059 81.66067465786325
450.439 81.43356315644118
466.553 80.85488816942393
482.666 81.2254121549533
500.244 81.57603497486585
517.822 81.10334858241416
536.133 81.24672158672034
554.443 79.73029796941573
574.219 80.61954594993908
594.727 80.40753672081485
615.234 80.51027157419595
637.207 80.34521587972665
659.912 80.017325624825
683.35 80.08734694732723
706.787 79.47575067462134
731.689 79.88376768884635
758.057 79.76646037029865
784.424 79.41720994775525
812.256 78.79539302992268
840.82 77.94569512008525
870.85 78.20753539483141
901.611 78.78523866407599
933.105 76.62502492841897
966.064 75.58932970309293
999.756 77.21297504878368
1034.91 76.40420262051629
1071.53 77.42020365190385
1109.62 76.69276458827565
1148.44 76.15053767687516
1189.45 75.65746328087322
1231.2 75.33856851009601
1274.41 75.52205745886071
1319.82 74.8576479740508
1365.97 75.25885957982973
1414.31 74.93087350082958
1464.11 73.48888685871735
1515.38 73.61286721980264
1568.85 73.39628715213081
1624.51 72.4826555312288
1681.64 73.64902264374149
1740.97 72.80679038786998
1802.49 72.59021500502291
1866.21 73.28930860947928
1932.13 73.00210141577438
2000.24 73.51972896671704
2070.56 72.88531043316802
2143.8 72.38336451710424
2219.24 73.34266551464786
2297.61 73.500779956654
2378.17 73.25357305048108
2462.4 73.28911413429756
2548.83 72.56328564664146
2638.92 71.77580080005896
2731.93 72.25341630821377
2828.61 72.61103745307416
2928.22 72.18919909158697
3031.49 71.88393591375294
3138.43 71.99263040240427
3249.02 72.15978946338218
3363.28 72.12391519937712
3481.93 71.6298528458326
3604.98 71.94348186239027
3732.42 72.04730983951308
3863.53 72.11797070227334
3999.76 72.15984083985767
4141.11 71.95612296605245
4286.87 71.75995973119885
4438.48 71.00530847875947
4594.48 71.19670497431082
4757.08 70.35385344218193
4924.8 70.39285735253839
5098.39 69.46615863577506
5277.83 70.14392785474837
5463.87 69.21020096077396
5656.49 69.35108219821821
5856.45 69.37459307545284
6062.99 68.27418513221701
6276.86 67.90442515337075
6498.05 66.99868811977048
6727.29 65.83207582740326
6964.6 65.64145425401924
7209.96 64.95473963426362
7464.11 64.38223955556838
7727.78 62.90694591978664
8000.24 62.38122551995585
8282.23 60.99558060805546
8574.46 59.35499846112941
8876.22 57.26372706688335
9189.7 54.60494483726552
9513.43 53.53823217379107
9848.88 51.46228876490807
10196.8 49.30934902193695
10556.4 49.98112433756583
10928.5 52.077911287362355
11313.7 53.971612470504965
11712.9 55.0366891422085
12126.0 55.397419334444095
12553.7 54.7878456788261
12996.1 53.96180216327366
13454.6 54.31301052732255
13928.5 55.56466491035738
14419.9 55.62294166293992
14928.2 56.32138659284544
15454.8 57.30732292926166
15999.8 57.9612812038998
16564.5 57.30523362908741
17148.2 56.28733042351823
17753.2 55.38971660774652
18379.4 54.604961258310254
19027.6 52.45020616133789
19698.5 50.24940230816162
19999.5 49.78217421416724
