Freq "Sound Power DI"
22.4 38.33085050002438
23.0 37.69401869490676
23.6 37.482193505156516
24.0 38.93268797306092
25.0 39.83910482553017
25.8 40.42356512369801
26.5 40.09300329177293
27.2 39.24358627381213
28.0 38.98450665412557
29.0 38.42593697482877
30.0 38.90179931978949
30.7 40.85738099457805
31.5 41.97791458309146
32.5 42.5272363965085
33.5 41.865142838676036
34.5 41.89951619228526
35.5 41.994584857892036
36.5 41.52996383845277
37.5 41.11498783602997
38.7 40.87495522215684
40.0 40.96282465346812
41.2 41.032607041656064
42.5 41.20097272310598
43.7 41.46006674775606
45.0 41.37432671365387
46.2 40.23022936121312
47.5 39.213568897149884
48.7 38.94268902511533
50.0 39.22195421311278
51.5 41.96302220074308
53.0 42.683670626985986
54.5 42.67775630044079
56.0 42.63357918870997
58.0 42.46969776032995
60.0 42.335787101938294
61.5 42.14994671433952
63.0 42.03847233993193
65.0 41.97768284821326
67.0 41.88149108148707
69.0 41.70014670727208
71.0 41.419681812641855
73.0 41.03150195202758
75.0 40.69397565770872
77.5 40.45479024181833
80.0 40.3329715207053
82.5 40.21757312381584
85.0 40.25887297359259
87.5 40.290494971271684
90.0 40.20846662700562
92.5 40.17892688467974
95.0 40.281100769058156
97.5 40.53265437170904
100.0 40.83736503052337
103.0 41.03762176659377
106.0 41.30993935329775
109.0 41.47754742268437
112.0 41.59315902136741
115.0 41.61768192631345
118.0 41.62704218354108
122.0 41.52619713501696
125.0 41.44884073885447
128.0 41.37362076570922
132.0 41.38433144769631
136.0 41.4651080453567
140.0 41.590827735867606
145.0 41.74942191181324
150.0 41.93502465572642
155.0 42.14629583500799
160.0 42.324614395137274
165.0 42.45263770039017
170.0 42.47319030135559
175.0 42.41893207144868
180.0 42.3830083510846
185.0 42.481811302223846
190.0 42.69298884588015
195.0 42.975618084720736
200.0 43.38648194144406
206.0 43.83804029826135
212.0 44.00647321813835
218.0 44.10112987340929
224.0 44.20956416358965
230.0 44.30894658957817
236.0 44.45231419597111
240.0 44.585988007974024
250.0 44.65285195109327
258.0 44.624545919072645
265.0 44.54836028684109
272.0 44.37157377587461
280.0 44.41914738011944
290.0 44.630175229895144
300.0 44.898125522517205
307.0 45.075420894693266
315.0 45.192186711611015
325.0 45.41089383187257
335.0 45.18533335145564
345.0 45.16693440744838
355.0 45.584147357270666
365.0 45.79877438904825
375.0 46.0556250194727
387.0 46.299473845359785
400.0 46.4723334625958
412.0 46.68342252145004
425.0 47.1270468645895
437.0 47.22159311959686
450.0 47.246475463195
462.0 46.987815913088895
475.0 46.56770540747931
487.0 46.71646750167183
500.0 46.87474411781119
515.0 46.933237396147405
530.0 46.57748373212118
545.0 45.88765383804058
560.0 45.08500063687694
580.0 45.63903878359571
600.0 47.32797665076923
615.0 47.613827301577686
630.0 47.39952593621753
650.0 47.25500449708207
670.0 47.0008955916027
690.0 47.018638266202615
710.0 46.736505291140546
730.0 45.88761083414116
750.0 45.843132624922404
775.0 46.439379712794334
800.0 46.845309424520934
825.0 47.37774536016123
850.0 47.68079309495441
875.0 47.99787200215988
900.0 48.2647975546443
925.0 48.50727621257167
950.0 48.488716810587576
975.0 48.4549175481214
1000.0 48.56612381812681
1030.0 47.89553069328515
1060.0 47.544229809621854
1090.0 47.61716151174703
1120.0 48.01461753958182
1150.0 49.30644461828429
1180.0 50.04732448196654
1220.0 50.41743027000534
1250.0 50.12862135732108
1280.0 49.96146325380914
1320.0 49.71025365463612
1360.0 49.65813585464443
1400.0 49.46462923205766
1450.0 49.64677577981257
1500.0 49.63594829951981
1550.0 49.320174771203625
1600.0 49.315646027479886
1650.0 49.82056450766808
1700.0 50.07434291450235
1750.0 48.717534642625424
1800.0 49.28739274217021
1850.0 49.48487552909282
1900.0 49.3273323892803
1950.0 49.0533993065184
2000.0 49.23104019430839
2060.0 49.621896295717775
2120.0 49.25035892069204
2180.0 49.752176835472255
2240.0 48.91830881505739
2300.0 49.989596753428174
2360.0 49.699514292139625
2400.0 49.64914023473496
2500.0 49.563851476783
2580.0 50.03223403670597
2650.0 49.871499226979594
2720.0 49.5985449080527
2800.0 49.572288305592735
2900.0 49.25043476490117
3000.0 49.31440139997402
3070.0 49.1739957283052
3150.0 48.80118527009961
3250.0 48.963920824706975
3350.0 49.055280813475434
3450.0 49.5384909852948
3550.0 49.434547639567086
3650.0 49.793729457597635
3750.0 49.62727433451197
3870.0 49.59994738370355
4000.0 49.39031282672039
4120.0 49.22126851117123
4250.0 49.48310078817174
4370.0 49.92539538740621
4500.0 50.19108866075885
4620.0 50.300161828366356
4750.0 49.92959187407163
4870.0 49.643813004264985
5000.0 49.4325609060149
5150.0 49.57637474450614
5300.0 49.98092701100214
5450.0 50.308447006936746
5600.0 50.31254371297163
5800.0 50.03855699824645
6000.0 49.63285851688778
6150.0 49.923800436866344
6300.0 50.421298636937266
6500.0 50.95694526946939
6700.0 50.53665214798262
6900.0 49.88953163150647
7100.0 49.50177314316949
7300.0 50.00852166898112
7500.0 49.85943792178844
7750.0 48.849039453573226
8000.0 48.83073776112488
8250.0 49.544671910176234
8500.0 49.279682498895866
8750.0 49.193273459418364
9000.0 49.49795306620747
9250.0 49.866619205179475
9500.0 49.720560699776854
9750.0 49.15879672476677
10000.0 47.84974014266517
10300.0 48.124159772260114
10600.0 48.353576659946995
10900.0 48.54398549949029
11200.0 48.81490904225724
11500.0 49.712146488876385
11800.0 49.064695700019016
12200.0 50.32558979246207
12500.0 50.33266124800939
12800.0 49.34006475940053
13200.0 50.209529819857806
13600.0 50.60888827503477
14000.0 51.70004959437459
14500.0 51.43086871925509
15000.0 51.29230210859468
15500.0 51.481508457977554
16000.0 51.21046364486733
16500.0 51.66711565822747
17000.0 50.84500698135966
17500.0 51.17978412461356
18000.0 51.19426077131098
18500.0 51.907700822840695
19000.0 52.07208228436038
19500.0 52.48431415495929
