Freq "Sound Power DI"
22.4 52.64093475628613
23.0 52.62551825378762
23.6 52.63038565631143
24.0 52.63281124352204
25.0 52.629517225961706
25.8 52.63637725049884
26.5 52.630871642493844
27.2 52.63399291733123
28.0 52.64093475628613
29.0 52.63290313240543
30.0 52.64093475628613
30.7 52.633807937367806
31.5 52.64013394035146
32.5 52.634796156124025
33.5 52.63087164249383
34.5 52.63106865359613
35.5 52.65097928655416
36.5 52.652513297065525
37.5 52.653411630748764
38.7 52.65185014503584
40.0 52.65359889862887
41.2 52.66906874242062
42.5 52.658199917506835
43.7 52.67131416839996
45.0 52.67730993291512
46.2 52.681831620254016
47.5 52.68452864246335
48.7 52.66431846201414
50.0 52.68544913104628
51.5 52.6872533007233
53.0 52.66434905147676
54.5 52.664106929451435
56.0 52.66255619706831
58.0 52.66500141531735
60.0 52.64832663002932
61.5 52.64732514855562
63.0 52.630871642493844
65.0 52.626493852934004
67.0 52.60169734003318
69.0 52.599558012728664
71.0 52.58507485999134
73.0 52.55683592935604
75.0 52.552843022773644
77.5 52.522010827280084
80.0 52.52253364364854
82.5 52.49325170442967
85.0 52.47476369518927
87.5 52.45896195466081
90.0 52.477523240792465
92.5 52.461776016708995
95.0 52.442718905106446
97.5 52.46414234600614
100.0 52.45373703846495
103.0 52.44448191358424
106.0 52.45878154944177
109.0 52.461152248345115
112.0 52.48092365660611
115.0 52.52202428977854
118.0 52.56588905060477
122.0 52.599960404158765
125.0 52.64040747351153
128.0 52.678664981500305
132.0 52.74045370008173
136.0 52.78906144258339
140.0 52.865444504942346
145.0 52.92608954978968
150.0 53.02004759684037
155.0 53.077439062742684
160.0 53.1447362258878
165.0 53.22865948117665
170.0 53.32031904078217
175.0 53.40153086332495
180.0 53.4887787884622
185.0 53.55995652200565
190.0 53.65841044178579
195.0 53.75311431523866
200.0 53.84161498892222
206.0 53.9411287260793
212.0 54.02982456612462
218.0 54.0761573464696
224.0 54.20540855231225
230.0 54.2623602016037
236.0 54.36260534653056
240.0 54.44300246643746
250.0 54.530343537599435
258.0 54.59104633492228
265.0 54.70811511420554
272.0 54.76805070247505
280.0 54.831027737531315
290.0 54.9175879101298
300.0 54.98826187987592
307.0 55.05702999540172
315.0 55.13490284905295
325.0 55.18803935327689
335.0 55.24193045055728
345.0 55.311284598308646
355.0 55.369680498085984
365.0 55.44089979867688
375.0 55.49100488080629
387.0 55.569207071761454
400.0 55.62401770173324
412.0 55.68267409630266
425.0 55.71573773762958
437.0 55.78455436607847
450.0 55.840151738638795
462.0 55.90066212104347
475.0 55.94843626014196
487.0 56.03085031908951
500.0 56.08836434042351
515.0 56.15224533781084
530.0 56.21802038170509
545.0 56.268114692485284
560.0 56.3567108426807
580.0 56.412541154225124
600.0 56.48090309058834
615.0 56.52462461562092
630.0 56.6044520025835
650.0 56.668181856609834
670.0 56.73009006428876
690.0 56.79433709511359
710.0 56.82310898187336
730.0 56.90700704777933
750.0 56.97551989455518
775.0 57.00304394431129
800.0 57.046508817399044
825.0 57.10900764567407
850.0 57.14749829524433
875.0 57.180549591187585
900.0 57.21751041709156
925.0 57.250544711675616
950.0 57.27316758543783
975.0 57.29790884115472
1000.0 57.326010552542584
1030.0 57.34689034808723
1060.0 57.346316697007296
1090.0 57.3481485053489
1120.0 57.366206643405604
1150.0 57.359235732005985
1180.0 57.3459411101925
1220.0 57.3544914244179
1250.0 57.377288218374034
1280.0 57.36134636775958
1320.0 57.35793508772886
1360.0 57.32525704804202
1400.0 57.31614298979903
1450.0 57.33264180815979
1500.0 57.31724213891383
1550.0 57.28704562510856
1600.0 57.30946928899169
1650.0 57.31859708037288
1700.0 57.31063743985743
1750.0 57.32472051642823
1800.0 57.32557711577678
1850.0 57.32370379229138
1900.0 57.353938671191585
1950.0 57.366221405380486
2000.0 57.38914093975443
2060.0 57.42074036462546
2120.0 57.4504410191462
2180.0 57.508843838537956
2240.0 57.553003542113046
2300.0 57.60565060685417
2360.0 57.67764761785156
2400.0 57.73568766735154
2500.0 57.78163072767484
2580.0 57.8576520463903
2650.0 57.931203391276526
2720.0 57.99240995596794
2800.0 58.06645395085181
2900.0 58.11010568697611
3000.0 58.18390548838563
3070.0 58.23945671704868
3150.0 58.321866121387075
3250.0 58.38358412860035
3350.0 58.46700728536743
3450.0 58.5120118830004
3550.0 58.568815326706186
3650.0 58.630578304700194
3750.0 58.6979067050182
3870.0 58.77225177166454
4000.0 58.82607075332369
4120.0 58.86840640394546
4250.0 58.9020113285372
4370.0 58.94072360211747
4500.0 58.98570579094073
4620.0 59.04039861150514
4750.0 59.07404428670965
4870.0 59.107552775203345
5000.0 59.13125596563411
5150.0 59.161925933209744
5300.0 59.1882620020795
5450.0 59.20519081087454
5600.0 59.22892641004137
5800.0 59.25264640572094
6000.0 59.27361501064007
6150.0 59.28100844043655
6300.0 59.29415267523328
6500.0 59.31329746360878
6700.0 59.32407902745801
6900.0 59.33449957420888
7100.0 59.35008859634311
7300.0 59.35768463290766
7500.0 59.37203924298413
7750.0 59.36067104642859
8000.0 59.38135837224068
8250.0 59.36070680484809
8500.0 59.364592895411164
8750.0 59.3747479149572
9000.0 59.37284636062016
9250.0 59.37648792355654
9500.0 59.37144182064496
9750.0 59.38139894721802
10000.0 59.381772355430556
10300.0 59.38626483035337
10600.0 59.374840997341764
10900.0 59.38231308644356
11200.0 59.376001422234054
11500.0 59.37516382485521
11800.0 59.37706372485739
12200.0 59.38250565608293
12500.0 59.38068889837345
12800.0 59.3537137423823
13200.0 59.36600188423273
13600.0 59.378620140186925
14000.0 59.36048356354172
14500.0 59.363002097739766
15000.0 59.372733791362194
15500.0 59.3505758260756
16000.0 59.354905713529945
16500.0 59.35489313648327
17000.0 59.347691127257676
17500.0 59.35792788121738
18000.0 59.3447055576184
18500.0 59.36206167261925
19000.0 59.36413395682345
19500.0 59.35918270313047
20000.0 59.358717799053125
