Freq "Listening Window"
22.4 32.354433441604314
23.0 31.354942899960477
23.6 30.366775520045607
24.0 29.4843924911808
25.0 29.16775353935556
25.8 29.353262425183644
26.5 30.379136291879647
27.2 34.352817204846914
28.0 37.208625975836284
29.0 39.20016228534952
30.0 40.937260733242525
30.7 42.07634710070268
31.5 43.11821421916282
32.5 44.181067253680666
33.5 45.91495862255523
34.5 48.518690929375495
35.5 50.59924596862153
36.5 50.63727439460253
37.5 51.51200747188365
38.7 51.79810663549303
40.0 50.96246520597269
41.2 50.16154875053921
42.5 55.288830019306275
43.7 61.21252077939832
45.0 55.83073987531057
46.2 51.45556173130946
47.5 53.999588332122215
48.7 57.071311421830984
50.0 55.27542919006659
51.5 54.06571907057415
53.0 54.26623164723824
54.5 55.33871916287991
56.0 56.697938606752814
58.0 58.15512662467134
60.0 59.52379074913232
61.5 60.20927153843698
63.0 61.13950277994083
65.0 62.475376630661444
67.0 63.34966008783287
69.0 64.09334254975691
71.0 64.8824585871584
73.0 65.63735968113342
75.0 66.32710581768958
77.5 66.96242501806009
80.0 67.52895967692872
82.5 68.01659385497535
85.0 68.48403523456943
87.5 68.81684569834194
90.0 69.02764392944422
92.5 69.17156520003803
95.0 69.33735968113342
97.5 69.47129279543992
100.0 69.58247646278448
103.0 69.81528091958275
106.0 69.9260771836366
109.0 69.98194496814381
112.0 70.00394084268055
115.0 69.99283021640001
118.0 70.0819449681438
122.0 70.22632847768952
125.0 70.40469278452251
128.0 70.52632847768953
132.0 70.63710318586945
136.0 70.82607718363658
140.0 71.03710318586944
145.0 71.21502311698329
150.0 71.35932676568123
155.0 71.57052332502798
160.0 71.88195088148564
165.0 72.08195088148562
170.0 72.14966008783288
175.0 72.24966008783288
180.0 72.4499158425764
185.0 72.61735520659813
190.0 72.6391490239171
195.0 72.75039765712745
200.0 72.86189024271776
206.0 72.8301614242893
212.0 72.90804594432237
218.0 73.18599461876919
224.0 73.2862541502564
230.0 73.32192921958993
236.0 73.64694371469722
240.0 73.69332081447534
250.0 73.85081819114701
258.0 74.06879994122141
265.0 74.10834668923475
272.0 74.227351064086
280.0 74.19486752995687
290.0 74.23986611236421
300.0 74.27403998728997
307.0 74.26009227907882
315.0 74.23916707869743
325.0 74.18886942694203
335.0 74.17050147524144
345.0 74.05654832487943
355.0 74.09738159138676
365.0 74.16390743126671
375.0 74.15319910057217
387.0 74.17483792623612
400.0 74.15164736773805
412.0 74.17457771160502
425.0 74.39738159138676
437.0 74.64091456103127
450.0 75.00873878602108
462.0 75.32111427035524
475.0 75.63240380653329
487.0 75.68703278925277
500.0 75.61200324658321
515.0 75.53409863519963
530.0 75.33111359485092
545.0 75.16594716007549
560.0 74.97661861729361
580.0 75.01754847039588
600.0 75.03862468910239
615.0 74.88345084508308
630.0 74.55040415599353
650.0 74.4082869270137
670.0 74.50124083277507
690.0 74.6462106548476
710.0 74.7360607520588
730.0 74.8165160175629
750.0 74.81155575882791
775.0 74.65318561353581
800.0 74.63712871559967
825.0 74.52923347329009
850.0 74.22364213811245
875.0 73.93249136941542
900.0 73.75914868972818
925.0 73.45425101944322
950.0 73.60009087584038
975.0 73.6608344254377
1000.0 73.82567421688488
1030.0 74.01297280364196
1060.0 73.97920230251653
1090.0 73.74090444300168
1120.0 73.55068028026449
1150.0 73.14822146384674
1180.0 72.74517367313301
1220.0 72.28207526476086
1250.0 71.95263023845946
1280.0 71.78481946899487
1320.0 71.46776576920698
1360.0 71.36151451161227
1400.0 71.16131276738083
1450.0 71.18900752700951
1500.0 71.1005587055008
1550.0 70.82709384450374
1600.0 70.6199966163097
1650.0 70.25293245102344
1700.0 70.21227526586561
1750.0 70.38313895469673
1800.0 70.45799606026257
1850.0 70.58509001458931
1900.0 70.53544530168311
1950.0 70.84094082600437
2000.0 70.7350190407603
2060.0 70.72968490362106
2120.0 70.82906262747554
2180.0 70.88494255107194
2240.0 71.25596187476229
2300.0 71.75115042838742
2360.0 71.92743885939863
2400.0 71.91410519273211
2500.0 71.91269224292411
2580.0 71.61036446982983
2650.0 71.16635367109647
2720.0 70.81682766900748
2800.0 70.62641513199829
2900.0 70.38383067472246
3000.0 70.39043229878938
3070.0 70.72200742314415
3150.0 70.91046840728076
3250.0 71.3387254758044
3350.0 71.56996615079854
3450.0 71.7304344298576
3550.0 71.9339958811602
3650.0 71.96694066163916
3750.0 72.13531285804648
3870.0 72.41935911149513
4000.0 72.86093171883279
4120.0 73.20068301883967
4250.0 73.32291410761155
4370.0 72.7128150769516
4500.0 72.50244903295847
4620.0 72.42509371192189
4750.0 72.69205091986252
4870.0 73.34991116539837
5000.0 74.24788098410392
5150.0 75.00440105912001
5300.0 75.57784316669333
5450.0 76.05581143666842
5600.0 76.54365595262416
5800.0 76.64054747466675
6000.0 76.43829216860223
6150.0 75.87013514308883
6300.0 75.18699359606407
6500.0 74.53337096587241
6700.0 74.1984514278985
6900.0 74.10610656000269
7100.0 73.90951663054435
7300.0 73.96209548564944
7500.0 73.81910042261562
7750.0 73.9172134405624
8000.0 74.34559983915253
8250.0 74.79638217801049
8500.0 75.45423432178714
8750.0 75.61645782825953
9000.0 75.31943326888484
9250.0 74.42449269761069
9500.0 74.04812487670645
9750.0 74.08403382157636
10000.0 75.1063873314927
10300.0 74.9460565413349
10600.0 74.3281886970051
10900.0 74.00134799577052
11200.0 73.55688442279421
11500.0 73.14951164323806
11800.0 73.41196103546426
12200.0 72.75183774625732
12500.0 71.96881331927791
12800.0 71.88113827052794
13200.0 72.94654422920982
13600.0 73.75044391557795
14000.0 72.74521110899603
14500.0 72.28443968239206
15000.0 72.76873069337996
15500.0 72.94342510484215
16000.0 72.69508783161412
16500.0 71.50211822226815
17000.0 70.86251142410877
17500.0 70.50790303183884
18000.0 69.99934025671098
18500.0 68.43272562424166
19000.0 66.57531220269084
19500.0 65.73438181992502
