Freq "On Axis"
22.4 32.2481012658228
23.0 31.648101265822802
23.6 31.048101265822808
24.0 30.448101265822785
25.0 29.948101265822785
25.8 29.548101265822808
26.5 29.248101265822797
27.2 29.248101265822797
28.0 29.448101265822785
29.0 29.948101265822785
30.0 30.748101265822797
30.7 31.748101265822797
31.5 32.84810126582279
32.5 34.1481012658228
33.5 35.54810126582281
34.5 37.04810126582281
35.5 38.448101265822785
36.5 39.84810126582279
37.5 41.2481012658228
38.7 42.34810126582279
40.0 43.54810126582281
41.2 44.7481012658228
42.5 45.84810126582279
43.7 46.948101265822785
45.0 48.04810126582281
46.2 49.04810126582281
47.5 50.04810126582281
48.7 51.04810126582281
50.0 52.1481012658228
51.5 53.2481012658228
53.0 54.34810126582279
54.5 55.54810126582281
56.0 56.84810126582279
58.0 58.04810126582281
60.0 59.34810126582279
61.5 60.54810126582281
63.0 61.54810126582281
65.0 62.448101265822814
67.0 63.34810126582279
69.0 64.1481012658228
71.0 64.94810126582281
73.0 65.6481012658228
75.0 66.34810126582282
77.5 66.9481012658228
80.0 67.54810126582278
82.5 68.0481012658228
85.0 68.4481012658228
87.5 68.84810126582282
90.0 69.0481012658228
92.5 69.1481012658228
95.0 69.2481012658228
97.5 69.3481012658228
100.0 69.5481012658228
103.0 69.7481012658228
106.0 69.8481012658228
109.0 69.94810126582281
112.0 69.94810126582281
115.0 69.94810126582281
118.0 70.04810126582278
122.0 70.2481012658228
125.0 70.4481012658228
128.0 70.5481012658228
132.0 70.6481012658228
136.0 70.8481012658228
140.0 71.04810126582281
145.0 71.2481012658228
150.0 71.44810126582279
155.0 71.6481012658228
160.0 71.9481012658228
165.0 72.1481012658228
170.0 72.1481012658228
175.0 72.2481012658228
180.0 72.54810126582278
185.0 72.7481012658228
190.0 72.7481012658228
195.0 72.9481012658228
200.0 73.1481012658228
206.0 73.1481012658228
212.0 73.2481012658228
218.0 73.4481012658228
224.0 73.54810126582281
230.0 73.54810126582281
236.0 73.84810126582282
240.0 73.84810126582282
250.0 73.94810126582279
258.0 74.1481012658228
265.0 74.2481012658228
272.0 74.3481012658228
280.0 74.3481012658228
290.0 74.3481012658228
300.0 74.3481012658228
307.0 74.2481012658228
315.0 74.2481012658228
325.0 74.1481012658228
335.0 74.2481012658228
345.0 74.2481012658228
355.0 74.3481012658228
365.0 74.4481012658228
375.0 74.4481012658228
387.0 74.4481012658228
400.0 74.3481012658228
412.0 74.3481012658228
425.0 74.5481012658228
437.0 74.8481012658228
450.0 75.2481012658228
462.0 75.5481012658228
475.0 75.8481012658228
487.0 75.9481012658228
500.0 75.8481012658228
515.0 75.6481012658228
530.0 75.5481012658228
545.0 75.4481012658228
560.0 75.2481012658228
580.0 75.1481012658228
600.0 75.04810126582278
615.0 74.8481012658228
630.0 74.5481012658228
650.0 74.5481012658228
670.0 74.7481012658228
690.0 75.04810126582278
710.0 75.2481012658228
730.0 75.2481012658228
750.0 75.1481012658228
775.0 75.04810126582278
800.0 74.8481012658228
825.0 74.6481012658228
850.0 74.3481012658228
875.0 74.2481012658228
900.0 74.1481012658228
925.0 74.0481012658228
950.0 74.0481012658228
975.0 74.0481012658228
1000.0 74.0481012658228
1030.0 74.1481012658228
1060.0 74.2481012658228
1090.0 74.1481012658228
1120.0 73.84810126582282
1150.0 73.54810126582281
1180.0 73.1481012658228
1220.0 72.7481012658228
1250.0 72.3481012658228
1280.0 72.1481012658228
1320.0 71.8481012658228
1360.0 71.8481012658228
1400.0 71.8481012658228
1450.0 71.8481012658228
1500.0 71.7481012658228
1550.0 71.6481012658228
1600.0 71.34810126582282
1650.0 71.04810126582281
1700.0 71.04810126582281
1750.0 71.1481012658228
1800.0 71.2481012658228
1850.0 71.44810126582279
1900.0 71.6481012658228
1950.0 71.8481012658228
2000.0 71.9481012658228
2060.0 71.9481012658228
2120.0 72.0481012658228
2180.0 72.1481012658228
2240.0 72.54810126582278
2300.0 72.7481012658228
2360.0 72.9481012658228
2400.0 72.84810126582279
2500.0 72.7481012658228
2580.0 72.54810126582278
2650.0 72.3481012658228
2720.0 72.0481012658228
2800.0 71.9481012658228
2900.0 71.9481012658228
3000.0 72.0481012658228
3070.0 72.2481012658228
3150.0 72.3481012658228
3250.0 72.54810126582278
3350.0 72.6481012658228
3450.0 72.7481012658228
3550.0 72.9481012658228
3650.0 72.9481012658228
3750.0 73.0481012658228
3870.0 73.2481012658228
4000.0 73.6481012658228
4120.0 74.0481012658228
4250.0 74.2481012658228
4370.0 74.0481012658228
4500.0 73.84810126582282
4620.0 73.84810126582282
4750.0 74.0481012658228
4870.0 74.7481012658228
5000.0 75.7481012658228
5150.0 76.6481012658228
5300.0 77.3481012658228
5450.0 77.9481012658228
5600.0 78.3481012658228
5800.0 78.6481012658228
6000.0 78.4481012658228
6150.0 77.84810126582279
6300.0 77.0481012658228
6500.0 76.34810126582282
6700.0 76.04810126582281
6900.0 76.1481012658228
7100.0 75.8481012658228
7300.0 75.5481012658228
7500.0 75.2481012658228
7750.0 75.34810126582279
8000.0 75.4481012658228
8250.0 75.6481012658228
8500.0 76.1481012658228
8750.0 76.34810126582282
9000.0 76.1481012658228
9250.0 75.5481012658228
9500.0 75.1481012658228
9750.0 75.1481012658228
10000.0 75.9481012658228
10300.0 76.04810126582281
10600.0 75.8481012658228
10900.0 75.7481012658228
11200.0 75.2481012658228
11500.0 74.8481012658228
11800.0 74.8481012658228
12200.0 74.2481012658228
12500.0 72.9481012658228
12800.0 72.3481012658228
13200.0 72.44810126582281
13600.0 72.9481012658228
14000.0 72.84810126582279
14500.0 73.4481012658228
15000.0 74.6481012658228
15500.0 75.4481012658228
16000.0 75.7481012658228
16500.0 75.1481012658228
17000.0 74.3481012658228
17500.0 73.6481012658228
18000.0 73.3481012658228
18500.0 71.6481012658228
19000.0 69.7481012658228
19500.0 68.7481012658228
