Freq "Estimated In-Room Response"
20.5078 68.79911496962188
21.2402 69.62414440166215
21.9727 71.96998077820652
22.7051 73.99918279722978
23.4375 75.88593710628425
24.1699 77.38332238298678
25.6348 78.82932024319099
26.3672 79.16115979156044
27.0996 78.98029941437048
27.832 78.57039377533245
29.2969 77.67760121825194
30.0293 78.03593535071562
31.4941 77.57055811691704
32.2266 78.21345937569865
33.6914 78.589906159104
34.4238 78.71219754916302
35.8887 79.16545825574184
37.3535 79.43633677486105
38.8184 79.73896042991828
39.5508 79.97563615109198
41.0156 80.37459327179388
42.4805 80.96374370112778
43.9453 81.32799755127091
45.4102 81.8310725995768
47.6074 82.58378378149268
49.0723 83.10194081156952
50.5371 83.86941146032459
52.7344 84.65528512697347
54.1992 85.12916884461025
56.3965 85.90254492333405
58.5938 86.87865856600973
60.0586 87.67136639380598
62.2559 88.3525212274937
64.4531 89.24078027644087
66.6504 90.39175442755064
69.5801 91.7875998878479
71.7773 92.87170666772136
73.9746 93.74163745704539
76.9043 94.2727994530405
79.834 93.45534313116664
82.7637 90.89394841869942
85.6934 88.24622162585018
88.623 86.9535227311919
91.5527 86.63043123554066
94.4824 86.52870532869561
98.1445 86.41928083119122
101.807 86.35097228372629
105.469 86.23842950530982
109.131 85.94773983070604
112.793 85.66387189442293
116.455 85.0658325574813
120.85 85.29170204248474
125.244 86.86333792663733
129.639 86.87174636133805
134.033 85.99169661399046
138.428 85.11290444725579
143.555 85.70369150168554
148.682 85.91187968323472
153.809 85.62923351745597
159.668 85.55142916761915
164.795 85.49604835024498
170.654 84.78564964939355
176.514 85.26713469034857
183.105 83.95690573535305
189.697 84.04489229783749
196.289 84.45952375755391
202.881 84.07940158541797
210.205 84.25767244089806
217.529 83.92768523322734
225.586 82.84446420051722
232.91 81.44609277034044
241.699 80.5035400025938
249.756 80.35046541465637
258.545 79.25850582874128
268.066 76.91583479105071
277.588 76.77433336153352
287.109 74.58804321580219
297.363 77.45424804460693
307.617 83.56525196056268
318.604 86.94898738666225
329.59 86.18216807536983
341.309 85.2446138371929
353.76 84.46309466886565
366.211 84.15480713716643
378.662 83.12769011925799
392.578 82.58842405183768
405.762 82.54745634736184
420.41 82.78761895360685
435.059 82.72783658158068
450.439 81.81172026728834
466.553 82.35809645705666
482.666 83.31479835767188
500.244 82.40975306218341
517.822 82.58695463682088
536.133 82.52877903654877
554.443 83.31649754186009
574.219 83.42751909249785
594.727 83.72323730168821
615.234 83.32942236763128
637.207 84.18680093671398
659.912 83.9289106627509
683.35 84.80973044909047
706.787 84.23229029042278
731.689 85.54624336939948
758.057 85.95032808557423
784.424 85.99489126929035
812.256 85.82227355746812
840.82 85.69480868543201
870.85 85.50664242984853
901.611 85.56774076103991
933.105 85.44033032094613
966.064 85.48244087690294
999.756 85.59049888421787
1034.91 85.69626322596766
1071.53 85.96148754059757
1109.62 85.54101719540196
1148.44 85.5790652628079
1189.45 85.18009062131635
1231.2 85.04828439735778
1274.41 84.97145718011696
1319.82 84.43547865407328
1365.97 84.35420409858496
1414.31 84.05034984087722
1464.11 84.093483997413
1515.38 84.05932790673211
1568.85 83.77499606703073
1624.51 83.41720820415858
1681.64 83.15012901239538
1740.97 83.04682936383043
1802.49 83.21839213672737
1866.21 83.65621262430963
1932.13 83.70498591691191
2000.24 84.15426897330521
2070.56 85.21835927892492
2143.8 83.98394315448958
2219.24 79.62337999264084
2297.61 77.95345125841351
2378.17 77.45198529545817
2462.4 77.1370662901454
2548.83 78.11471609824689
2638.92 79.27762975755259
2731.93 79.42177221315917
2828.61 79.5804342046326
2928.22 80.0268575561901
3031.49 80.32335639943952
3138.43 80.59452864393388
3249.02 80.51212631185864
3363.28 80.85667716449035
3481.93 81.96072522333995
3604.98 82.43560134046396
3732.42 83.1046626358577
3863.53 83.07092924831335
3999.76 83.02890041670561
4141.11 82.292068323809
4286.87 82.20170241954852
4438.48 82.87151850807692
4594.48 83.29751589604095
4757.08 83.45361545608955
4924.8 84.12199366147803
5098.39 84.001516771865
5277.83 84.01097148988967
5463.87 83.75694547644595
5656.49 84.05899519367426
5856.45 83.85485268023648
6062.99 83.78539547339665
6276.86 83.22660557088557
6498.05 83.14410481311985
6727.29 82.46334913197076
6964.6 82.5481175751666
7209.96 82.24220041555884
7464.11 82.25505922094479
7727.78 81.84052976297235
8000.24 81.61712586918844
8282.23 81.73246932166754
8574.46 81.65052448125033
8876.22 81.57243345487838
9189.7 81.08018279775169
9513.43 81.07069587309368
9848.88 80.89670768282349
10196.8 80.66977586761293
10556.4 80.85859074846246
10928.5 81.29705818738842
11313.7 81.23828980221353
11712.9 80.94418325323463
12126.0 80.57088621414611
12553.7 80.62980482137456
12996.1 80.96580243476117
13454.6 81.2758644546984
13928.5 81.1255204603379
14419.9 80.68689305099835
14928.2 80.71898298125936
15454.8 80.8532704776861
15999.8 80.38312324667464
16564.5 79.78271506168534
17148.2 79.41103394056744
17753.2 79.36841743453726
18379.4 79.27440573377115
19027.6 78.86834458675386
19698.5 78.50562348848422
19999.5 78.48642875790969
