Freq "On Axis"
20.5078 47.65997887833562
21.2402 48.73277887833562
21.9727 48.52227887833563
22.7051 51.86747887833563
23.4375 51.63617887833563
24.1699 52.55587887833563
25.6348 54.56937887833563
26.3672 55.50637887833561
27.0996 56.34817887833562
27.832 57.42957887833562
29.2969 59.53197887833561
30.0293 60.745078878335605
31.4941 62.48247887833561
32.2266 63.38017887833563
33.6914 64.93847887833562
34.4238 65.70767887833561
35.8887 67.28397887833562
37.3535 68.71867887833562
38.8184 70.10447887833563
39.5508 70.73497887833562
41.0156 71.95767887833561
42.4805 73.10947887833562
43.9453 74.13707887833561
45.4102 75.10067887833561
47.6074 76.49737887833562
49.0723 77.22907887833561
50.5371 77.88467887833562
52.7344 78.80217887833562
54.1992 79.40837887833561
56.3965 80.17907887833562
58.5938 80.83197887833562
60.0586 81.26237887833562
62.2559 81.93017887833562
64.4531 82.45527887833562
66.6504 82.98007887833562
69.5801 83.68017887833562
71.7773 84.17757887833562
73.9746 84.63177887833562
76.9043 85.22447887833563
79.834 85.72087887833561
82.7637 86.13787887833561
85.6934 86.44807887833564
88.623 86.85137887833562
91.5527 87.07917887833563
94.4824 87.24617887833561
98.1445 87.34897887833561
101.807 87.35687887833562
105.469 87.28037887833564
109.131 87.17867887833562
112.793 87.05117887833562
116.455 86.91097887833563
120.85 86.7714788783356
125.244 86.65287887833561
129.639 86.39217887833561
134.033 86.10177887833562
138.428 85.89087887833561
143.555 85.80087887833561
148.682 85.79707887833563
153.809 85.66677887833562
159.668 85.33397887833561
164.795 85.09657887833562
170.654 85.19927887833562
176.514 84.98867887833562
183.105 84.93737887833562
189.697 84.66407887833562
196.289 84.54397887833564
202.881 84.43507887833562
210.205 84.25717887833561
217.529 84.05547887833562
225.586 83.82077887833562
232.91 83.89967887833562
241.699 83.72137887833561
249.756 84.42887887833562
258.545 84.26807887833561
268.066 84.1353788783356
277.588 84.22287887833562
287.109 84.22367887833562
297.363 84.31947887833562
307.617 84.14607887833562
318.604 84.15617887833562
329.59 84.44087887833562
341.309 83.86067887833562
353.76 83.90117887833561
366.211 84.42337887833561
378.662 84.70967887833562
392.578 85.00047887833561
405.762 84.85267887833562
420.41 84.45037887833563
435.059 84.22027887833563
450.439 83.83007887833561
466.553 84.62077887833561
482.666 84.50707887833562
500.244 84.40567887833562
517.822 85.40147887833562
536.133 85.38677887833562
554.443 85.10067887833561
574.219 84.86247887833561
594.727 84.40127887833562
615.234 84.16117887833563
637.207 83.97237887833562
659.912 84.13797887833562
683.35 83.91527887833561
706.787 83.40017887833562
731.689 84.03747887833562
758.057 83.59107887833562
784.424 83.16257887833562
812.256 83.16067887833562
840.82 83.94137887833561
870.85 83.07097887833562
901.611 83.22467887833562
933.105 83.7673788783356
966.064 85.01107887833562
999.756 86.16117887833562
1034.91 86.33087887833562
1071.53 85.62567887833562
1109.62 85.47217887833561
1148.44 85.34767887833561
1189.45 84.67437887833562
1231.2 85.54897887833562
1274.41 85.24667887833562
1319.82 86.1979788783356
1365.97 86.31677887833561
1414.31 86.49297887833562
1464.11 86.58687887833564
1515.38 86.59967887833562
1568.85 87.66217887833562
1624.51 87.57937887833562
1681.64 87.09437887833562
1740.97 85.92287887833562
1802.49 84.64527887833562
1866.21 84.95137887833563
1932.13 85.80477887833563
2000.24 86.39467887833561
2070.56 85.49517887833562
2143.8 86.18847887833562
2219.24 87.16897887833562
2297.61 86.60077887833562
2378.17 85.93947887833563
2462.4 85.65977887833562
2548.83 84.89897887833563
2638.92 83.62287887833561
2731.93 83.03707887833562
2828.61 84.66957887833561
2928.22 83.65447887833562
3031.49 85.05647887833562
3138.43 86.09017887833562
3249.02 86.23897887833563
3363.28 86.55437887833561
3481.93 87.21317887833563
3604.98 87.28437887833563
3732.42 86.75457887833562
3863.53 86.64267887833562
3999.76 86.14787887833562
4141.11 86.71787887833563
4286.87 85.66327887833562
4438.48 85.45407887833562
4594.48 84.58587887833562
4757.08 83.93037887833562
4924.8 82.69857887833562
5098.39 82.86357887833562
5277.83 81.99257887833562
5463.87 82.18017887833562
5656.49 82.26817887833562
5856.45 82.94107887833562
6062.99 83.49757887833562
6276.86 84.0753788783356
6498.05 84.19457887833562
6727.29 83.65167887833563
6964.6 84.10297887833563
7209.96 83.77647887833562
7464.11 84.47747887833562
7727.78 84.41127887833562
8000.24 84.78497887833562
8282.23 85.19297887833562
8574.46 84.48047887833562
8876.22 84.18037887833562
9189.7 83.81837887833562
9513.43 83.45047887833562
9848.88 83.66577887833562
10196.8 83.62187887833561
10556.4 83.94147887833562
10928.5 84.04967887833563
11313.7 83.9186788783356
11712.9 83.96607887833562
12126.0 83.93627887833561
12553.7 83.93327887833563
12996.1 83.78637887833561
13454.6 83.50377887833562
13928.5 83.40977887833562
14419.9 83.46117887833562
14928.2 83.93557887833562
15454.8 83.92347887833562
15999.8 83.83737887833561
16564.5 83.9410788783356
17148.2 84.04657887833564
17753.2 83.93627887833561
18379.4 83.84297887833561
19027.6 84.8973788783356
19698.5 86.58547887833562
19999.5 87.51417887833561
