Freq "Early Reflections DI"
20.5078 37.327642177633436
21.9727 37.47010574202905
23.4375 37.29899582843889
24.9023 37.64079808533701
26.3672 38.39356768558629
27.832 38.0516757663632
29.2969 38.462050121053906
30.7617 38.80103950619505
32.2266 38.925253590304905
33.6914 38.99233608715595
35.1562 39.09833933505038
36.6211 39.202174351126985
38.0859 39.2381924155022
39.5508 39.281576408981934
41.0156 39.35927420770233
42.4805 39.375823885748815
43.9453 39.436871443857754
45.4102 39.467251822948924
46.875 39.499192105803345
48.3398 39.52078054734744
51.2695 39.58396458100373
52.7344 39.596720907728525
54.1992 39.61843390610562
55.6641 39.65403799890106
58.5938 39.68581906881096
60.0586 39.708146148383676
62.9883 39.754341942937884
64.4531 39.785327023550664
67.3828 39.82142074544515
68.8477 39.82054335380376
71.7773 39.842493819909706
74.707 39.86690782822926
77.6367 39.8900300812908
79.1016 39.9038792080062
82.0312 39.92482950611573
84.9609 39.92749332544409
87.8906 39.94729562930908
90.8203 39.98119663557928
95.2148 40.01924831112041
98.1445 40.04691440246012
101.074 40.084322583074936
105.469 40.12296090130391
108.398 40.111203572042655
112.793 40.11232316325072
117.188 40.19671673603182
120.117 40.261092857880925
124.512 40.216233568327
128.906 40.2282362803213
133.301 40.29847205397721
139.16 40.27618091589136
143.555 40.29576495738989
147.949 40.333938681755015
153.809 40.37939434618929
159.668 40.38635543405165
165.527 40.4840102767356
171.387 40.549026347946
177.246 40.450873088555454
183.105 40.53334769812953
188.965 40.57661802384287
196.289 40.574884886716944
203.613 40.652017872172564
210.938 40.82074042502046
218.262 40.72372384678732
225.586 40.70449109798841
232.91 40.80713779805919
241.699 40.92848186715821
250.488 40.97901678374808
259.277 41.1394109341755
268.066 40.91558180379364
276.855 40.86112649284625
287.109 41.04538918518094
297.363 41.08200975627487
307.617 40.90110449717811
319.336 40.893337831488225
329.59 40.962632742636714
341.309 41.12375471814131
353.027 41.29288820892896
366.211 41.12820169350317
379.395 41.140671787524724
392.578 41.21039568847067
405.762 41.01955115100209
420.41 41.32266656431639
435.059 41.579567577355306
451.172 41.662897074518
465.82 41.769489608579704
483.398 41.80736940534811
499.512 41.971969145098385
517.09 41.916852441995175
536.133 41.79046162940442
555.176 41.87654111947893
574.219 41.98526936469305
594.727 41.45558445818614
615.234 41.59557386424213
637.207 42.05356059088491
659.18 42.08788048161699
682.617 42.41724711143793
707.52 42.42220497684498
732.422 42.41384414906017
757.324 42.44399278236999
785.156 42.64130519807476
811.523 42.60124619216157
840.82 42.730883311542414
870.117 41.68013519323148
900.879 41.208480098622374
933.105 42.06917435399089
965.332 42.22612300593582
1000.49 42.0659184186038
1035.64 42.1802561436925
1072.27 41.85503158951967
1108.89 41.894066547575974
1148.44 41.323655323165255
1189.45 40.95846041604102
1230.47 40.798772655105864
1274.41 40.69442738168347
1319.82 40.33425574565999
1366.7 40.12417764303083
1413.57 39.91579560611629
1463.38 39.12323692384746
1516.11 38.662236415618366
1568.85 39.423098921957944
1624.51 40.232571378861465
1681.64 40.71448834017828
1741.7 40.8279704528465
1803.22 41.33799832627484
1866.21 41.38561947962387
1932.13 41.281482394947076
1999.51 41.627161751291084
2069.82 41.746509593051556
2143.07 41.46249921568773
2219.24 41.29587386976843
2296.88 41.74698844220765
2378.91 41.469086435854905
2462.4 41.011890133682414
2548.83 41.528500347043035
2639.65 41.55675967371812
2731.93 41.43419663167988
2828.61 41.85453759219334
2928.22 41.751162925252316
3030.76 41.28061138692546
3137.7 41.38206013540079
3249.02 40.9689823709451
3363.28 40.97004458958584
3481.93 41.27284655888745
3604.98 41.428029186804025
3732.42 41.47165416190178
3864.26 41.64507631619598
4000.49 40.95297161315912
4141.11 40.60510890003307
4287.6 40.79495639698911
4438.48 41.19810739989438
4595.21 41.31165845524191
4756.35 41.64198256926558
4924.8 41.6543250091696
5097.66 41.69733959135222
5277.83 41.975634334491616
5463.87 42.32999582174409
5657.23 42.47712059873254
5856.45 42.701097933097
6062.99 43.01412102461214
6276.86 43.08945998073827
6498.05 43.114979239190575
6726.56 43.201614066014955
6963.87 43.198501772193865
7209.96 43.09685929192932
7464.84 43.19475600982608
7727.05 43.40911408462253
7999.51 43.47152656406848
8282.23 43.515611158858945
8573.73 43.5449715541624
8876.95 43.59895804538432
9188.96 43.61530328132599
9514.16 43.55766384844421
9849.61 43.610286022556124
10196.8 43.79042768205838
10555.7 43.9031018851265
10927.7 44.014243471690136
11313.0 44.11767132747664
11712.9 44.28792031504614
12126.0 44.53542240902111
12553.7 44.74294833562368
12996.1 44.92009566670096
13454.6 45.04080951371773
13929.2 45.39108517088516
14419.9 45.694885355931376
14928.2 45.923407673250566
15455.6 46.0633087442677
16000.5 46.16498146890136
16564.5 46.266713942377706
17148.9 46.279929898243466
17752.4 46.25483999861612
18379.4 46.19342856351817
19026.9 46.08589138541312
19697.8 45.92416400607229
19999.5 45.998052442107735
