Freq "Rear Wall Bounce"
20.5078 60.240378285475686
21.2402 59.468808231618524
21.9727 61.41171065157042
22.7051 62.34740358857725
23.4375 64.01884508160495
24.1699 65.13199025948029
25.6348 67.72123711439477
26.3672 68.5525959569566
27.0996 70.01184049504229
27.832 71.22769080162135
29.2969 73.08167153619071
30.0293 73.95787262540739
31.4941 75.68372872497
32.2266 76.43228073014728
33.6914 77.58179509814072
34.4238 78.10285859278027
35.8887 78.84310547893077
37.3535 79.36396439065145
38.8184 79.7209215400608
39.5508 79.8288368189104
41.0156 79.9747167427013
42.4805 80.08169636950508
43.9453 80.14104663107244
45.4102 80.20565736720154
47.6074 80.27113732458744
49.0723 80.29723094540041
50.5371 80.32248086672485
52.7344 80.40718794769579
54.1992 80.44553939447647
56.3965 80.40582816584595
58.5938 80.4624311794027
60.0586 80.51952654582134
62.2559 80.6701810849898
64.4531 80.53195237654326
66.6504 80.67406524853179
69.5801 80.72919287800862
71.7773 80.690275871258
73.9746 80.75477023926055
76.9043 80.74112284059032
79.834 80.76712782735686
82.7637 80.75956667325713
85.6934 80.79287863296553
88.623 80.8733393436992
91.5527 80.86141737659308
94.4824 80.84357849154013
98.1445 80.7813210224405
101.807 80.72043485501297
105.469 80.70015106465632
109.131 80.67717457015864
112.793 80.58598186540743
116.455 80.47284006467227
120.85 80.43136506010286
125.244 80.41748967319423
129.639 80.48339263356642
134.033 80.41607512047524
138.428 80.20822047169978
143.555 80.03382769907464
148.682 80.41693130335088
153.809 80.38192344423783
159.668 80.0575146735699
164.795 79.82345626017741
170.654 79.80145940393203
176.514 79.91093548720382
183.105 79.88532266815407
189.697 79.72331944743375
196.289 79.45585830905716
202.881 79.13760701125628
210.205 78.84350080750781
217.529 78.87429632942651
225.586 78.88607579905138
232.91 78.38421858197069
241.699 77.69052984670945
249.756 77.03096444781377
258.545 79.01951967443611
268.066 78.4740002872429
277.588 78.59470938604916
287.109 77.56063893814388
297.363 77.43894162504641
307.617 77.48329075874668
318.604 76.4300266184334
329.59 76.30115478327114
341.309 77.19298974912559
353.76 77.04177593627934
366.211 76.38813579355968
378.662 76.16545709423723
392.578 75.84844895702251
405.762 74.76735152787924
420.41 75.17118657600881
435.059 75.82150460000393
450.439 75.6219157584358
466.553 75.1782144407776
482.666 75.72162130682334
500.244 75.7193814605213
517.822 74.94395796871079
536.133 75.64979137565265
554.443 74.65216145830306
574.219 74.08745833925556
594.727 74.18878247033251
615.234 74.86083469557903
637.207 75.0936921629372
659.912 74.655315972514
683.35 73.2413453668467
706.787 74.10166069910834
731.689 75.18211528908319
758.057 74.45153495355603
784.424 74.81079668068561
812.256 73.79035778887273
840.82 72.82339719727847
870.85 71.70752056912424
901.611 71.45527708932165
933.105 70.89469834299732
966.064 70.52390610826754
999.756 69.9524711499889
1034.91 71.46688415207966
1071.53 69.20834352506408
1109.62 69.49058698001849
1148.44 69.40015752865425
1189.45 67.48534700551873
1231.2 68.40089730623927
1274.41 66.55257685297276
1319.82 67.85016173226308
1365.97 67.69214197278363
1414.31 66.99534244604362
1464.11 66.41236676850767
1515.38 66.93345946343064
1568.85 66.84127483552095
1624.51 66.76767973741917
1681.64 66.48724363769455
1740.97 66.22545425470253
1802.49 64.29960782645853
1866.21 64.21027786436728
1932.13 64.01748613796101
2000.24 64.91523263081622
2070.56 63.64854134977878
2143.8 63.42359821874099
2219.24 62.76610793047615
2297.61 63.78002044682907
2378.17 63.41995896930243
2462.4 63.8026470253011
2548.83 62.52435482021038
2638.92 62.227593924178606
2731.93 62.00061674120998
2828.61 62.74527194714902
2928.22 62.84426182220268
3031.49 61.535928415833155
3138.43 61.83395706279501
3249.02 62.65498302584726
3363.28 61.741899685015625
3481.93 61.21706286237537
3604.98 61.29235703264331
3732.42 60.83541480652656
3863.53 60.94881885971398
3999.76 60.85756339731168
4141.11 61.0694934687875
4286.87 61.41299827636135
4438.48 60.69701998739124
4594.48 60.41948291618155
4757.08 59.49058207340603
4924.8 59.13716496996291
5098.39 58.333136560256094
5277.83 57.613751724578464
5463.87 57.69986598859225
5656.49 57.38900701526575
5856.45 57.24992844560771
6062.99 57.44353323587069
6276.86 56.57585578929894
6498.05 56.88862250161176
6727.29 55.81507359966784
6964.6 55.22464175853747
7209.96 54.20861944206567
7464.11 54.36738990420696
7727.78 53.31447912079875
8000.24 53.29788312252063
8282.23 52.808792035632734
8574.46 52.18363414547488
8876.22 51.871213488003264
9189.7 51.487203560974336
9513.43 51.6251610786245
9848.88 52.352774341990795
10196.8 53.985290227765375
10556.4 52.98198765708352
10928.5 52.050949120222754
11313.7 50.97482606269739
11712.9 50.660877424722514
12126.0 51.06074567024416
12553.7 49.09675355951694
12996.1 45.25795428267648
13454.6 45.25263801712211
13928.5 45.80084682620037
14419.9 44.91113197655946
14928.2 44.98032442394984
15454.8 45.80529743741167
15999.8 45.924691891161785
16564.5 47.342280852722354
17148.2 49.2620399249104
17753.2 49.30655574956597
18379.4 48.84529808138504
19027.6 48.57990116254979
19698.5 47.30242114749274
19999.5 46.56015011086902
