Freq "Estimated In-Room Response"
22.4 33.99776666720446
23.0 34.85576407192097
23.6 35.71716553777266
24.0 36.55044732476789
25.0 37.39332064859302
25.8 38.21027167966723
26.5 39.024252890386904
27.2 39.81812069176128
28.0 40.620300650144586
29.0 41.4386109559325
30.0 42.205865266560394
30.7 42.97869901435344
31.5 43.76868666778368
32.5 44.552539074198634
33.5 45.317907442211535
34.5 46.08832426529601
35.5 46.8662381684987
36.5 47.623111720911496
37.5 48.41954297548976
38.7 49.20339712640954
40.0 49.98469506751391
41.2 50.777020347384465
42.5 51.58038306746779
43.7 52.382205041412575
45.0 53.187390786265254
46.2 54.00897317519669
47.5 54.830716398575035
48.7 55.64443075217348
50.0 56.505467330165885
51.5 57.318885659049585
53.0 58.12306261909923
54.5 58.93001823949916
56.0 59.74091882956894
58.0 60.536930505931764
60.0 61.31336631006812
61.5 62.084337584727294
63.0 62.84814950458973
65.0 63.58934785543242
67.0 64.30623402652947
69.0 65.05214037711342
71.0 65.7747919215285
73.0 66.46531096674686
75.0 67.16741727918473
77.5 67.82270996423023
80.0 68.43680627657044
82.5 69.01856030983207
85.0 69.58247608137717
87.5 70.06069895763837
90.0 70.48149637273396
92.5 70.87143951765334
95.0 71.20529785101492
97.5 71.48551899789737
100.0 71.74038870344724
103.0 71.949895184137
106.0 72.10239209910709
109.0 72.18480340170878
112.0 72.18642949132368
115.0 72.09363733430402
118.0 71.92635909728793
122.0 71.70596906049109
125.0 71.51643347024967
128.0 71.39681072277176
132.0 71.38410311047834
136.0 71.45586852608149
140.0 71.5481947420454
145.0 71.59305727454893
150.0 71.5747227635048
155.0 71.49245490068047
160.0 71.31149915572763
165.0 71.09063635863218
170.0 70.77023818781618
175.0 70.35473282060288
180.0 69.93763861410201
185.0 69.67529183151542
190.0 69.74489841820501
195.0 70.01337616078779
200.0 70.28865972723285
206.0 70.37056909302541
212.0 70.42529757795496
218.0 70.5534424403612
224.0 70.65602068108291
230.0 70.76051251323499
236.0 70.84021197878072
240.0 70.85408739546291
250.0 70.81311790306405
258.0 70.69162225243151
265.0 70.53557995689563
272.0 70.36281980349754
280.0 70.20740666979297
290.0 70.04523469968468
300.0 69.92229676981673
307.0 69.8291221732506
315.0 69.74632484705442
325.0 69.63498640462745
335.0 69.5492636997928
345.0 69.60934685426886
355.0 69.87362221389787
365.0 70.20338290865888
375.0 70.51793004221133
387.0 70.73586630339172
400.0 70.81031044983068
412.0 70.72340620839991
425.0 70.55221648764382
437.0 70.21967889878529
450.0 69.69422122384442
462.0 69.01061833188105
475.0 68.40088057568147
487.0 67.89514400091907
500.0 67.4498313203083
515.0 67.08944660940377
530.0 66.86360919534853
545.0 66.9145148930175
560.0 67.07647515481612
580.0 67.19786476753764
600.0 67.17487032231139
615.0 67.02129819874075
630.0 66.93437403526916
650.0 66.90300105221212
670.0 66.94090164346777
690.0 67.3951620726662
710.0 68.16684472889264
730.0 68.61963159509368
750.0 68.5924811767989
775.0 68.34161510846529
800.0 68.0649510397444
825.0 67.79272927866383
850.0 67.64763626888944
875.0 67.64787840284579
900.0 67.6779649270874
925.0 67.30006623689165
950.0 66.800873134324
975.0 66.59732257830221
1000.0 66.55435395576778
1030.0 66.25651691125776
1060.0 66.4323102955017
1090.0 66.66812789344603
1120.0 66.56460589104147
1150.0 66.87605522736693
1180.0 66.81319538167476
1220.0 66.42181307753626
1250.0 66.12309179794394
1280.0 65.91115102995563
1320.0 64.30792602590647
1360.0 64.49548571910985
1400.0 64.93863351946851
1450.0 64.75521799873702
1500.0 64.94490610668738
1550.0 64.12987040904376
1600.0 63.835155474317375
1650.0 63.72361213492823
1700.0 62.90859796341124
1750.0 62.856092332567925
1800.0 63.64593296928207
1850.0 64.1772948768414
1900.0 65.28712907292999
1950.0 66.27626523335552
2000.0 67.15035670309186
2060.0 67.83493506571412
2120.0 68.60691387076741
2180.0 68.5660092547026
2240.0 68.92380993817946
2300.0 69.38053902909905
2360.0 69.08731776159655
2400.0 69.01312948148032
2500.0 69.12376472604056
2580.0 68.36392605327886
2650.0 68.05726058014004
2720.0 67.905830236027
2800.0 67.66271072623084
2900.0 67.58686109522799
3000.0 67.6380840541767
3070.0 67.85596353560891
3150.0 67.7247381251599
3250.0 67.64473711546826
3350.0 68.40385666409416
3450.0 69.3826706119017
3550.0 69.84018854847501
3650.0 69.22006100032539
3750.0 69.07363423317845
3870.0 68.74930057900987
4000.0 68.79898828060782
4120.0 68.89908298367514
4250.0 69.10635230097071
4370.0 68.47823020321891
4500.0 67.66814605903134
4620.0 67.37166994255342
4750.0 67.501650256008
4870.0 67.63520632538369
5000.0 68.90367250832908
5150.0 69.51689001481647
5300.0 69.52057086789056
5450.0 68.37635322242882
5600.0 68.1126178636533
5800.0 67.7132728828623
6000.0 67.03711223822225
6150.0 66.86951337413201
6300.0 67.5821628892012
6500.0 67.80728019878565
6700.0 67.67739032754484
6900.0 67.30414658598775
7100.0 67.27551799384158
7300.0 67.99595682382042
7500.0 67.31701996782407
7750.0 67.48378176835838
8000.0 67.2994469040809
8250.0 67.09891278047712
8500.0 67.52102020605652
8750.0 67.66580422113488
9000.0 66.64047154908596
9250.0 65.75294021743487
9500.0 66.76814905814676
9750.0 66.32797833972376
10000.0 64.2844055473765
10300.0 65.77505522318013
10600.0 64.40096389557404
10900.0 63.95957884569434
11200.0 66.52840408349515
11500.0 66.61887383386333
11800.0 66.22894308591658
12200.0 65.38198012502004
12500.0 66.38012233317788
12800.0 64.74317211284585
13200.0 64.89859535450927
13600.0 63.35805736149864
14000.0 61.01239239516396
14500.0 64.66863647894989
15000.0 64.89921276454548
15500.0 61.59130961110108
16000.0 65.57411509399508
16500.0 64.24191420074591
17000.0 62.10204806332759
17500.0 62.764523800848195
18000.0 61.95324473283246
18500.0 57.524846716074066
19000.0 63.42110764557546
19500.0 63.60469527142307
