Freq "Rear Wall Bounce"
20.0 20.319640803504598
20.2909 25.865197171524784
20.586 30.373275011916235
20.8855 33.086997979931596
21.1893 34.48888691724213
21.4975 35.00395885159756
21.8102 34.67533620366663
22.1274 33.40390181486384
22.4492 30.901270257828145
22.7758 26.298534965066466
23.1071 18.797980225404842
23.4432 15.157009196954562
23.7841 22.794118090092724
24.1301 24.88664498916495
24.4811 24.290589077321755
24.8372 21.118047854075485
25.1984 13.617529393070527
25.5649 13.736374993375165
25.9368 18.552695609383534
26.3141 20.7771430505216
26.6968 20.382805884345544
27.0851 17.92453153028822
27.4791 13.546902781637698
27.8788 10.28299407316436
28.2843 12.068578720856806
28.6957 14.8521264068047
29.1131 17.0908322267083
29.5365 18.376459451388286
29.9661 18.31736646007232
30.402 17.115893247574633
30.8442 17.64832120078674
31.2929 20.793856896482566
31.748 23.702928075693308
32.2098 25.51264100145292
32.6783 26.4640790820701
33.1536 27.220878149132687
33.6359 28.090120043761203
34.1251 28.947022366410096
34.6215 29.531043290673153
35.125 29.9311261174131
35.6359 30.607421460867897
36.1543 31.79646576429107
36.6802 33.18238975810792
37.2137 34.347165065450326
37.755 35.2731426564755
38.3041 36.21778491864126
38.8613 37.32647574451431
39.4265 38.42922454787475
40.0 39.36732596615684
40.5818 40.29356066933491
41.1721 41.4233099689543
41.771 42.578135163386605
42.3785 43.44714574585598
42.9949 44.16765810305645
43.6203 45.11064604570575
44.2548 46.361642244723384
44.8985 47.52166286221541
45.5515 48.46214076938867
46.2141 49.372274598082555
46.8863 50.42092936380544
47.5683 51.52379751272771
48.2602 52.59751067949847
48.9621 53.66333946873891
49.6743 54.689917997059
50.3968 55.65928002658444
51.1299 56.64791793565101
51.8736 57.68391322430827
52.6281 58.69149456610768
53.3936 59.64600815076906
54.1702 60.603417299219956
54.9581 61.56652945473088
55.7575 62.4935109526144
56.5685 63.38875220571656
57.3914 64.25713325702294
58.2261 65.08653636604232
59.073 65.88616129492482
59.9323 66.65887341737498
60.804 67.39929901283892
61.6884 68.11707262233912
62.5857 68.8091435720966
63.496 69.4537592487575
64.4196 70.06199363494947
65.3566 70.64932830009514
66.3073 71.20974924478773
67.2717 71.73123482077177
68.2502 72.21138074397086
69.2429 72.66601148999028
70.2501 73.10270893680945
71.2719 73.51401501196325
72.3086 73.90192786023702
73.3603 74.25283487652548
74.4274 74.56635141902883
75.5099 74.85712038903789
76.6083 75.11834696282466
77.7226 75.36717451869569
78.8531 75.61043127822013
80.0 75.8348426728843
81.1636 76.05095134098988
82.3442 76.24530635791605
83.5419 76.41909986210334
84.757 76.58639523817408
85.9899 76.73325135636495
87.2406 76.87339611833545
88.5096 77.02640389079643
89.797 77.15905241423097
91.1031 77.26959632742037
92.4282 77.34946346683631
93.7726 77.39672542716494
95.1366 77.47067140148391
96.5204 77.51855667065038
97.9243 77.61096441116044
99.3486 77.69712510516337
100.794 77.78433841424169
102.26 77.90299627366079
103.747 77.97955972304138
105.256 78.0516624500504
106.787 78.1173193662713
108.34 78.14972353264704
109.916 78.17265455561497
111.515 78.21002090738097
113.137 78.25725448573958
114.783 78.30530654683085
116.452 78.35023834307182
118.146 78.38590748596037
119.865 78.41605924112102
121.608 78.44657718399242
123.377 78.46765035181387
125.171 78.4835019539599
126.992 78.48951131633764
128.839 78.49052808651305
130.713 78.47319667656986
132.615 78.43024801239417
134.543 78.38388313553291
136.5 78.36096527913585
138.486 78.33013051775458
140.5 78.2622446582683
142.544 78.16634159611027
144.617 78.07638079287383
146.721 78.020579150384
148.855 78.09235112206527
151.02 77.98749118016667
153.217 77.87476928382208
155.445 77.73809894265986
157.706 77.60436929302927
160.0 77.43529720478566
162.327 77.34107261614567
164.688 77.27541757833771
167.084 77.24241978651136
169.514 77.18088916973859
171.98 76.94354022952339
174.481 76.8064358984173
177.019 76.7207696976574
179.594 76.64940129402464
182.206 76.56402019070536
184.856 76.50786109276427
187.545 76.48568329813517
190.273 76.46993314217832
193.041 76.43289353505443
195.849 76.37004445051961
198.697 76.294406231056
201.587 76.15886563316369
204.52 75.9891721153377
207.494 75.87121264236569
210.512 75.8019319003069
213.574 75.7543114718284
216.681 75.57600542283151
219.833 75.47767858201163
223.03 75.37646911650873
226.274 75.26300023409624
229.565 75.22589360184226
232.905 75.19075991081598
236.292 75.18650684863628
239.729 75.1653696705622
243.216 75.1622902328521
246.754 75.1069276378472
250.343 75.04232388885953
253.984 74.98694223372324
257.678 74.96510503148873
261.426 74.9419799465266
265.229 74.88373038584503
269.087 74.70801488429689
273.001 74.54126884625808
276.972 74.2814753774761
281.0 73.85899525224394
285.088 73.78444176420894
289.234 73.89405934829453
293.441 73.94103402949827
297.709 73.93463701316112
302.04 73.89426256768175
306.433 73.67810892495964
310.89 73.62737343582967
315.412 73.55139111034245
320.0 73.38522967382018
324.655 73.16206623255339
329.377 73.10683706453293
334.168 73.03188162660749
339.028 72.86735636239659
343.959 72.76763673116412
348.962 72.54306115378085
354.038 72.26064039438856
359.188 72.07751757635462
364.412 71.92642387829034
369.713 71.77140860596633
375.09 71.5155482699949
380.546 71.33161338305462
386.081 71.19939207754518
391.697 70.99590495507105
397.394 70.80882448673862
403.175 70.66447731767002
409.039 70.46315200569167
414.989 70.43228648505205
421.025 70.42638477451935
427.149 70.3182885992417
433.362 70.25566802379505
439.665 70.35282197276959
446.06 70.22544732122583
452.548 70.22452553399216
459.131 69.92462680767719
465.809 69.55515136222309
472.584 69.11024183782493
479.458 69.3081391463002
486.432 69.58798189478043
493.507 69.62443154690678
500.686 69.62397149706558
507.968 69.60950302807518
515.357 69.61577307385663
522.853 69.61427915034226
530.458 69.5337865319064
538.174 69.428527277875
546.002 69.3095733708694
553.943 69.16542890469174
562.001 68.98878905585997
570.175 68.81342529945555
578.469 68.58153143866883
586.883 68.35286244308425
595.419 68.13234731885171
604.08 67.8920720236793
612.866 67.70166951674878
621.78 67.53862740962472
630.824 67.40620429544839
640.0 67.3363893786283
649.309 67.31960571113567
658.753 67.35445378236662
668.335 67.42918641663354
678.056 67.54526859687019
687.919 67.69032570101484
697.925 67.8515288963904
708.077 68.02164961378016
718.376 68.19441632065987
728.825 68.36998219573698
739.426 68.53709245495067
750.181 68.70463058183992
761.093 68.86783892334034
772.163 69.02564368600784
783.394 69.18106337998775
794.789 69.33816573141718
806.349 69.49086758441379
818.078 69.640211690005
829.977 69.77855157057901
842.05 69.90738766650455
854.298 70.02038764083576
866.724 70.10649714105591
879.33 70.16190420718301
892.12 70.1758226109468
905.097 70.14314635511383
918.262 70.05203676975141
931.618 69.90189983739246
945.169 69.69019851242398
958.917 69.40581748679531
972.864 69.05711111889147
987.015 68.64321779741366
1001.37 68.16314794701486
1015.94 67.64444272957692
1030.71 67.12816329349141
1045.71 66.6293485385693
1060.92 66.19311706917864
1076.35 65.86935429978864
1092.0 65.67523111902754
1107.89 65.59877466161386
1124.0 65.61892884073436
1140.35 65.70220544302832
1156.94 65.80579158978696
1173.77 65.89299984768833
1190.84 65.95695237937429
1208.16 66.00352024389981
1225.73 66.04378779235674
1243.56 66.11030732196221
1261.65 66.2173333374713
1280.0 66.38031864083642
1298.62 66.59587248445771
1317.51 66.85019033131388
1336.67 67.11570215743484
1356.11 67.36369082932326
1375.84 67.56923793212124
1395.85 67.71380388838087
1416.15 67.80026551307071
1436.75 67.83875637391374
1457.65 67.8556348291087
1478.85 67.87843847409204
1500.36 67.9316725835018
1522.19 68.022623033115
1544.33 68.14826861792673
1566.79 68.28264011573711
1589.58 68.38606428449636
1612.7 68.4242405933531
1636.16 68.35682744737576
1659.95 68.16263021362285
1684.1 67.82613170086076
1708.6 67.35573081330247
1733.45 66.77762484760464
1758.66 66.14449579250197
1784.24 65.55016003060614
1810.19 65.11306730778098
1836.52 64.91149369007398
1863.24 64.96349093738947
1890.34 65.17579179067522
1917.83 65.43350892292531
1945.73 65.62424070790603
1974.03 65.66839751736876
2002.74 65.54158219766263
2031.87 65.25566852301235
2061.43 64.8790644865024
2091.41 64.52685959786331
2121.83 64.33484618730972
2152.69 64.35839937916352
2184.01 64.51962672468767
2215.77 64.64280915332215
2248.0 64.60796058809562
2280.7 64.38312668160022
2313.87 64.04471759907284
2347.53 63.76860418201605
2381.68 63.707005242809245
2416.32 63.843183853603705
2451.46 64.00728984327655
2487.12 64.02816740616649
2523.3 63.869799881381994
2560.0 63.659920279260916
2597.24 63.59012513388815
2635.01 63.73560369020812
2673.34 63.971159351282296
2712.23 64.09072741552804
2751.68 63.998187976140485
2791.7 63.72052104364448
2832.31 63.3938131484889
2873.5 63.20111996216502
2915.3 63.18992738035317
2957.7 63.29404611297596
3000.72 63.37771029617329
3044.37 63.37151367510202
3088.65 63.27061399267171
3133.58 63.16945587588752
3179.16 63.171846037317266
3225.4 63.270624715512895
3272.31 63.31854785093324
3319.91 63.211237498198884
3368.2 63.055974415472974
3417.19 63.09142585332174
3466.89 63.37128505905018
3517.32 63.636211107740735
3568.48 63.65405360295125
3620.39 63.45515397769998
3673.05 63.274280532466236
3726.47 63.2861866750206
3780.67 63.46828203810843
3835.67 63.68784710366454
3891.46 63.82329516417809
3948.06 63.81555271024585
4005.49 63.761928136780966
4063.75 63.83734637141656
4122.86 64.01533045251922
4182.82 64.04910204286976
4243.66 63.86251021650895
4305.39 63.718555695928785
4368.01 63.85208307278246
4431.55 64.06126699963292
4496.01 64.0572879027263
4561.4 63.93531745023705
4627.75 63.95297240143715
4695.06 64.03120005171192
4763.35 63.908855613638906
4832.64 63.69833927759805
4902.93 63.6746618674982
4974.24 63.63630811692171
5046.6 63.253401063590076
5120.0 62.75573828159074
5194.47 62.59953503539268
5270.03 62.601995196317034
5346.68 62.37269173553439
5424.45 62.04191346831098
5503.35 61.83271529031377
5583.4 61.65477188331954
5664.61 61.53941638756832
5747.01 61.60321095353167
5830.6 61.501203934032404
5915.41 61.113845299877156
6001.45 61.117385182095106
6088.74 61.34369048818377
6177.3 61.22790419651763
6267.15 61.22490943755858
6358.31 61.04092451232955
6450.8 60.63021023803883
6544.62 60.617152748862026
6639.82 60.44227399357651
6736.4 59.99981204005658
6834.38 59.29033528122535
6933.79 59.099469487111264
7034.64 59.5664776197639
7136.96 59.62283209052117
7240.77 59.374494315250274
7346.09 59.17859917727195
7452.94 59.5621841532037
7561.35 59.7999892344299
7671.33 60.09797408361399
7782.91 59.706332674344964
7896.12 59.2556588227894
8010.97 58.79086001701593
8127.49 58.39932044041498
8245.71 59.13570464922428
8365.65 58.853016907462305
8487.33 59.24217525918709
8610.78 58.750233227801644
8736.03 59.03391829385086
8863.09 58.814225124208576
8992.01 58.74167983041754
9122.8 59.09810969386177
9255.5 59.37411787899978
9390.12 59.002000853954115
9526.7 58.77387817614712
9665.27 58.91428832469114
9805.86 58.844339853730276
9948.49 58.75568292687905
10093.2 58.85672543922831
10240.0 58.718502749409566
10388.9 58.61818337294717
10540.1 58.25198705911045
10693.4 58.50857621663336
10848.9 58.480337700780666
11006.7 58.55754009916585
11166.8 58.64593668754897
11329.2 58.698706342737935
11494.0 58.772186918489226
11661.2 58.87490410519119
11830.8 58.81607247266544
12002.9 58.355674777854134
12177.5 58.20142009352868
12354.6 57.970681052876884
12534.3 57.73680871794889
12716.6 57.62092335505079
12901.6 57.83850776489436
13089.2 58.246115277953024
13279.6 58.28641183741121
13472.8 58.204660803561936
13668.8 57.826745691023646
13867.6 57.575402397088
14069.3 58.00375505475799
14273.9 58.54259032078264
14481.5 58.37887596036333
14692.2 57.97501115280173
14905.9 57.386650179638224
15122.7 56.91114510280951
15342.7 56.51711920340509
15565.8 56.12188901253825
15792.2 55.59777918938455
16021.9 54.908244782178926
16255.0 53.97128516560936
16491.4 53.09648982446613
16731.3 52.876813040608
16974.7 52.570092563093866
17221.6 52.304242135260395
17472.1 52.39747378651788
17726.2 52.5916787428046
17984.0 51.51644962349677
18245.6 49.71031655435718
18511.0 48.23212689194867
18780.2 46.57987604302704
19053.4 43.85304623200071
19330.5 41.161258860120114
19611.7 40.91009524200223
19897.0 44.082572680019496
