Freq "Floor Bounce"
20.5078 62.414935348672884
21.9727 63.74073840238597
23.4375 67.52944912274354
24.9023 70.25587715973097
26.3672 73.47342324228745
27.832 75.2509920975115
29.2969 76.38366308143598
30.7617 78.70364798903498
32.2266 79.86592831569172
33.6914 81.04407631655506
35.1562 81.64552821845832
36.6211 82.59478681069828
38.0859 83.57622956341
39.5508 84.26768789460228
41.0156 84.81041748923022
42.4805 85.3639346108335
43.9453 86.15042897181924
45.4102 86.65178106171035
46.875 87.23556709801747
48.3398 87.78765603053276
51.2695 88.59061914325841
52.7344 89.04715694273929
54.1992 89.59502055801607
55.6641 90.25802412874742
58.5938 90.88339437846709
60.0586 91.10188176870587
62.9883 91.4845885331873
64.4531 91.59224522562575
67.3828 91.76029561991452
68.8477 91.8468031290925
71.7773 91.95376065210407
74.707 91.97884961405559
77.6367 91.80497108251468
79.1016 91.71956189738184
82.0312 91.56677301913774
84.9609 91.45523498965149
87.8906 91.18877313751753
90.8203 90.89029192253457
95.2148 90.389791503216
98.1445 90.05925280721198
101.074 89.78550818167251
105.469 89.86508016149881
108.398 90.33538841003215
112.793 90.35232439827564
117.188 90.04969673013588
120.117 90.05925264785483
124.512 90.6158573944476
128.906 90.44632241165985
133.301 90.42488012106335
139.16 90.13407871020922
143.555 89.79950263678697
147.949 89.31727701170995
153.809 89.32472026617513
159.668 89.87073107544732
165.527 89.91646020274156
171.387 90.72246365661121
177.246 91.0086351844776
183.105 89.75307837134682
188.965 90.06487544056144
196.289 90.98111513051323
203.613 90.38010519527955
210.938 89.76390319716242
218.262 90.12771618109676
225.586 89.83102318450801
232.91 89.51419816901944
241.699 88.82582211375374
250.488 87.81948828264717
259.277 90.11908143297399
268.066 89.77695590552224
276.855 88.38269642518173
287.109 90.72666734446588
297.363 92.08604495442768
307.617 91.73764584207954
319.336 90.22365639936797
329.59 90.45941084488518
341.309 90.67708800062634
353.027 91.50930451572597
366.211 90.77388578105413
379.395 89.89109548435434
392.578 89.81584463026216
405.762 89.56379051219118
420.41 91.41873734028081
435.059 91.68215439783901
451.172 90.7965422560742
465.82 89.48766677776581
483.398 90.27280166511866
499.512 89.87738219884521
517.09 91.18694723692522
536.133 91.77940587210891
555.176 89.86245098321534
574.219 90.7181542854216
594.727 90.63632268297167
615.234 91.7035917274392
637.207 91.48914201352895
659.18 91.44222489508263
682.617 90.80425128202778
707.52 90.53021795729268
732.422 90.10290329534207
757.324 90.4598198350977
785.156 87.63752324384708
811.523 89.04123697363349
840.82 87.53308733884725
870.117 88.50724034411894
900.879 87.99682615819214
933.105 86.48158046882844
965.332 88.603858921571
1000.49 87.32761615752423
1035.64 85.91494983448737
1072.27 86.64713726645347
1108.89 86.91363097223862
1148.44 85.19363185676185
1189.45 83.31516962717194
1230.47 82.75467292219206
1274.41 81.82548201622639
1319.82 81.94954460922989
1366.7 80.14865410299262
1413.57 81.51903634256722
1463.38 81.63173200118821
1516.11 84.8262755183916
1568.85 85.76509146281701
1624.51 86.93489354246447
1681.64 87.19124211485955
1741.7 87.54813304447931
1803.22 87.7844341931632
1866.21 88.65800577608404
1932.13 88.13152316215434
1999.51 88.35770004801286
2069.82 88.51717769574387
2143.07 87.94701043568614
2219.24 88.80425628117105
2296.88 88.36812824335078
2378.91 89.04332487180933
2462.4 89.17702443842644
2548.83 89.11305918715964
2639.65 88.84563596029528
2731.93 88.44483803673359
2828.61 88.56404379363413
2928.22 87.93742208234562
3030.76 88.07752472356452
3137.7 88.24497459728903
3249.02 88.46966049992142
3363.28 88.59251675580474
3481.93 88.38497863932409
3604.98 88.26316526700765
3732.42 88.57631934438636
3864.26 88.45730453373997
4000.49 89.05236508980103
4141.11 88.70628937735042
4287.6 88.59313488919065
4438.48 88.63827534809953
4595.21 88.2390211435521
4756.35 88.31764804350566
4924.8 88.15294356564206
5097.66 87.83647131433605
5277.83 87.31069944890316
5463.87 87.38193180657625
5657.23 87.35613419283155
5856.45 87.39453981628829
6062.99 87.11465541507539
6276.86 86.82749899713964
6498.05 86.17913490603065
6726.56 85.6872956697838
6963.87 85.40777543549359
7209.96 85.29625373433157
7464.84 85.22027543343447
7727.05 84.77434938907443
7999.51 84.99753122672219
8282.23 85.44932991434356
8573.73 83.46472123301503
8876.95 82.62264329268075
9188.96 84.4568008475766
9514.16 85.31649513443756
9849.61 86.38650564219543
10196.8 86.0027372091218
10555.7 85.80892794623887
10927.7 86.42781827639392
11313.0 87.24412264590148
11712.9 87.83174490707957
12126.0 87.82127295157515
12553.7 88.0623072677829
12996.1 88.11254164741466
13454.6 87.91089272953113
13929.2 87.85250051469373
14419.9 88.4575036699399
14928.2 88.67128965158918
15455.6 88.385221569801
16000.5 85.72871196498456
16564.5 79.8504422641854
17148.9 81.22119995431484
17752.4 84.03769595553743
18379.4 79.96489193586655
19026.9 78.33317360902903
19697.8 73.0065995357932
19999.5 67.84101319910499
