Freq "Listening Window"
22.4 36.69199043917129
23.0 37.84548023253183
23.6 38.96266743176764
24.0 40.03051995582965
25.0 41.1464893533543
25.8 42.242200392984245
26.5 43.31579415120089
27.2 44.348037676749755
28.0 45.390785396229205
29.0 46.44651890491056
30.0 47.501023295803066
30.7 48.52293110248064
31.5 49.600767494455624
32.5 50.734351408685
33.5 51.8669218511605
34.5 53.05609215500937
35.5 54.266921851160504
36.5 55.50076749445563
37.5 56.789514895426834
38.7 58.044728950577195
40.0 59.31199101325603
41.2 60.5669218511605
42.5 61.766921851160504
43.7 62.92293110248063
45.0 64.02293110248063
46.2 65.05609803813523
47.5 66.04472895057721
48.7 66.92293110248063
50.0 67.72293110248063
51.5 68.46717965375996
53.0 69.12293110248063
54.5 69.78925841531061
56.0 70.40051167804047
58.0 71.0454944791988
60.0 71.7343573213356
61.5 72.50051167804048
63.0 73.3343573213356
65.0 74.20051167804048
67.0 75.00051167804048
69.0 75.80051167804048
71.0 76.50051167804047
73.0 77.06717965375995
75.0 77.53435732133559
77.5 77.92293110248063
80.0 78.25609803813524
82.5 78.52293110248064
85.0 78.72293110248063
87.5 78.88925841531062
90.0 79.08925841531061
92.5 79.3669218511605
95.0 79.78925841531061
97.5 80.22293110248063
100.0 80.53435732133559
103.0 80.60255805872012
106.0 80.3815400411153
109.0 80.01881952234126
112.0 79.71881952234125
115.0 79.64063796503015
118.0 80.00354610191523
122.0 80.69027257090359
125.0 81.18925841531062
128.0 81.35583957685776
132.0 81.17797591781378
136.0 80.98900192004665
140.0 81.05583957685776
145.0 81.36768347817136
150.0 81.4356206840857
155.0 80.8840577188125
160.0 80.06971598837823
165.0 79.89139076391672
170.0 79.89569958898062
175.0 79.39855684849736
180.0 79.04037254002034
185.0 79.07222859343949
190.0 79.04037254002034
195.0 79.19882484139397
200.0 79.67919595457636
206.0 80.89128085577082
212.0 82.13079481760015
218.0 83.15837672536982
224.0 84.43409756292212
230.0 85.01173585711585
236.0 84.24701360926962
240.0 82.76090170960879
250.0 81.09882484139396
258.0 78.62074371294615
265.0 76.98274948127023
272.0 76.2262101538326
280.0 76.37521491911374
290.0 78.34366978779929
300.0 79.86145444580929
307.0 81.53145148517041
315.0 81.95992778156314
325.0 81.35530617480231
335.0 80.42511921603538
345.0 80.06062442988026
355.0 80.40054309227358
365.0 81.10054309227357
375.0 81.48223437639228
387.0 81.4308971668028
400.0 80.83737081041467
412.0 80.58682400884148
425.0 80.38682400884147
437.0 80.31121074957571
450.0 80.29416846390166
462.0 80.18152161216025
475.0 80.09861350039958
487.0 80.4112107495757
500.0 80.96040129152274
515.0 81.47310970626765
530.0 81.81907957349611
545.0 81.9563090645276
560.0 81.86171397998986
580.0 81.44599547016983
600.0 80.50801561820283
615.0 79.24154573147308
630.0 77.55623188258917
650.0 76.46924834326857
670.0 77.09364183898586
690.0 78.23664813787909
710.0 79.30878288812337
730.0 80.40938640755968
750.0 81.52288173723439
775.0 81.92288173723438
800.0 81.99707113403544
825.0 82.38292032090405
850.0 82.26272692743055
875.0 81.5630311586664
900.0 81.19829842489474
925.0 80.56019785257776
950.0 79.53765740126006
975.0 78.83765740126006
1000.0 78.36185118452025
1030.0 78.55301182060077
1060.0 80.38318790863822
1090.0 82.15743636915565
1120.0 82.49149774587201
1150.0 81.70631869620077
1180.0 80.75094916993
1220.0 77.94452304546203
1250.0 75.58193208437072
1280.0 74.67057518667826
1320.0 73.73239670553107
1360.0 73.5029262898338
1400.0 73.39886874532925
1450.0 74.36944896988793
1500.0 75.51182493939001
1550.0 76.52478354155895
1600.0 77.85097405502677
1650.0 79.13468837361063
1700.0 80.1519630701462
1750.0 80.98883473482618
1800.0 81.84665857064309
1850.0 82.81749419375515
1900.0 83.09882000468549
1950.0 82.79910030437956
2000.0 82.27624627963822
2060.0 81.89410931443898
2120.0 80.80168839855818
2180.0 79.1604873034996
2240.0 79.89956867480305
2300.0 80.79088686175842
2360.0 80.01144034603911
2400.0 78.94567652423912
2500.0 79.34367726395745
2580.0 80.39913604829536
2650.0 80.5855666131221
2720.0 80.05224358988785
2800.0 79.4399643142955
2900.0 79.7646021400138
3000.0 80.89888804987132
3070.0 81.45741505528609
3150.0 81.97446347613467
3250.0 82.68641515654392
3350.0 83.82466803253209
3450.0 84.32586450479253
3550.0 83.33209420444442
3650.0 81.87173617307992
3750.0 79.07645741213227
3870.0 80.02128851583163
4000.0 81.78202687004443
4120.0 80.95229037452815
4250.0 80.10360068167923
4370.0 80.23688549356314
4500.0 79.75626074607462
4620.0 81.60585880712632
4750.0 82.72066986542637
4870.0 82.43059676564229
5000.0 81.63022465351746
5150.0 82.63791324808034
5300.0 78.87172811902931
5450.0 73.98002030110102
5600.0 79.68525108565846
5800.0 79.31416399040015
6000.0 75.22088564153331
6150.0 77.3658787282211
6300.0 81.77186145047916
6500.0 80.84863677067202
6700.0 78.2736687217041
6900.0 81.28444274937678
7100.0 82.59974567208317
7300.0 81.10303483199502
7500.0 79.56272268146762
7750.0 82.56918482299912
8000.0 81.18588249165836
8250.0 77.02232529096264
8500.0 84.06305901551993
8750.0 82.05529167902
9000.0 79.52618584420976
9250.0 82.47377151938713
9500.0 80.83614201841561
9750.0 79.72883305880327
10000.0 78.91591017912748
10300.0 81.47669090402447
10600.0 78.54325779682188
10900.0 78.08983589854645
11200.0 79.68552688059955
11500.0 75.57178091935572
11800.0 76.91150178328212
12200.0 77.30526038279281
12500.0 78.99482255654031
12800.0 74.58213496929271
13200.0 74.22397158758153
13600.0 71.4806985587528
14000.0 70.3036045248009
14500.0 69.54867016597039
15000.0 70.71262096681568
15500.0 73.00526745176379
16000.0 73.2191433173811
16500.0 70.88203043584286
17000.0 71.50952929909981
17500.0 75.70364472608404
18000.0 75.44083523377809
18500.0 75.37161696434612
19000.0 72.84965432598919
19500.0 74.39698488840766
