Freq "On Axis"
20.5078 46.16329999999999
21.9727 49.50040000000001
23.4375 52.00380000000001
24.9023 54.580299999999994
26.3672 57.0223
27.832 59.72309999999999
29.2969 61.658800000000014
30.7617 63.627999999999986
32.2266 65.3083
33.6914 67.17
35.1562 68.586
36.6211 69.93349999999998
38.0859 71.15960000000001
39.5508 72.1884
41.0156 73.1002
42.4805 74.0197
43.9453 74.8799
45.4102 75.5284
46.875 76.1127
48.3398 76.6574
51.2695 77.6085
52.7344 77.9825
54.1992 78.36249999999998
55.6641 78.7661
58.5938 79.4103
60.0586 79.6802
62.9883 80.2497
64.4531 80.41240000000002
67.3828 80.6884
68.8477 80.7645
71.7773 81.2374
74.707 81.6619
77.6367 81.5373
79.1016 81.52270000000001
82.0312 81.9298
84.9609 82.0738
87.8906 81.9872
90.8203 81.7774
95.2148 82.123
98.1445 82.08590000000001
101.074 81.9015
105.469 82.10560000000001
108.398 82.1542
112.793 82.09099999999998
117.188 81.87370000000001
120.117 81.762
124.512 81.857
128.906 81.7274
133.301 81.70329999999998
139.16 81.6557
143.555 81.4407
147.949 81.298
153.809 81.28810000000001
159.668 81.4574
165.527 81.3822
171.387 81.3589
177.246 81.2573
183.105 81.0372
188.965 81.0651
196.289 81.2465
203.613 81.0592
210.938 80.98339999999999
218.262 80.79759999999999
225.586 80.8076
232.91 80.90639999999999
241.699 80.8141
250.488 81.2027
259.277 81.005
268.066 80.7209
276.855 81.0058
287.109 80.6012
297.363 80.9484
307.617 80.80699999999999
319.336 80.7399
329.59 80.9199
341.309 81.2262
353.027 81.7451
366.211 82.61690000000002
379.395 82.595
392.578 82.2644
405.762 82.12279999999998
420.41 82.4692
435.059 81.7531
451.172 82.6152
465.82 81.8236
483.398 81.6529
499.512 81.4676
517.09 80.9318
536.133 81.3748
555.176 81.5395
574.219 81.05170000000001
594.727 80.622
615.234 80.7747
637.207 81.861
659.18 81.9345
682.617 82.8031
707.52 83.0935
732.422 83.1139
757.324 83.1385
785.156 82.4364
811.523 81.4906
840.82 80.9603
870.117 81.0857
900.879 81.83449999999999
933.105 82.124
965.332 82.0173
1000.49 81.7365
1035.64 82.4012
1072.27 81.56880000000001
1108.89 82.4753
1148.44 82.9383
1189.45 83.1617
1230.47 83.1936
1274.41 83.3777
1319.82 82.643
1366.7 82.0983
1413.57 82.702
1463.38 83.0184
1516.11 82.7258
1568.85 82.3128
1624.51 81.725
1681.64 81.4762
1741.7 81.6491
1803.22 82.5857
1866.21 82.2964
1932.13 80.64359999999999
1999.51 81.1325
2069.82 81.9563
2143.07 81.4452
2219.24 80.9947
2296.88 81.3538
2378.91 80.97979999999998
2462.4 80.3674
2548.83 80.51000000000002
2639.65 79.9722
2731.93 79.2715
2828.61 79.78110000000001
2928.22 78.77110000000002
3030.76 78.63140000000001
3137.7 78.8945
3249.02 79.1498
3363.28 79.0872
3481.93 79.701
3604.98 79.69039999999998
3732.42 79.8846
3864.26 80.28570000000002
4000.49 80.067
4141.11 79.6146
4287.6 80.71950000000001
4438.48 79.8966
4595.21 80.8893
4756.35 80.72040000000001
4924.8 80.71699999999998
5097.66 79.7533
5277.83 79.2387
5463.87 81.2518
5657.23 80.31049999999999
5856.45 78.5789
6062.99 78.457
6276.86 79.46429999999998
6498.05 80.00630000000001
6726.56 80.33090000000001
6963.87 81.0495
7209.96 81.36510000000001
7464.84 81.4642
7727.05 81.8538
7999.51 81.9609
8282.23 81.6587
8573.73 81.1124
8876.95 80.8461
9188.96 80.5515
9514.16 79.9257
9849.61 79.74549999999999
10196.8 80.1704
10555.7 80.7999
10927.7 81.3776
11313.0 81.7616
11712.9 82.0053
12126.0 82.00310000000002
12553.7 81.7579
12996.1 81.1425
13454.6 80.5716
13929.2 80.3223
14419.9 80.20060000000001
14928.2 80.0521
15455.6 79.80710000000002
16000.5 79.9578
16564.5 79.81740000000002
17148.9 79.79590000000002
17752.4 79.974
18379.4 78.933
19026.9 78.5652
19697.8 78.0418
19999.5 78.27370000000002
