Freq "Estimated In-Room Response"
20.0 67.06266439853532
20.2909 67.3321343636725
20.586 67.71809197028222
20.8855 68.04619158327122
21.1893 68.35403849176042
21.4975 68.60468124235292
21.8102 68.86142607329016
22.1274 69.07268178904089
22.4492 69.26778477358692
22.7758 69.51116327862606
23.1071 69.69967068780207
23.4432 69.90823855668661
23.7841 70.16416498780283
24.1301 70.45068892808152
24.4811 70.6471123638376
24.8372 71.01343598070083
25.1984 71.25214842869093
25.5649 71.4316720442464
25.9368 71.65901632191817
26.3141 71.80700329090696
26.6968 71.9525885722015
27.0851 72.1399884490348
27.4791 72.35925359132862
27.8788 72.60671293523009
28.2843 72.76170734044895
28.6957 72.91212723360303
29.1131 73.16380465941961
29.5365 73.38852440471308
29.9661 73.64949645419128
30.402 73.8421516626236
30.8442 74.06950834014266
31.2929 74.30910538617961
31.748 74.5315353285393
32.2098 74.84918654214832
32.6783 75.03566466088421
33.1536 75.2570840182158
33.6359 75.38976463508736
34.1251 75.6856616642396
34.6215 75.92429836893768
35.125 76.10693997842345
35.6359 76.34101527735524
36.1543 76.54284049466457
36.6802 76.7942006522847
37.2137 77.0286622738456
37.755 77.27391855148966
38.3041 77.4635876238512
38.8613 77.61300898288073
39.4265 77.8338516933432
40.0 78.0690549374826
40.5818 78.27823526145606
41.1721 78.43450973102249
41.771 78.5905665364128
42.3785 78.69070593381497
42.9949 78.85995490666821
43.6203 79.06953508770091
44.2548 79.22033679623311
44.8985 79.44497774765685
45.5515 79.67243153444917
46.2141 79.85137556096896
46.8863 80.06727389480317
47.5683 80.27697170476725
48.2602 80.4817990828582
48.9621 80.57915453379375
49.6743 80.73819970744887
50.3968 80.91233270269935
51.1299 81.09311401043831
51.8736 81.2725616727816
52.6281 81.45955821234031
53.3936 81.74382013551212
54.1702 81.99857379012937
54.9581 82.17551546101821
55.7575 82.43848663558379
56.5685 82.6239552049253
57.3914 82.88907530099144
58.2261 83.08133299109645
59.073 83.33011128260546
59.9323 83.52617110988714
60.804 83.77532782560617
61.6884 83.90927162986783
62.5857 84.07542271226764
63.496 84.31250752628107
64.4196 84.44672500749309
65.3566 84.64494030868171
66.3073 84.8551622710016
67.2717 84.99684840108355
68.2502 85.18570911615149
69.2429 85.35123469129036
70.2501 85.58860393321055
71.2719 85.80594643891587
72.3086 85.9675249055439
73.3603 86.19846322484368
74.4274 86.41342200258453
75.5099 86.44558731083161
76.6083 86.65284519326758
77.7226 86.75071937051376
78.8531 86.84497857959475
80.0 86.9858568122295
81.1636 87.10944206127849
82.3442 87.19446558838982
83.5419 87.26777155901847
84.757 87.38732359277796
85.9899 87.49615645940919
87.2406 87.55472735286551
88.5096 87.7024019403784
89.797 87.84422606333705
91.1031 87.95893938111314
92.4282 88.10908523534191
93.7726 88.13006029270139
95.1366 88.20501837837733
96.5204 88.26676223595412
97.9243 88.3463743989262
99.3486 88.2471402992756
100.794 88.21601163319467
102.26 88.19635897381686
103.747 88.15980275731638
105.256 88.12803676561148
106.787 88.26404984421916
108.34 88.28823671906193
109.916 88.26673193544639
111.515 88.30559282542487
113.137 88.25490303627589
114.783 88.24551887804743
116.452 88.14700719863646
118.146 88.0309472801714
119.865 87.94270531094756
121.608 87.93622727063489
123.377 87.7966114817261
125.171 87.73633495612873
126.992 87.67846665910477
128.839 87.67895278455651
130.713 87.53300234679087
132.615 87.53723464946793
134.543 87.48383629947318
136.5 87.47367383040906
138.486 87.51806483381742
140.5 87.38964627667914
142.544 87.19703471045538
144.617 87.04782069041082
146.721 86.88064559070776
148.855 86.70410829682584
151.02 86.56901772558085
153.217 86.43141221146601
155.445 86.39639485372592
157.706 86.21443891022342
160.0 85.94533487897873
162.327 85.73607482339231
164.688 85.54922677419269
167.084 85.42940846610837
169.514 85.38554882592261
171.98 85.40844960059171
174.481 85.468257725845
177.019 85.45390145134418
179.594 85.34272653066455
182.206 85.3366456144961
184.856 85.3381836857869
187.545 85.33541934539149
190.273 85.32545490341248
193.041 85.34129513820697
195.849 85.27354555919159
198.697 85.25626823639949
201.587 85.17587502580848
204.52 85.21948120082517
207.494 85.23961461828196
210.512 85.27064278452852
213.574 85.22631869363697
216.681 85.20192483006785
219.833 85.12197987392162
223.03 85.06487532353266
226.274 84.99372936995773
229.565 84.92718778502322
232.905 84.87114866634812
236.292 84.77748440849206
239.729 84.7095877375634
243.216 84.69382822733938
246.754 84.65874513754262
250.343 84.63886959062572
253.984 84.63860697097283
257.678 84.61501536931276
261.426 84.5856882971564
265.229 84.62821110260502
269.087 84.64301887890744
273.001 84.63286782811599
276.972 84.65119507479059
281.0 84.68238205253158
285.088 84.73113441039258
289.234 84.75702839156956
293.441 84.81111883469693
297.709 84.84510714712896
302.04 84.83861139301271
306.433 84.80370682025399
310.89 84.74732381948601
315.412 84.686525079658
320.0 84.66729676500526
324.655 84.63465793687647
329.377 84.56563572824612
334.168 84.48555098157914
339.028 84.41962571845194
343.959 84.37130359772316
348.962 84.37329555313254
354.038 84.37889941899768
359.188 84.36414690738302
364.412 84.35122037621977
369.713 84.34688166145591
375.09 84.36111362776498
380.546 84.38869880091613
386.081 84.42573349943954
391.697 84.38888607185743
397.394 84.34999595119737
403.175 84.28951630489725
409.039 84.22418255462082
414.989 84.18083666835838
421.025 84.1260507377612
427.149 84.03828504596294
433.362 83.95033553108885
439.665 83.88318797754404
446.06 83.86456431666457
452.548 83.84776737437922
459.131 83.82918137076717
465.809 83.82618202702176
472.584 83.84509987268555
479.458 83.91749960768936
486.432 84.00137042269984
493.507 84.06060468466426
500.686 84.11687760750658
507.968 84.17288136905682
515.357 84.23839617953557
522.853 84.33453556637554
530.458 84.36045599030928
538.174 84.34233475019929
546.002 84.3492452687803
553.943 84.3433215185787
562.001 84.33740910501913
570.175 84.3347661269867
578.469 84.33557237113124
586.883 84.34667432373497
595.419 84.34729714827532
604.08 84.36193800348852
612.866 84.37014101159652
621.78 84.37754469449156
630.824 84.40216525254363
640.0 84.4084960748061
649.309 84.41178150236581
658.753 84.4080724930158
668.335 84.40054268884887
678.056 84.37645023896263
687.919 84.32833615197123
697.925 84.28138948446123
708.077 84.25552053695924
718.376 84.26616957454198
728.825 84.29146076972086
739.426 84.33675325724383
750.181 84.44577156952724
761.093 84.5067586188767
772.163 84.5142699147333
783.394 84.50530176032063
794.789 84.4256298168632
806.349 84.31792486609226
818.078 84.2353052048955
829.977 84.17637475971671
842.05 84.14179056145034
854.298 84.09881396662433
866.724 84.02441932224394
879.33 83.93519329604372
892.12 83.83542434706304
905.097 83.71157085412915
918.262 83.63811663420012
931.618 83.60406913271916
945.169 83.58307649733555
958.917 83.56168839003072
972.864 83.54701060368153
987.015 83.53256387887056
1001.37 83.48773082495421
1015.94 83.4086374156772
1030.71 83.33972668207322
1045.71 83.32128258020603
1060.92 83.34755942043043
1076.35 83.3534870627457
1092.0 83.30798226721186
1107.89 83.24560481756637
1124.0 83.20008842827077
1140.35 83.16337777759927
1156.94 83.0983446055706
1173.77 83.00452763474539
1190.84 82.96592731657525
1208.16 83.01392932729462
1225.73 83.05630492740879
1243.56 83.09551595641015
1261.65 83.1652688991525
1280.0 83.31281590400576
1298.62 83.45778851777129
1317.51 83.46677235338697
1336.67 83.41083857518146
1356.11 83.40447008822484
1375.84 83.44005857428937
1395.85 83.37837046266063
1416.15 83.21631930401523
1436.75 83.1262359282273
1457.65 83.15759920872812
1478.85 83.16079361456332
1500.36 83.17080158764469
1522.19 83.27004226993
1544.33 83.35222680634226
1566.79 83.30472948698646
1589.58 83.25000257978442
1612.7 83.23641857578338
1636.16 83.2037610678693
1659.95 83.09617299290171
1684.1 82.99272736369937
1708.6 82.92372673566689
1733.45 82.88900256498314
1758.66 82.84903338909734
1784.24 82.76756230146634
1810.19 82.72250843146038
1836.52 82.66023739863708
1863.24 82.50673827485883
1890.34 82.46232710379184
1917.83 82.52086322889743
1945.73 82.45277600489405
1974.03 82.52421365649592
2002.74 82.6637074391048
2031.87 82.61235068609855
2061.43 82.58835798820067
2091.41 82.49319709502961
2121.83 82.31330056178611
2152.69 82.23393128728146
2184.01 82.15309806515151
2215.77 82.24249923834361
2248.0 82.16298440946454
2280.7 82.0491504871539
2313.87 82.07893512606225
2347.53 81.96772930601452
2381.68 81.8450937989687
2416.32 81.76283544289934
2451.46 81.8469832844877
2487.12 81.8533178186486
2523.3 81.96726707233735
2560.0 81.90407060210985
2597.24 81.89772086614894
2635.01 81.89032865084951
2673.34 82.21078592464362
2712.23 82.40942640137322
2751.68 82.65808525466814
2791.7 82.5814445595655
2832.31 82.57712106958768
2873.5 82.55846230292774
2915.3 82.8292269244001
2957.7 82.9484045947786
3000.72 83.02675549091144
3044.37 82.93382470316355
3088.65 82.96774595967759
3133.58 83.20318726210002
3179.16 83.45885729249287
3225.4 83.42128173747359
3272.31 83.34583709760796
3319.91 83.29700740277576
3368.2 83.40143363513572
3417.19 83.35432114466218
3466.89 83.28064665249595
3517.32 83.21607833808716
3568.48 83.20163084619087
3620.39 83.35705355590835
3673.05 83.51501625524838
3726.47 83.60767173334702
3780.67 83.6534031898077
3835.67 83.75886401769382
3891.46 83.88306102310749
3948.06 83.84119046774765
4005.49 83.75681905828546
4063.75 83.7731849330803
4122.86 83.75587447440375
4182.82 83.71323240206436
4243.66 83.70994177748922
4305.39 83.79902496909897
4368.01 83.83936623368994
4431.55 83.8654259135842
4496.01 83.88541400929546
4561.4 83.9271219455878
4627.75 83.9363722260418
4695.06 83.83855033090435
4763.35 83.7205498771498
4832.64 83.67477801314809
4902.93 83.63907609443604
4974.24 83.53114473594924
5046.6 83.62769786390548
5120.0 83.70824581043729
5194.47 83.6922527773829
5270.03 83.82719042895435
5346.68 83.86430516609715
5424.45 83.73215678561681
5503.35 83.66811532202769
5583.4 83.586917249366
5664.61 83.42425383548824
5747.01 83.35849135277351
5830.6 83.25533969399869
5915.41 83.02815365479387
6001.45 83.01824062744909
6088.74 82.99180557446664
6177.3 82.94850337148523
6267.15 82.94902242042068
6358.31 82.82691133660981
6450.8 82.76799444378315
6544.62 82.77474804864083
6639.82 82.86120367115412
6736.4 83.03558127758183
6834.38 83.1396630777741
6933.79 83.20607757606402
7034.64 83.23456573863194
7136.96 83.21167659224825
7240.77 83.21019285588574
7346.09 83.1927397346198
7452.94 83.14584850984284
7561.35 83.06348709435994
7671.33 82.85892818938048
7782.91 82.67072385609387
7896.12 82.42219191119182
8010.97 82.37178742833214
8127.49 82.35785236202622
8245.71 82.51279841359823
8365.65 82.44472517074338
8487.33 82.34147677059386
8610.78 82.07301524487357
8736.03 81.86822447923318
8863.09 81.68559246780578
8992.01 81.72014044990604
9122.8 81.77474957828251
9255.5 81.85467336427851
9390.12 81.74781164808945
9526.7 81.66328239270453
9665.27 81.5572523067809
9805.86 81.51014398098472
9948.49 81.51420273731162
10093.2 81.43774818123279
10240.0 81.2756396413396
10388.9 81.06274988387955
10540.1 80.88249970688074
10693.4 80.74551541250159
10848.9 80.56279605581072
11006.7 80.24432936267955
11166.8 79.98956466112897
11329.2 79.85684433294986
11494.0 79.825323841368
11661.2 79.77662582780331
11830.8 79.72778147129857
12002.9 79.72627103750875
12177.5 79.77327356933571
12354.6 79.77049630338261
12534.3 79.68690384156294
12716.6 79.66110322707063
12901.6 79.81599558048676
13089.2 80.12031654830147
13279.6 80.39399243880719
13472.8 80.63869501678136
13668.8 80.97532290658904
13867.6 81.35689776897304
14069.3 81.58632515282362
14273.9 81.64835055812627
14481.5 81.61835752510302
14692.2 81.51390848192696
14905.9 81.32086004106435
15122.7 81.17590199453402
15342.7 81.16839025246065
15565.8 81.07873630606747
15792.2 80.72050852526877
16021.9 80.25278160584824
16255.0 79.82002914402433
16491.4 79.4150219225774
16731.3 79.16323347307652
16974.7 79.06770163753467
17221.6 78.88172892482424
17472.1 78.48062103406727
17726.2 78.07729703698715
17984.0 77.70779943492747
18245.6 77.37681593310546
18511.0 77.19646917941458
18780.2 77.07753996399106
19053.4 76.88963386975017
19330.5 76.6869542723836
19611.7 76.36169837246551
19897.0 76.02408731596141
