Freq "Sound Power"
20.5078 56.01416109553554
21.2402 55.15125984588323
21.9727 55.46815479803948
22.7051 59.7328624703014
23.4375 61.238662536914205
24.1699 62.74689849285366
25.6348 65.68814427177183
26.3672 66.55861114269216
27.0996 67.3486159210025
27.832 68.60467990936844
29.2969 70.04726746973407
30.0293 70.87456660347684
31.4941 72.78464285850038
32.2266 73.53191047724518
33.6914 74.76458266372605
34.4238 75.30168114512364
35.8887 76.26801683437083
37.3535 77.04492749975837
38.8184 77.66081306602808
39.5508 77.90410238550099
41.0156 78.36077082396412
42.4805 78.7097197250637
43.9453 79.01063354572032
45.4102 79.22581471056108
47.6074 79.49251558067816
49.0723 79.6351610709961
50.5371 79.74213093509017
52.7344 79.9012343266244
54.1992 79.9893771983406
56.3965 80.10452722514393
58.5938 80.21801135476282
60.0586 80.29662152837054
62.2559 80.42693472774502
64.4531 80.49495162948551
66.6504 80.53581563066575
69.5801 80.61444522059091
71.7773 80.64304448418588
73.9746 80.68516736126628
76.9043 80.70380490336083
79.834 80.73984107938023
82.7637 80.75905927435633
85.6934 80.74888613968201
88.623 80.79489245970046
91.5527 80.8392069546568
94.4824 80.84274571702902
98.1445 80.80700576665565
101.807 80.76187941843546
105.469 80.70360696201287
109.131 80.66292683082638
112.793 80.56887571004296
116.455 80.43951433096476
120.85 80.52130957109972
125.244 80.65697513587313
129.639 80.62230271699046
134.033 80.51366576602607
138.428 80.3047812231011
143.555 80.21495506153641
148.682 80.2642966321586
153.809 80.26151553493821
159.668 80.16082181318244
164.795 79.98397499173531
170.654 80.10249730819335
176.514 79.94934077866962
183.105 79.90695938680565
189.697 79.95045221736122
196.289 79.75421722411312
202.881 79.8892187624457
210.205 79.69911696348898
217.529 79.7775721120225
225.586 79.4825534211866
232.91 79.62900715045237
241.699 79.32774929344757
249.756 79.74705984107004
258.545 79.74569896613632
268.066 79.97723969289113
277.588 79.66906510935668
287.109 79.84533837879
297.363 79.3407112920605
307.617 79.38737704084494
318.604 79.60919088977539
329.59 79.74484243420137
341.309 79.79066721918929
353.76 79.59656790915305
366.211 79.39779031101523
378.662 79.74715492699363
392.578 79.92622679897045
405.762 80.03002859644
420.41 80.14967476988932
435.059 80.42584771033776
450.439 80.22396026551607
466.553 79.75881844003518
482.666 79.7504829920602
500.244 79.82284270426791
517.822 79.69087954701048
536.133 78.82146388451952
554.443 78.802998606397
574.219 78.54817827297745
594.727 78.22125515253306
615.234 78.4286411895022
637.207 78.36650601523692
659.912 78.48296641703018
683.35 78.18119375849295
706.787 77.9088006652326
731.689 77.59721847027612
758.057 77.39926650787704
784.424 77.10630207663628
812.256 76.86879783200358
840.82 76.73625451394085
870.85 76.64514293109976
901.611 76.27204442671585
933.105 76.64681965594421
966.064 76.80631826360576
999.756 76.98747402581068
1034.91 77.14077780934839
1071.53 76.91725325668665
1109.62 77.01082810256783
1148.44 77.27148536022848
1189.45 77.40486627405812
1231.2 77.69485509177056
1274.41 77.71918170325071
1319.82 77.57711076974198
1365.97 77.44848065459618
1414.31 77.07361109038402
1464.11 77.10465848965885
1515.38 77.39207406472805
1568.85 76.9176144886987
1624.51 76.47247804774244
1681.64 76.13209646794002
1740.97 76.46974095256274
1802.49 76.73918730344113
1866.21 77.30514848405946
1932.13 76.22565682903797
2000.24 75.0823954041181
2070.56 75.52492166027709
2143.8 76.13141570804311
2219.24 76.12443157709721
2297.61 75.92722159268935
2378.17 76.20761226820444
2462.4 76.25703153221205
2548.83 76.87828244466783
2638.92 76.9751605090568
2731.93 77.07689653385786
2828.61 76.67340750916841
2928.22 76.14483380196435
3031.49 75.64628940950018
3138.43 74.88149845903644
3249.02 74.92960237828082
3363.28 75.67749911718589
3481.93 76.05690609615252
3604.98 75.86313603202275
3732.42 75.52596278417457
3863.53 75.31594925516393
3999.76 74.7960668664337
4141.11 74.21931396649168
4286.87 73.59547455429569
4438.48 74.3346470783934
4594.48 74.22650963702196
4757.08 74.17617251566546
4924.8 74.27718156101898
5098.39 73.47741264838845
5277.83 72.72157603208052
5463.87 72.8491488684045
5656.49 72.63258710739494
5856.45 73.13705642561305
6062.99 73.0986768897913
6276.86 73.12278440773602
6498.05 72.25584097529891
6727.29 72.95146884959327
6964.6 73.05347417784193
7209.96 73.61980579350322
7464.11 73.82245501046958
7727.78 73.63521932574872
8000.24 73.39215764471629
8282.23 73.19317943334725
8574.46 73.23561290107412
8876.22 73.12173508711952
9189.7 72.70070014724898
9513.43 72.43233753831831
9848.88 72.60533035133949
10196.8 72.47232648629574
10556.4 71.99572836296113
10928.5 72.32366847106813
11313.7 72.63365089468545
11712.9 73.22408805607661
12126.0 73.72213318337278
12553.7 73.96105484279545
12996.1 74.06558275639992
13454.6 74.06992202144224
13928.5 74.06977934559723
14419.9 74.4185771405725
14928.2 74.60917608671255
15454.8 74.67595959272526
15999.8 74.11891192979932
16564.5 73.78935661081465
17148.2 73.4249754178771
17753.2 72.9548477229362
18379.4 73.12100146422662
19027.6 70.83628408946447
19698.5 69.81869907351816
19999.5 69.31404798446005
