Freq "Rear Wall Bounce"
20.5078 47.58296507274912
21.9727 49.635122307529144
23.4375 44.668158934139626
24.9023 51.174704248640296
26.3672 50.84675031893988
27.832 53.190340558833526
29.2969 53.67202471977612
30.7617 56.21137292978409
32.2266 57.33726940387294
33.6914 58.791752745181014
35.1562 59.7806326221818
36.6211 61.94931128066
38.0859 62.637206030032246
39.5508 64.04616052613375
41.0156 65.2649758961432
42.4805 66.26247212730374
43.9453 67.44474848715808
45.4102 68.44347079401047
46.875 69.37531203863428
48.3398 70.36435177881366
51.2695 72.21408568539586
52.7344 73.04544927375724
54.1992 73.9143118144947
55.6641 74.30735961929037
58.5938 75.96369293680993
60.0586 76.70602502356984
62.9883 78.09769328020884
64.4531 78.73768527856761
67.3828 79.77659185857374
68.8477 80.3678171228596
71.7773 81.57812608183094
74.707 82.60163440479795
77.6367 83.60591261808453
79.1016 84.08889936701696
82.0312 85.01102034562562
84.9609 85.91435256215456
87.8906 86.75567208928658
90.8203 87.63716792414849
95.2148 88.55952163556658
98.1445 89.54882551236432
101.074 90.3804589774809
105.469 91.24575791642256
108.398 91.66983370763236
112.793 92.25285398272233
117.188 92.39548634163542
120.117 92.3241831187437
124.512 92.5907358790799
128.906 92.62183706628164
133.301 92.19601796310633
139.16 91.42582555023665
143.555 91.04430570724766
147.949 91.13505502192609
153.809 90.8924860213912
159.668 90.21066766289353
165.527 89.56034634782694
171.387 89.16206614806383
177.246 88.8401087893175
183.105 88.29528582004896
188.965 87.9384606801485
196.289 87.48104366518136
203.613 87.34143035094668
210.938 86.95345028629711
218.262 86.54879710480579
225.586 86.30879801558288
232.91 85.78624044529519
241.699 84.93823662532044
250.488 83.68428043822757
259.277 85.05439714923533
268.066 84.28008233498689
276.855 84.15396643987152
287.109 83.38103491631327
297.363 83.44002066864583
307.617 84.45166329480402
319.336 82.88302302834929
329.59 83.3108244454659
341.309 84.1373117051654
353.027 84.32219504134085
366.211 83.16831806758532
379.395 82.5662452924489
392.578 83.03362398491186
405.762 83.61471423393161
420.41 83.73536967144989
435.059 84.52657264464442
451.172 84.20234385865875
465.82 83.92832657590881
483.398 82.5206763393581
499.512 83.78080564060168
517.09 82.96000336350349
536.133 81.3234590373667
555.176 80.81303824253703
574.219 80.12646471782685
594.727 78.60972566418246
615.234 79.50596929507958
637.207 78.38828932256548
659.18 79.50138978870429
682.617 80.55277561693805
707.52 80.67996338431419
732.422 81.52709997567014
757.324 81.31086354520846
785.156 78.76895260251958
811.523 79.77187304542801
840.82 80.7803321455578
870.117 77.23351278998123
900.879 78.28230302474545
933.105 77.84233136893114
965.332 76.50074823192423
1000.49 72.81067598184418
1035.64 69.29583460348512
1072.27 73.58420029207258
1108.89 73.09016024826961
1148.44 74.47876750463661
1189.45 76.08541656212127
1230.47 79.86980211365676
1274.41 78.40810028420404
1319.82 80.85033683241768
1366.7 77.99148203267995
1413.57 82.3021631145297
1463.38 79.21385767722093
1516.11 80.66174037166934
1568.85 75.56675389101122
1624.51 76.53581244735389
1681.64 76.62892372856595
1741.7 75.12379854708472
1803.22 72.97583431188373
1866.21 73.54439708613992
1932.13 70.55824881577904
1999.51 72.29223036768809
2069.82 73.38487370045493
2143.07 73.64905491080604
2219.24 74.81456341700971
2296.88 75.88023755702477
2378.91 77.58085420498377
2462.4 76.22455775382319
2548.83 79.80444130541116
2639.65 80.24127231264237
2731.93 77.73256401980831
2828.61 76.3077802087204
2928.22 75.76594214517189
3030.76 75.75792496502962
3137.7 74.10205095703336
3249.02 69.11878379078337
3363.28 66.99642613175843
3481.93 65.10349511665618
3604.98 66.07169142407159
3732.42 68.79241089022574
3864.26 70.04294583781606
4000.49 69.57283996194539
4141.11 67.78153920706772
4287.6 68.68372028763943
4438.48 68.48278146943981
4595.21 67.79202431773392
4756.35 67.05391937006041
4924.8 67.4897937864441
5097.66 66.55441239441086
5277.83 66.87067449644456
5463.87 65.07373292400078
5657.23 62.949679280044336
5856.45 65.674768564125
6062.99 68.18885904099369
6276.86 71.47849523475644
6498.05 71.6167504895749
6726.56 68.87660766193935
6963.87 66.43212011730836
7209.96 62.42277311819754
7464.84 64.1298121712936
7727.05 67.81854084154875
7999.51 65.28483860420229
8282.23 61.87326124352279
8573.73 62.875405199964945
8876.95 66.34501974178261
9188.96 65.06831805861833
9514.16 60.54736353841963
9849.61 61.32297162060706
10196.8 59.26102128207836
10555.7 54.72878896941441
10927.7 56.744653262051884
11313.0 64.28149195728213
11712.9 66.12626442233048
12126.0 60.12552878358872
12553.7 57.66312393648394
12996.1 63.790673296975626
13454.6 63.03431215822073
13929.2 64.76396315522047
14419.9 64.39648857148217
14928.2 60.93606550421961
15455.6 56.231329440017845
16000.5 54.02179059573092
16564.5 57.89380875658705
17148.9 57.29813861463256
17752.4 59.56675522621413
18379.4 63.95728183115057
19026.9 62.3074434904527
19697.8 55.35421779575813
19999.5 56.52509856006279
