Freq "Sound Power"
20.5078 51.85113953096423
21.9727 52.02638414855308
23.4375 53.725360028789154
24.9023 53.74759540170017
26.3672 53.187757430178735
27.832 54.91044647180949
29.2969 54.638888327507075
30.7617 56.045718512939246
32.2266 57.11284970529364
33.6914 58.13634139505383
35.1562 58.376593832478406
36.6211 59.86846962989746
38.0859 60.667680048346384
39.5508 61.75184936554032
41.0156 62.58375954048853
42.4805 61.117447803418
43.9453 62.977803277688096
45.4102 63.63299438833333
46.875 63.98721123768202
48.3398 64.69620672064075
51.2695 65.66100258629719
52.7344 66.22348355452341
54.1992 66.56734476461055
55.6641 67.14796555943357
58.5938 68.1619651660553
60.0586 68.59383549077741
62.9883 69.45579033153587
64.4531 69.89485730919435
67.3828 70.75989127992572
68.8477 71.12531199457244
71.7773 71.80042871275545
74.707 72.61770381384358
77.6367 73.45449422892175
79.1016 73.91753294888375
82.0312 74.61688295182971
84.9609 75.13286748489075
87.8906 75.73749627030338
90.8203 76.57856627722263
95.2148 77.58361561025443
98.1445 78.26909545144856
101.074 78.80472937316323
105.469 79.61634982211423
108.398 80.18961281267677
112.793 80.83587225497818
117.188 81.44557426127344
120.117 81.90937768701313
124.512 82.42979005999219
128.906 82.93885279251853
133.301 83.43817441307303
139.16 83.90882591408378
143.555 84.17357127698773
147.949 84.35328134990569
153.809 84.48094215708797
159.668 84.57179481630965
165.527 84.6491631979395
171.387 84.63738554140576
177.246 84.54744573422346
183.105 84.44219307866783
188.965 84.25323588794369
196.289 84.13235092614288
203.613 83.96981174059407
210.938 83.72526831634265
218.262 83.50439033378338
225.586 83.34184421853087
232.91 83.13193531842302
241.699 82.85088611131972
250.488 82.52832955615811
259.277 82.41278426454187
268.066 82.1756683415155
276.855 82.04327735224898
287.109 81.91991690792328
297.363 81.71348875459016
307.617 81.52142054802401
319.336 81.23372799253853
329.59 80.9851920948592
341.309 80.99642103806963
353.027 80.83681081172713
366.211 80.70593984699254
379.395 80.57209922059882
392.578 80.427678639239
405.762 80.33848291082434
420.41 80.26913709534118
435.059 80.19293660273078
451.172 80.3503481844033
465.82 80.51073221998271
483.398 80.43316172901234
499.512 80.67881098639465
517.09 80.44721469597023
536.133 80.39585732956103
555.176 80.52129367009977
574.219 80.47212091807602
594.727 80.2918358835263
615.234 80.25313978246847
637.207 80.0720022936868
659.18 79.75022591371234
682.617 80.06427574240874
707.52 79.88455741410978
732.422 79.90621504549866
757.324 80.16409434252627
785.156 80.09551645048342
811.523 80.53004513472685
840.82 80.72594644893469
870.117 80.80298938148412
900.879 81.04193360957028
933.105 80.96837464269545
965.332 81.04775147382749
1000.49 80.9064577755837
1035.64 80.87114495736257
1072.27 80.77061726102065
1108.89 80.12656144169357
1148.44 80.61028366811618
1189.45 79.85344682131101
1230.47 80.62022200911821
1274.41 80.71110824177357
1319.82 80.64350756880421
1366.7 80.39738822907532
1413.57 79.89292378998753
1463.38 79.0746835951589
1516.11 77.87107647851538
1568.85 77.22855525132572
1624.51 76.75575606584992
1681.64 77.03384725748066
1741.7 77.55950712581291
1803.22 76.92583637221928
1866.21 76.03641164623099
1932.13 75.88214144573016
1999.51 76.36180364413998
2069.82 76.8308246735316
2143.07 76.8156529434061
2219.24 75.91316030170658
2296.88 76.067043449359
2378.91 76.96408169624011
2462.4 78.11289794636987
2548.83 78.14283875715803
2639.65 77.61898118210779
2731.93 77.50374056234114
2828.61 78.03763049921311
2928.22 78.38538828310753
3030.76 78.50015571453464
3137.7 78.37706142402217
3249.02 78.1662926692445
3363.28 78.20608291736643
3481.93 78.47998365036972
3604.98 78.88042189924296
3732.42 79.39166080095471
3864.26 79.05523395619994
4000.49 79.55656309875272
4141.11 80.51453996975194
4287.6 80.73489306888945
4438.48 80.60269359068043
4595.21 80.2418244060813
4756.35 80.60511106277906
4924.8 81.08365563260833
5097.66 80.48031288586232
5277.83 80.61194583853833
5463.87 80.90051073292979
5657.23 81.15442470518397
5856.45 81.26260414486227
6062.99 81.48636808069668
6276.86 81.32679788722976
6498.05 81.85163841603307
6726.56 81.56257811817719
6963.87 80.99826801881719
7209.96 81.52086797882303
7464.84 81.1317583254737
7727.05 80.93616417700957
7999.51 80.60088293872552
8282.23 80.34876234411884
8573.73 79.59016303977387
8876.95 79.18124131223642
9188.96 78.48446494364987
9514.16 78.06150014465756
9849.61 77.74608124973481
10196.8 77.1371714508495
10555.7 76.52840750748562
10927.7 76.0438793249107
11313.0 75.62307385531194
11712.9 75.03508478068233
12126.0 74.49990397997433
12553.7 73.70964887667414
12996.1 72.55296810750158
13454.6 71.42231048686982
13929.2 70.47403228813047
14419.9 69.74194079622023
14928.2 69.63800785642276
15455.6 70.29014755152001
16000.5 72.25501341534634
16564.5 74.3553874216483
17148.9 72.73024914351761
17752.4 69.5582090378159
18379.4 66.98023036420942
19026.9 64.97162924275436
19697.8 63.11570200319963
19999.5 62.42296747198304
