Freq "On Axis"
20.5078 50.601481818181824
21.9727 55.80508181818182
23.4375 53.4055818181818
24.9023 54.41988181818182
26.3672 52.533581818181815
27.832 53.344081818181806
29.2969 54.527281818181834
30.7617 55.16898181818182
32.2266 60.54278181818181
33.6914 65.9073818181818
35.1562 67.62178181818182
36.6211 70.64718181818182
38.0859 73.68098181818182
39.5508 76.11118181818182
41.0156 78.02748181818181
42.4805 79.83948181818181
43.9453 80.6924818181818
45.4102 80.80698181818181
46.875 81.61638181818184
48.3398 81.96968181818181
51.2695 82.6229818181818
52.7344 82.92868181818181
54.1992 83.22688181818182
55.6641 83.56368181818182
58.5938 83.84168181818181
60.0586 84.01948181818182
62.9883 84.37588181818181
64.4531 84.50618181818182
67.3828 84.76268181818182
68.8477 84.87418181818181
71.7773 84.98938181818183
74.707 85.09638181818183
77.6367 85.08698181818183
79.1016 85.11168181818182
82.0312 85.1744818181818
84.9609 85.11078181818182
87.8906 84.87868181818182
90.8203 84.75938181818182
95.2148 84.45728181818181
98.1445 84.27478181818182
101.074 84.18348181818182
105.469 84.09288181818182
108.398 84.18018181818182
112.793 84.11678181818182
117.188 83.87028181818182
120.117 83.85808181818182
124.512 83.73258181818181
128.906 83.52978181818182
133.301 83.4646818181818
139.16 83.2376818181818
143.555 82.94538181818181
147.949 82.61858181818182
153.809 82.55458181818182
159.668 82.70688181818181
165.527 82.91078181818182
171.387 83.37448181818182
177.246 83.82938181818183
183.105 84.11218181818181
188.965 84.18178181818182
196.289 84.80298181818182
203.613 84.92138181818181
210.938 84.53508181818182
218.262 84.30288181818182
225.586 84.04168181818181
232.91 84.32968181818181
241.699 84.24498181818181
250.488 83.67698181818182
259.277 82.82968181818181
268.066 82.42708181818182
276.855 82.44608181818181
287.109 86.69408181818181
297.363 85.9561818181818
307.617 85.79618181818184
319.336 85.20098181818182
329.59 84.81798181818182
341.309 84.99318181818181
353.027 85.65388181818182
366.211 85.07718181818181
379.395 84.92378181818181
392.578 84.97348181818181
405.762 84.44898181818182
420.41 84.87868181818182
435.059 85.27728181818183
451.172 85.01948181818182
465.82 84.76558181818181
483.398 84.65718181818183
499.512 84.8637818181818
517.09 83.18458181818181
536.133 84.62858181818181
555.176 84.94938181818182
574.219 84.37158181818181
594.727 84.29738181818182
615.234 86.26048181818182
637.207 86.06388181818183
659.18 86.01028181818181
682.617 86.06528181818182
707.52 85.75048181818183
732.422 86.42328181818182
757.324 86.68108181818182
785.156 85.83008181818181
811.523 86.55228181818181
840.82 86.43148181818184
870.117 87.78748181818182
900.879 88.53418181818182
933.105 88.88708181818181
965.332 89.40828181818183
1000.49 89.37178181818182
1035.64 88.03628181818182
1072.27 88.25698181818181
1108.89 86.74318181818181
1148.44 87.04398181818182
1189.45 88.11118181818182
1230.47 86.61578181818182
1274.41 86.2601818181818
1319.82 85.09958181818182
1366.7 84.7513818181818
1413.57 85.05938181818182
1463.38 84.32558181818182
1516.11 84.22228181818181
1568.85 83.79618181818182
1624.51 84.35058181818182
1681.64 85.02888181818182
1741.7 85.83678181818182
1803.22 85.6539818181818
1866.21 85.23998181818182
1932.13 84.14108181818182
1999.51 84.53418181818182
2069.82 85.02148181818181
2143.07 84.94118181818182
2219.24 84.12478181818182
2296.88 83.07598181818182
2378.91 82.96938181818182
2462.4 83.77478181818184
2548.83 84.47168181818182
2639.65 82.98808181818181
2731.93 82.5620818181818
2828.61 82.45328181818182
2928.22 82.9072818181818
3030.76 83.98038181818181
3137.7 82.65488181818182
3249.02 83.05088181818182
3363.28 82.97858181818182
3481.93 82.29368181818181
3604.98 83.01348181818182
3732.42 83.90518181818182
3864.26 83.27428181818182
4000.49 83.44988181818182
4141.11 84.73208181818181
4287.6 85.50558181818182
4438.48 85.78578181818182
4595.21 86.33198181818182
4756.35 87.08228181818181
4924.8 87.26308181818182
5097.66 86.7069818181818
5277.83 86.59458181818182
5463.87 86.77018181818181
5657.23 86.89868181818181
5856.45 86.3962818181818
6062.99 87.22008181818181
6276.86 86.97328181818182
6498.05 86.79308181818182
6726.56 86.95528181818183
6963.87 86.38208181818182
7209.96 86.63118181818182
7464.84 86.72108181818182
7727.05 86.18978181818181
7999.51 86.39348181818181
8282.23 85.96188181818182
8573.73 86.47608181818181
8876.95 86.27428181818182
9188.96 86.68958181818182
9514.16 86.67628181818182
9849.61 87.21438181818182
10196.8 87.43068181818181
10555.7 87.78788181818182
10927.7 88.24698181818182
11313.0 88.40388181818182
11712.9 88.58308181818181
12126.0 88.6222818181818
12553.7 88.53598181818181
12996.1 88.56338181818181
13454.6 88.45568181818182
13929.2 88.2515818181818
14419.9 88.09118181818182
14928.2 88.08588181818182
15455.6 87.93068181818181
16000.5 87.27578181818181
16564.5 81.67248181818182
17148.9 88.74888181818181
17752.4 88.40138181818183
18379.4 87.53508181818184
19026.9 86.59488181818183
19697.8 85.59548181818181
19999.5 85.27998181818181
