Freq "Early Reflections DI"
20.5078 36.18618877367638
21.9727 36.20075643411039
23.4375 35.930890245641024
24.9023 38.30913825551366
26.3672 38.86692262469066
27.832 37.80335400970648
29.2969 38.04353859499082
30.7617 38.76118916018707
32.2266 38.91277953013979
33.6914 39.10964846080924
35.1562 38.924383336079416
36.6211 38.922995036514195
38.0859 39.323557693699826
39.5508 39.23660767097272
41.0156 39.30542652325781
42.4805 39.34085910336577
43.9453 39.33443025602726
45.4102 39.39396670228108
46.875 39.42463003027065
48.3398 39.487805875376054
51.2695 39.48492316860063
52.7344 39.503202187713
54.1992 39.56943924377053
55.6641 39.56911115479372
58.5938 39.615942846323634
60.0586 39.634250226894096
62.9883 39.68300549357784
64.4531 39.707056266918215
67.3828 39.72600098277381
68.8477 39.735260940565354
71.7773 39.760379602121475
74.707 39.79245567991542
77.6367 39.81985842007205
79.1016 39.82923125301268
82.0312 39.85056878648396
84.9609 39.878979026659806
87.8906 39.88379876525134
90.8203 39.91227442368769
95.2148 39.9510745804952
98.1445 39.97984358905745
101.074 40.02505663273213
105.469 40.045724677050714
108.398 40.04195860288105
112.793 40.02608082072658
117.188 40.10644134444871
120.117 40.125353646151595
124.512 40.102565090244056
128.906 40.1443081226017
133.301 40.16163387588999
139.16 40.180216573145316
143.555 40.20013142904858
147.949 40.22958678022786
153.809 40.27382809085245
159.668 40.20792260817204
165.527 40.32599703750543
171.387 40.40819250896918
177.246 40.365588421840556
183.105 40.348167132712504
188.965 40.38799752671889
196.289 40.38610047360717
203.613 40.59628261153608
210.938 40.66159150183296
218.262 40.48723258848922
225.586 40.514386175696615
232.91 40.7195974007541
241.699 40.82509592375233
250.488 40.927588699282325
259.277 40.87280719812139
268.066 40.60251943632704
276.855 40.90686393558943
287.109 40.93296589010434
297.363 41.323429310514285
307.617 40.909697164676345
319.336 41.10289006577982
329.59 41.16845440077947
341.309 41.0265678478973
353.027 41.396042402791736
366.211 41.04890547971186
379.395 41.226369761219274
392.578 41.03271346614983
405.762 40.99621361665032
420.41 41.1161190411496
435.059 41.119653434301455
451.172 41.224918807833475
465.82 41.03415521372891
483.398 41.51984211885973
499.512 41.22360021141017
517.09 41.583971530823234
536.133 41.518109778826044
555.176 41.67879430591702
574.219 41.80961526913303
594.727 41.312982302421105
615.234 41.8252003087362
637.207 41.483650007821595
659.18 40.95467118384036
682.617 41.73984524011415
707.52 41.81501018162486
732.422 41.9338661039412
757.324 42.67737619702014
785.156 42.27605372101459
811.523 42.57155384640356
840.82 42.22664049804598
870.117 42.16362836003792
900.879 42.53855016586452
933.105 42.72888142284421
965.332 42.66382517302387
1000.49 42.70997462824975
1035.64 42.78467282153167
1072.27 42.49049614337386
1108.89 42.86538841890251
1148.44 42.97165008772865
1189.45 42.927101353160836
1230.47 42.60681425216464
1274.41 42.74268420024619
1319.82 43.22722624044614
1366.7 43.061201162492196
1413.57 43.17631934014403
1463.38 43.28722306662519
1516.11 43.42246348887741
1568.85 43.73033780816894
1624.51 43.76475197038815
1681.64 43.73752724217589
1741.7 43.31980758775251
1803.22 43.18294545263413
1866.21 43.43701828273052
1932.13 43.27306433202254
1999.51 43.156226436350806
2069.82 43.52391969906391
2143.07 43.70795728907855
2219.24 43.664850518808464
2296.88 43.71740191842436
2378.91 44.04715334260004
2462.4 44.14635188468864
2548.83 43.905927088614604
2639.65 43.836005319294884
2731.93 43.93818212584094
2828.61 43.86906446416623
2928.22 43.75372356019609
3030.76 43.930850961678104
3137.7 43.504802767483184
3249.02 43.49016684131438
3363.28 43.2992412608739
3481.93 43.31795471843924
3604.98 43.17041841778624
3732.42 43.40994686931509
3864.26 43.456083610778265
4000.49 43.718395983149165
4141.11 43.57292408926318
4287.6 43.29770187484222
4438.48 43.12252157533604
4595.21 42.902220770323936
4756.35 43.04321685060195
4924.8 42.75783221351985
5097.66 42.78206874623481
5277.83 42.835606116423776
5463.87 43.10605652587222
5657.23 43.08446783519777
5856.45 42.99566425830368
6062.99 43.016345310657385
6276.86 43.05129318616379
6498.05 42.9822379606931
6726.56 42.94864061435932
6963.87 42.94612548865611
7209.96 43.23551757325491
7464.84 43.38334668116376
7727.05 43.50994915489645
7999.51 43.42486424755158
8282.23 43.3992113148406
8573.73 43.49801696438091
8876.95 43.63424015015043
9188.96 43.80345283235343
9514.16 43.90316225064788
9849.61 44.08773372367742
10196.8 44.36899080165098
10555.7 44.488778824703815
10927.7 44.559378558364315
11313.0 44.703307118691285
11712.9 44.89624561521258
12126.0 45.073763062560616
12553.7 45.20817216720614
12996.1 45.260061964804564
13454.6 45.22405901002419
13929.2 45.22940737765798
14419.9 45.29336826236444
14928.2 45.295418302793735
15455.6 45.3680126682586
16000.5 45.445234739498716
16564.5 45.36787637620613
17148.9 45.35865979532328
17752.4 45.51067695512474
18379.4 45.6835302100655
19026.9 45.813252530212026
19697.8 45.99491353882091
19999.5 46.109715834269224
