Freq "Sound Power DI"
20.5078 50.53780929613103
21.9727 50.08614279163865
23.4375 50.184631066340245
24.9023 50.01821317107533
26.3672 49.78779505720391
27.832 50.01324220580176
29.2969 49.95333921433338
30.7617 49.994440652804485
32.2266 50.060141436192396
33.6914 50.09980388718158
35.1562 50.14245072494903
36.6211 50.154812005152536
38.0859 50.193931084064445
39.5508 50.21093778533964
41.0156 50.19118791747091
42.4805 50.24372010837398
43.9453 50.289925118021046
45.4102 50.290761261507285
46.875 50.2668161237807
48.3398 50.281295085756355
51.2695 50.29941755591588
52.7344 50.34506736558588
54.1992 50.42875505159989
55.6641 50.38604505572722
58.5938 50.366802132526516
60.0586 50.39633916037967
62.9883 50.373890981448426
64.4531 50.374312736235936
67.3828 50.376431745391756
68.8477 50.3810828385929
71.7773 50.41694440183949
74.707 50.42867255026404
77.6367 50.42085794736502
79.1016 50.45260776565905
82.0312 50.51454245591954
84.9609 50.54765020003728
87.8906 50.49458133316446
90.8203 50.48585130954696
95.2148 50.57743914713238
98.1445 50.6275176185307
101.074 50.61606622129358
105.469 50.74620041753859
108.398 50.855943494510996
112.793 50.880616879381336
117.188 50.81617202463379
120.117 50.88507386029114
124.512 50.86957332282712
128.906 50.73763991560563
133.301 50.79486167568248
139.16 50.97271141705136
143.555 50.99784632900899
147.949 50.94874991193183
153.809 51.01784986345095
159.668 51.059521413930426
165.527 51.19233958232002
171.387 51.27222919828695
177.246 51.364361635788526
183.105 51.20095814291763
188.965 51.30154682740576
196.289 51.42842495303077
203.613 51.53479657832588
210.938 51.40582551733645
218.262 51.45360825449758
225.586 52.04918018495033
232.91 52.24454878034976
241.699 52.23493335003293
250.488 52.634684997200395
259.277 52.610298524536944
268.066 52.61000473095697
276.855 52.52711686787681
287.109 52.54338214989666
297.363 53.05619924751318
307.617 52.75723901206888
319.336 53.15381181660749
329.59 52.827590077005766
341.309 52.81799324607644
353.027 52.79531174755971
366.211 53.39062601949267
379.395 53.05758720311778
392.578 52.45759366077205
405.762 53.29601169328981
420.41 53.25135801415941
435.059 53.19899732678094
451.172 53.470192824774784
465.82 53.461239156845
483.398 53.5914113510521
499.512 53.58627135644406
517.09 53.661439823013396
536.133 54.497996041325834
555.176 54.15147916574011
574.219 54.01292483730583
594.727 53.88338677458536
615.234 53.87830519379028
637.207 55.20450828598729
659.18 55.11177671027977
682.617 55.263612934105396
707.52 54.842590775511596
732.422 54.17880898702735
757.324 54.94103557608075
785.156 55.054174576315646
811.523 55.050275389279435
840.82 55.49519519468427
870.117 55.830299607220695
900.879 55.71391146950509
933.105 55.72042530462116
965.332 55.42561463293343
1000.49 55.35669439430089
1035.64 55.100094284296716
1072.27 54.661865820266726
1108.89 55.0770402721716
1148.44 55.29321569594728
1189.45 55.782908683048404
1230.47 56.377794226510616
1274.41 56.6283679190409
1319.82 57.06375454885749
1366.7 57.28976497023572
1413.57 57.01341126330051
1463.38 57.134780154786895
1516.11 57.643244579197344
1568.85 57.48171945566132
1624.51 57.7891339020575
1681.64 58.093266125872816
1741.7 58.29398246527077
1803.22 58.17936095469592
1866.21 57.72257613432883
1932.13 57.42185794761869
1999.51 57.503820006746466
2069.82 57.694573774126525
2143.07 57.51073886308444
2219.24 57.13204603082659
2296.88 56.69770927892563
2378.91 57.333217961128355
2462.4 58.071507258256375
2548.83 58.03639493642265
2639.65 57.276562125958066
2731.93 56.97366872403275
2828.61 57.35479154627936
2928.22 57.54438904753775
3030.76 57.42033724880481
3137.7 57.604834711865095
3249.02 57.47046465185031
3363.28 57.818003509527585
3481.93 57.52190070131006
3604.98 57.277978340844896
3732.42 57.79048598247719
3864.26 57.499393336006776
4000.49 57.647721195929606
4141.11 57.87548777769452
4287.6 57.735249497784864
4438.48 57.5672029807173
4595.21 57.62877390652274
4756.35 57.738663366706646
4924.8 57.88500674315799
5097.66 57.768887197687945
5277.83 57.71788842772921
5463.87 57.73304136290358
5657.23 57.759009001348346
5856.45 57.723173286167466
6062.99 57.788948587724306
6276.86 57.814751103536494
6498.05 57.91509844480525
6726.56 58.034176156981104
6963.87 57.99946248526008
7209.96 57.937249582565656
7464.84 57.90920198055851
7727.05 58.00508300985477
7999.51 58.06717634637471
8282.23 58.23270537515691
8573.73 58.22673021117333
8876.95 58.181862474922426
9188.96 58.282183615224255
9514.16 58.32308362098087
9849.61 58.37621702411661
10196.8 58.50602502700514
10555.7 58.59009430720941
10927.7 58.6266653522909
11313.0 58.637018935096336
11712.9 58.67952680943448
12126.0 58.72686290201602
12553.7 58.908218088180234
12996.1 58.982543812183096
13454.6 58.90801729840658
13929.2 58.973587404700254
14419.9 59.034374076964156
14928.2 59.15355065735616
15455.6 59.33052549932336
16000.5 59.41891778242528
16564.5 59.30926682813079
17148.9 59.21800232064483
17752.4 59.24905478635186
18379.4 59.36033248220099
19026.9 59.47033680724395
19697.8 59.28522821590326
19999.5 59.073374606004066
