Freq "Total Early Reflection"
20.5078 57.981649433956406
21.9727 58.7446248546333
23.4375 50.36294840219354
24.9023 48.734254197862114
26.3672 55.53624459483443
27.832 52.00791222722249
29.2969 54.85770909084617
30.7617 51.59534370825109
32.2266 52.50688461433525
33.6914 52.78732953094725
35.1562 55.82700097204402
36.6211 58.62597947825084
38.0859 60.511911556379275
39.5508 62.06311360077818
41.0156 64.70396122191487
42.4805 65.68393814054694
43.9453 67.70190633792795
45.4102 69.1578371540629
46.875 70.92654862800363
48.3398 72.2532889211103
51.2695 75.1294788624359
52.7344 76.39627065390216
54.1992 77.6396253219794
55.6641 78.85898845950715
58.5938 81.28169018142474
60.0586 82.33486797949186
62.9883 84.31104645717456
64.4531 85.23485591551167
67.3828 87.05737009036632
68.8477 87.9117456738542
71.7773 89.4480175718864
74.707 90.8950353523772
77.6367 92.12871193139779
79.1016 92.63653625599979
82.0312 93.47435731348153
84.9609 94.28955542731067
87.8906 95.23030679195185
90.8203 95.7290065788519
95.2148 96.36746275444933
98.1445 96.77446681906258
101.074 97.07415591523541
105.469 97.72022817105999
108.398 98.16749598283907
112.793 98.49976900923491
117.188 98.74050468066318
120.117 98.92551883063962
124.512 99.24207995816215
128.906 99.36682998327124
133.301 99.4809371777875
139.16 99.48567876077472
143.555 99.42030688232718
147.949 99.17648355797495
153.809 99.0630073314888
159.668 99.2147539094952
165.527 99.27080301848083
171.387 99.2016470244805
177.246 98.65864732840652
183.105 98.26413327482605
188.965 98.1904242380731
196.289 98.63279205988901
203.613 98.44993823947726
210.938 98.1944273105922
218.262 97.53111150349913
225.586 97.13197033411807
232.91 96.92095663068626
241.699 96.07130146064073
250.488 95.45643741633346
259.277 95.36014134447889
268.066 95.92722523763781
276.855 96.90328555097877
287.109 97.54717207192998
297.363 97.39389850582137
307.617 97.63082055180757
319.336 97.29741726683297
329.59 97.1975365036906
341.309 97.4172060293847
353.027 97.26271425625492
366.211 96.4985093952269
379.395 95.80935957155627
392.578 95.98180803235316
405.762 96.12250513424301
420.41 96.62844199999923
435.059 95.9387583938668
451.172 96.98950689184691
465.82 96.589978144406
483.398 97.16674088859655
499.512 97.9378665689578
517.09 97.82240702955826
536.133 97.96789142568933
555.176 97.60511092304586
574.219 98.77371933945508
594.727 98.27625372272065
615.234 98.48461194523136
637.207 98.56236384927821
659.18 98.04890223753752
682.617 97.32875698805726
707.52 96.20126913795158
732.422 96.4153673459304
757.324 96.84850198840088
785.156 97.54290454003902
811.523 98.51194753497934
840.82 97.93926432646106
870.117 98.75131973357458
900.879 97.09833447418899
933.105 96.36895050546194
965.332 95.9932902192308
1000.49 95.29307668192469
1035.64 95.17738716731722
1072.27 95.13479118989218
1108.89 95.55597932593851
1148.44 94.88914440908418
1189.45 95.1653065851918
1230.47 95.66607913954967
1274.41 96.31694070487343
1319.82 96.06906540517916
1366.7 96.16634804582561
1413.57 96.38877301365328
1463.38 96.35654741672245
1516.11 97.1963510568065
1568.85 95.69175585836813
1624.51 95.87471183441325
1681.64 96.38909539021513
1741.7 96.70656649168002
1803.22 96.39846629161377
1866.21 96.57918776265849
1932.13 96.09984537087311
1999.51 96.23078112806
2069.82 96.3562515069739
2143.07 96.31730526205068
2219.24 95.58013743668151
2296.88 96.13133834317217
2378.91 96.92913116460944
2462.4 97.44230739045997
2548.83 98.05223507442999
2639.65 98.01165499918997
2731.93 97.10332457042689
2828.61 96.69511437672075
2928.22 97.20089591671699
3030.76 97.55536888368391
3137.7 97.42893071962506
3249.02 97.49611350720765
3363.28 97.4808371712223
3481.93 97.5151902974808
3604.98 97.43329246478939
3732.42 97.37075883615208
3864.26 97.16240157308171
4000.49 95.68940217865193
4141.11 95.35801813512091
4287.6 94.94908874354157
4438.48 94.20637339193357
4595.21 94.17717293401995
4756.35 94.44174876365055
4924.8 95.48460845053991
5097.66 95.65979766123026
5277.83 94.58820667527858
5463.87 94.87876600461854
5657.23 95.08473173460028
5856.45 95.59874530207942
6062.99 96.17221281260018
6276.86 96.8785489248528
6498.05 96.45576265671043
6726.56 96.13345440369687
6963.87 95.43834238720979
7209.96 95.04824907398766
7464.84 95.16860293611147
7727.05 94.87007190411384
7999.51 94.03047888227836
8282.23 94.70417386914332
8573.73 96.01347847607659
8876.95 95.24690923239449
9188.96 94.62424464648329
9514.16 96.03780508190337
9849.61 96.81233917095672
10196.8 96.31856794589734
10555.7 95.30478981036124
10927.7 94.50907499531111
11313.0 95.19718101860202
11712.9 96.62079258016426
12126.0 96.50773113242265
12553.7 95.38397295310425
12996.1 94.2587692350777
13454.6 93.91488127553527
13929.2 94.86763329317223
14419.9 95.0881665778639
14928.2 93.62209330179265
15455.6 93.50644602066144
16000.5 95.05713065345891
16564.5 93.57453410959563
17148.9 89.89278418135947
17752.4 88.97679214065059
18379.4 89.42417156774422
19026.9 88.73646812552586
19697.8 88.11708012536631
19999.5 88.73242659343848
