Freq "Sound Power"
20.5078 36.32123103088756
21.9727 39.12571423932093
23.4375 38.01927848930836
24.9023 41.610188020466694
26.3672 44.42952898804754
27.832 48.34084289851748
29.2969 52.86134095463339
30.7617 56.78930098653123
32.2266 60.50661281573238
33.6914 64.5929153663175
35.1562 67.67543101868249
36.6211 70.79817339110191
38.0859 73.6295056889821
39.5508 76.19047865063203
41.0156 78.66544942163745
42.4805 80.41136108528036
43.9453 81.71679875078507
45.4102 82.58773214832533
46.875 83.19268270260766
48.3398 83.48725124367219
51.2695 83.79294583555969
52.7344 83.80599937208002
54.1992 83.76762536102332
55.6641 83.67260468928401
58.5938 83.47562560746816
60.0586 83.37023683892399
62.9883 83.20857467616982
64.4531 83.14735087905214
67.3828 83.04582190914077
68.8477 83.01313539438092
71.7773 82.98687741148889
74.707 82.95333942801064
77.6367 82.94979037163728
79.1016 82.95381098138148
82.0312 82.95646141304064
84.9609 83.03019792378674
87.8906 83.12959359652314
90.8203 83.21505671473263
95.2148 83.27460444376823
98.1445 83.32816611198105
101.074 83.38656526817452
105.469 83.43876599824078
108.398 83.41571051336372
112.793 83.38942400202174
117.188 83.35838252289011
120.117 83.38827104944464
124.512 83.5270587388392
128.906 83.47380374582868
133.301 83.42275855194343
139.16 83.40313180915692
143.555 83.1731397352273
147.949 83.12280318414952
153.809 83.11154937092462
159.668 82.9787785147386
165.527 82.6823569601707
171.387 82.56563698091648
177.246 82.24682031957278
183.105 82.2140683356494
188.965 82.28429088093961
196.289 81.97467584514696
203.613 81.40520977469059
210.938 81.21749441589328
218.262 81.26461907470151
225.586 81.11649839620182
232.91 80.75352528280084
241.699 80.79033444479258
250.488 80.36575196610184
259.277 80.70805305904754
268.066 80.82746902059598
276.855 79.89796629896838
287.109 79.50081195450167
297.363 79.89041241416457
307.617 80.18482692959111
319.336 79.73142930511627
329.59 79.94842251194567
341.309 80.22028240221809
353.027 80.21694487208434
366.211 80.66100917772046
379.395 80.02338860674772
392.578 80.05464303123057
405.762 80.13040062137627
420.41 80.18416944911937
435.059 80.15441005140026
451.172 79.81981458513502
465.82 80.01550405503691
483.398 79.96333836728446
499.512 79.81363339100628
517.09 79.68884493617885
536.133 79.40662015127039
555.176 79.06148398702013
574.219 79.08706257953932
594.727 79.35622493687895
615.234 78.6714765841418
637.207 78.88498225618278
659.18 78.43101424222824
682.617 77.6170587397092
707.52 77.67188561661584
732.422 78.63318164736569
757.324 78.88479680725948
785.156 78.35282208538045
811.523 77.81902822794478
840.82 78.90374622547313
870.117 77.81024188551405
900.879 76.91009427544884
933.105 78.5070674766001
965.332 78.17447194338996
1000.49 76.68082887303576
1035.64 76.53694624107297
1072.27 77.08063101256894
1108.89 77.3062225403855
1148.44 77.56620581796751
1189.45 78.16332880387428
1230.47 78.49567747250119
1274.41 78.5379766778256
1319.82 78.58498409135628
1366.7 78.62558284089835
1413.57 78.47835472858017
1463.38 77.97798523923402
1516.11 76.7429417845598
1568.85 75.98825916403626
1624.51 75.50998968950167
1681.64 75.19896461378477
1741.7 74.91730122643716
1803.22 74.6904621752488
1866.21 75.17550847932571
1932.13 75.7735405258395
1999.51 75.43037363323718
2069.82 75.01063212839922
2143.07 75.70002051542197
2219.24 75.1759620606116
2296.88 74.95357618679549
2378.91 74.9590482675845
2462.4 75.5273214272739
2548.83 75.77567462128648
2639.65 76.22165546406453
2731.93 76.4107532051018
2828.61 76.45899525257641
2928.22 76.04049443490058
3030.76 76.08381242830696
3137.7 76.04924065633554
3249.02 75.53337480710366
3363.28 75.09128289808173
3481.93 74.77865080772017
3604.98 74.70920009579845
3732.42 75.04577947616735
3864.26 75.63680493636541
4000.49 75.62637789357014
4141.11 75.6508809914102
4287.6 75.30965863027953
4438.48 75.22457935763723
4595.21 75.05345191038067
4756.35 75.03707809598261
4924.8 74.91948456411576
5097.66 74.78990622698917
5277.83 74.60826278205218
5463.87 74.57073830569226
5657.23 74.26438921702741
5856.45 74.0925762693037
6062.99 73.8650082658043
6276.86 73.70031982262839
6498.05 73.6907014234007
6726.56 73.65316596640781
6963.87 73.70027796438328
7209.96 73.81641133822373
7464.84 73.8206835908631
7727.05 73.82307272514205
7999.51 73.83451720524934
8282.23 73.79071024246454
8573.73 73.67261368091204
8876.95 73.51497463553918
9188.96 73.4195662011399
9514.16 73.34444233926473
9849.61 73.46586260797102
10196.8 73.63557370652543
10555.7 73.62966354640128
10927.7 73.60606179687552
11313.0 73.71371705760824
11712.9 73.91235477948666
12126.0 74.08932071665512
12553.7 74.26866850085406
12996.1 74.25954682956623
13454.6 74.1409393098975
13929.2 73.69994391871867
14419.9 73.09232015787983
14928.2 72.23734933363026
15455.6 71.61125141698395
16000.5 71.88337624096852
16564.5 72.54664698912765
17148.9 72.71119636456407
17752.4 72.64822693490807
18379.4 72.18798823775727
19026.9 71.32611959677456
19697.8 70.50337039519624
19999.5 70.19637496175886
