Freq "Side Wall Bounce"
20.5078 62.14323008960908
21.2402 61.99607416007713
21.9727 62.47503548389706
22.7051 63.679651909781526
23.4375 63.768277168875144
24.1699 64.68584351147088
25.6348 65.9233473846861
26.3672 66.44427436002634
27.0996 67.00092099729558
27.832 67.3081939727302
29.2969 68.17945816250683
30.0293 68.65029237431641
31.4941 69.18776326288449
32.2266 69.6279203636328
33.6914 70.34527233421493
34.4238 70.65288326318449
35.8887 71.3848402070627
37.3535 72.03111640306281
38.8184 72.60035130116707
39.5508 72.95227591759496
41.0156 73.58633059471185
42.4805 74.19913390427105
43.9453 74.7428266993925
45.4102 75.30913043163534
47.6074 76.09779400711258
49.0723 76.60933104473443
50.5371 77.10228113793143
52.7344 77.75759082484768
54.1992 78.31353598361896
56.3965 79.00825646886587
58.5938 79.66908475992561
60.0586 80.0520546897111
62.2559 80.57285778270584
64.4531 81.15950544351001
66.6504 81.73690648491313
69.5801 82.35611752453754
71.7773 82.85851379637533
73.9746 83.32812568878875
76.9043 83.9816956442915
79.834 84.56213587398054
82.7637 85.02847775225278
85.6934 85.5524711391817
88.623 86.09776279506401
91.5527 86.54825685461068
94.4824 86.9636170117505
98.1445 87.40676222389847
101.807 87.77288241565402
105.469 88.07961627181176
109.131 88.36110014942375
112.793 88.64013136080256
116.455 88.86113885632369
120.85 89.08028918055163
125.244 89.23158998581428
129.639 89.47547123390349
134.033 89.67686179174807
138.428 89.63086317650298
143.555 89.69271804440511
148.682 90.00329215886619
153.809 90.05227170162212
159.668 89.86412283192506
164.795 89.82655033352725
170.654 90.16832555031539
176.514 90.223729950898
183.105 89.92135716013455
189.697 89.54140554259992
196.289 89.31758227660288
202.881 89.05752929839947
210.205 88.72791545933723
217.529 88.70595721515154
225.586 88.26789912444089
232.91 87.9058396300477
241.699 88.04071492938775
249.756 88.73491936687479
258.545 88.98651896429057
268.066 88.56336558672946
277.588 88.04462443717466
287.109 87.66468645303085
297.363 87.78202379620564
307.617 87.98001234694493
318.604 88.24330962463577
329.59 88.66780199994679
341.309 86.80828774306264
353.76 87.4835339451049
366.211 87.90588132427726
378.662 87.98711655196813
392.578 88.90714063461259
405.762 88.54716942881502
420.41 89.7181406616061
435.059 89.36123138711856
450.439 88.90604295642959
466.553 89.3457494594496
482.666 89.74678094154594
500.244 89.6969503238961
517.822 90.31747417555704
536.133 89.16849195546236
554.443 88.67517869036425
574.219 89.26222393300826
594.727 90.20222105989643
615.234 90.00552644378725
637.207 90.0541212944217
659.912 90.24916011916899
683.35 89.40002658946702
706.787 88.47947107113234
731.689 88.10184921945323
758.057 87.6377306540392
784.424 88.24132677775708
812.256 86.51885039825
840.82 87.01921589361619
870.85 88.00981142329015
901.611 87.34988252837103
933.105 87.99231180785988
966.064 87.17667442757403
999.756 86.6896420019369
1034.91 85.95981002449456
1071.53 85.36520770658716
1109.62 84.81735613167783
1148.44 86.10621392170644
1189.45 85.79658114374293
1231.2 85.79754186143582
1274.41 85.86332185749116
1319.82 86.13782994919089
1365.97 86.59613910297197
1414.31 87.11746711502823
1464.11 87.89009837493879
1515.38 87.62081397606444
1568.85 87.54152227717795
1624.51 86.73423904706937
1681.64 86.92935814238658
1740.97 87.49321832528842
1802.49 86.78535525785043
1866.21 87.17302670192473
1932.13 87.50654907107183
2000.24 87.81927945785883
2070.56 88.5961771684649
2143.8 88.30416883409227
2219.24 88.39234934132422
2297.61 88.8872931581872
2378.17 88.45233201908387
2462.4 87.81128718886754
2548.83 87.3932806655912
2638.92 86.96189816751736
2731.93 86.7022190763886
2828.61 85.44514855857115
2928.22 84.90992724065076
3031.49 85.0657870207101
3138.43 83.92438149868552
3249.02 83.92111032220328
3363.28 84.2670205730023
3481.93 84.26548117300467
3604.98 84.98006599273037
3732.42 85.43688665282059
3863.53 85.74993795628967
3999.76 85.41503946447676
4141.11 85.19438975936411
4286.87 84.9629646134336
4438.48 84.41030225573353
4594.48 84.13837737327616
4757.08 84.64813051572695
4924.8 84.42034980342076
5098.39 84.60438633104674
5277.83 84.4781578561207
5463.87 84.06335347895329
5656.49 82.88445281883058
5856.45 82.14537966024707
6062.99 82.02703222908147
6276.86 82.17855519598962
6498.05 82.36662705877393
6727.29 83.06682831131589
6964.6 83.53705069371135
7209.96 83.3298962296601
7464.11 83.26913331085682
7727.78 83.33430638015577
8000.24 83.3089818824503
8282.23 81.41231754725878
8574.46 82.17902331793171
8876.22 82.69991399837022
9189.7 82.5837136277419
9513.43 82.50429021673152
9848.88 81.29066242785616
10196.8 81.58875376051012
10556.4 80.68873659337709
10928.5 79.25502411139004
11313.7 78.32604808511161
11712.9 75.71380402598591
12126.0 71.41479975929208
12553.7 73.71134819202656
12996.1 72.40429246349579
13454.6 71.72424402960914
13928.5 76.92459064643847
14419.9 76.6900324039045
14928.2 71.32414168761898
15454.8 74.53822613070507
15999.8 75.55974222473459
16564.5 73.0316782494673
17148.2 69.16711587523928
17753.2 67.81726410344943
18379.4 59.435936038819946
19027.6 53.674472482111256
19698.5 52.9560502202679
19999.5 47.714897662647886
