Freq "Sound Power DI"
20.5078 36.9416012159471
21.2402 37.25972008711928
21.9727 37.58268898825713
22.7051 37.39860504660945
23.4375 37.75435821195143
24.1699 37.623382355316465
25.6348 38.23580180777412
26.3672 38.257816267988176
27.0996 38.44897928767482
27.832 38.579414102022824
29.2969 38.84703369058357
30.0293 38.74163067854552
31.4941 39.02986378502386
32.2266 39.08708025020256
33.6914 39.07292080297779
34.4238 38.966402743238135
35.8887 38.967013719932226
37.3535 39.18906196885942
38.8184 39.28532274680008
39.5508 39.27752800961926
41.0156 39.34575999546318
42.4805 39.50465200545169
43.9453 39.55530290429711
45.4102 39.54616245820502
47.6074 39.58307072553035
49.0723 39.636418490504326
50.5371 39.71095113716825
52.7344 39.788497800359664
54.1992 39.87689426989243
56.3965 39.94183982811106
58.5938 39.89359078853272
60.0586 39.78033764572557
62.2559 39.76287500282649
64.4531 39.79473786721452
66.6504 39.8486467177338
69.5801 39.82694645404928
71.7773 39.86287201103984
73.9746 40.03968511128744
76.9043 40.10179488537531
79.834 40.24028854271049
82.7637 40.334406174225236
85.6934 39.75463290865612
88.623 40.21223527152351
91.5527 40.24279907355222
94.4824 40.20798814141702
98.1445 40.23250659839374
101.807 40.37983943054522
105.469 40.603538402044705
109.131 40.29774156925339
112.793 40.13199269521343
116.455 40.35263764241212
120.85 40.506350365803286
125.244 40.655408364252665
129.639 40.55433296233279
134.033 40.593015969029125
138.428 40.645263291706115
143.555 40.717870151789526
148.682 40.84678588930093
153.809 40.75308893185219
159.668 40.96763836144052
164.795 41.46031330961115
170.654 41.58027097217638
176.514 41.9343114619724
183.105 42.49225561362077
189.697 42.46652616417008
196.289 42.76602023527097
202.881 42.791789163836086
210.205 42.86133953221358
217.529 42.87281793871912
225.586 42.80163515698523
232.91 42.873850298078764
241.699 42.88054854978793
249.756 42.83965252057985
258.545 43.024878993502796
268.066 42.46488955609509
277.588 43.20971908800571
287.109 43.41247620084036
297.363 43.32964910878992
307.617 43.99890643524397
318.604 43.786621161533716
329.59 43.8313126508303
341.309 43.900091921210375
353.76 44.30767329743706
366.211 43.98635470677982
378.662 44.246099372549324
392.578 44.96042917201096
405.762 45.147181282668825
420.41 46.42531746924496
435.059 45.58375180827721
450.439 44.90235550631448
466.553 45.562298880820634
482.666 45.21992702213643
500.244 45.61694127138753
517.822 44.905644923528115
536.133 44.8242017983239
554.443 44.66090576284934
574.219 45.105252074500385
594.727 44.848428770001576
615.234 44.710758199742415
637.207 44.71255864741205
659.912 44.821478763557494
683.35 44.652643256326655
706.787 44.93097378773314
731.689 44.672975231677086
758.057 44.12370940020868
784.424 44.512725155201096
812.256 44.45929934014539
840.82 44.432713341142474
870.85 45.32484440777175
901.611 45.21058140822275
933.105 45.42746168779817
966.064 45.40768350896484
999.756 45.85908516799579
1034.91 45.956682868605284
1071.53 45.73968037612721
1109.62 46.44383677901867
1148.44 46.58576409489734
1189.45 46.42354470155699
1231.2 46.70121661175054
1274.41 46.44514735854787
1319.82 46.09986416035713
1365.97 45.41316829572972
1414.31 45.48149259458643
1464.11 46.03164340596976
1515.38 46.013369347980046
1568.85 45.56609507991415
1624.51 45.07574340161935
1681.64 44.884834293337434
1740.97 44.70528108754466
1802.49 45.285723222580984
1866.21 45.15159383880608
1932.13 44.816604548693476
2000.24 44.82602200213459
2070.56 45.656192196067494
2143.8 46.37200912553914
2219.24 46.70710492285231
2297.61 47.266448509400476
2378.17 47.62483478530115
2462.4 47.75709189344701
2548.83 47.910959879806
2638.92 48.06921182142244
2731.93 47.726043577831135
2828.61 47.42746972175904
2928.22 47.5165308172523
3031.49 47.25226776095549
3138.43 46.88175476038549
3249.02 46.59538488946272
3363.28 46.98733905087771
3481.93 47.004836117443034
3604.98 47.07036170363935
3732.42 46.8773993142655
3863.53 47.389504610094406
3999.76 47.38141758258891
4141.11 47.15804913646582
4286.87 47.29989962659269
4438.48 47.37819011053557
4594.48 47.65035333970417
4757.08 47.236243376783406
4924.8 47.687818544194045
5098.39 47.13913017118452
5277.83 47.48441506611891
5463.87 47.97837428252352
5656.49 48.01950666916994
5856.45 48.092822442787465
6062.99 48.42556426548606
6276.86 48.35421246173529
6498.05 48.735341204459445
6727.29 48.74905744461627
6964.6 48.926159039751525
7209.96 48.71049836425264
7464.11 48.62309824112981
7727.78 48.587345646782836
8000.24 48.68459196376246
8282.23 49.01843613554922
8574.46 49.03574103766837
8876.22 49.00570480782132
9189.7 49.39330324898886
9513.43 49.517545809984824
9848.88 49.567663211683765
10196.8 49.72584991186706
10556.4 49.360410034760406
10928.5 49.010504351740025
11313.7 48.78297873650486
11712.9 48.68698571611462
12126.0 48.861818564323485
12553.7 48.865520280172845
12996.1 48.82040327327191
13454.6 48.67110176935189
13928.5 48.364625881744175
14419.9 48.118348640270085
14928.2 47.92279504262986
15454.8 47.455564133005424
15999.8 46.89633923549273
16564.5 46.550238140527654
17148.2 46.952963827688876
17753.2 46.99636374523385
18379.4 47.45944519297355
19027.6 48.29420658983972
19698.5 48.79163860537133
19999.5 49.17683054001175
