Freq "On Axis"
22.4 18.988607594936724
23.0 20.3886075949367
23.6 21.688607594936713
24.0 23.088607594936718
25.0 24.3886075949367
25.8 25.788607594936707
26.5 27.188607594936713
27.2 28.588607594936718
28.0 29.988607594936724
29.0 31.3886075949367
30.0 32.78860759493671
30.7 34.18860759493671
31.5 35.58860759493672
32.5 36.988607594936724
33.5 38.28860759493671
34.5 39.68860759493671
35.5 41.18860759493671
36.5 42.68860759493671
37.5 44.3886075949367
38.7 46.28860759493671
40.0 47.78860759493671
41.2 49.28860759493671
42.5 50.488607594936724
43.7 51.68860759493671
45.0 52.78860759493671
46.2 54.28860759493671
47.5 55.58860759493672
48.7 56.68860759493671
50.0 57.888607594936715
51.5 58.988607594936724
53.0 60.28860759493671
54.5 61.28860759493671
56.0 62.38860759493673
58.0 63.58860759493672
60.0 64.48860759493672
61.5 65.48860759493671
63.0 66.48860759493671
65.0 67.4886075949367
67.0 68.38860759493672
69.0 69.28860759493672
71.0 70.18860759493671
73.0 70.88860759493672
75.0 71.68860759493671
77.5 72.38860759493673
80.0 72.98860759493671
82.5 73.48860759493672
85.0 73.98860759493671
87.5 74.38860759493672
90.0 74.78860759493672
92.5 74.9886075949367
95.0 75.18860759493671
97.5 75.38860759493672
100.0 75.38860759493672
103.0 75.48860759493671
106.0 75.38860759493672
109.0 75.38860759493672
112.0 75.18860759493671
115.0 75.08860759493672
118.0 74.88860759493673
122.0 74.68860759493671
125.0 74.38860759493672
128.0 74.28860759493672
132.0 73.98860759493671
136.0 73.8886075949367
140.0 73.68860759493671
145.0 73.58860759493672
150.0 73.48860759493672
155.0 73.38860759493672
160.0 73.28860759493672
165.0 73.18860759493671
170.0 73.08860759493672
175.0 72.98860759493671
180.0 72.68860759493671
185.0 72.38860759493673
190.0 72.18860759493671
195.0 71.98860759493671
200.0 71.78860759493672
206.0 71.78860759493672
212.0 71.88860759493672
218.0 71.98860759493671
224.0 72.28860759493672
230.0 72.58860759493672
236.0 72.98860759493671
240.0 73.18860759493671
250.0 73.38860759493672
258.0 73.38860759493672
265.0 73.28860759493672
272.0 72.98860759493671
280.0 72.68860759493671
290.0 72.38860759493673
300.0 72.18860759493671
307.0 72.18860759493671
315.0 72.28860759493672
325.0 72.4886075949367
335.0 72.68860759493671
345.0 72.7886075949367
355.0 72.68860759493671
365.0 72.4886075949367
375.0 72.18860759493671
387.0 71.98860759493671
400.0 71.78860759493672
412.0 71.58860759493672
425.0 71.28860759493674
437.0 70.98860759493672
450.0 70.68860759493671
462.0 70.48860759493671
475.0 70.48860759493671
487.0 70.48860759493671
500.0 70.48860759493671
515.0 70.2886075949367
530.0 69.88860759493673
545.0 69.48860759493671
560.0 69.08860759493672
580.0 68.98860759493671
600.0 69.38860759493672
615.0 70.18860759493671
630.0 70.98860759493672
650.0 71.58860759493672
670.0 71.88860759493672
690.0 71.78860759493672
710.0 71.58860759493672
730.0 71.28860759493674
750.0 71.08860759493672
775.0 70.98860759493672
800.0 70.88860759493672
825.0 71.08860759493672
850.0 71.18860759493671
875.0 71.18860759493671
900.0 71.3886075949367
925.0 71.68860759493671
950.0 71.78860759493672
975.0 71.88860759493672
1000.0 71.58860759493672
1030.0 71.28860759493674
1060.0 71.28860759493674
1090.0 71.58860759493672
1120.0 71.88860759493672
1150.0 71.98860759493671
1180.0 71.68860759493671
1220.0 71.18860759493671
1250.0 70.78860759493672
1280.0 70.48860759493671
1320.0 70.18860759493671
1360.0 69.78860759493672
1400.0 69.58860759493672
1450.0 69.78860759493672
1500.0 70.08860759493672
1550.0 70.2886075949367
1600.0 70.38860759493672
1650.0 70.38860759493672
1700.0 70.38860759493672
1750.0 70.48860759493671
1800.0 70.38860759493672
1850.0 69.9886075949367
1900.0 69.48860759493671
1950.0 69.28860759493672
2000.0 69.38860759493672
2060.0 69.58860759493672
2120.0 69.68860759493671
2180.0 69.38860759493672
2240.0 69.38860759493672
2300.0 69.78860759493672
2360.0 70.58860759493672
2400.0 71.3886075949367
2500.0 71.78860759493672
2580.0 71.68860759493671
2650.0 71.18860759493671
2720.0 70.38860759493672
2800.0 69.68860759493671
2900.0 69.48860759493671
3000.0 69.68860759493671
3070.0 70.08860759493672
3150.0 70.68860759493671
3250.0 71.18860759493671
3350.0 71.58860759493672
3450.0 71.78860759493672
3550.0 71.88860759493672
3650.0 71.58860759493672
3750.0 71.18860759493671
3870.0 70.68860759493671
4000.0 70.08860759493672
4120.0 69.78860759493672
4250.0 69.9886075949367
4370.0 70.38860759493672
4500.0 70.78860759493672
4620.0 70.88860759493672
4750.0 70.68860759493671
4870.0 70.08860759493672
5000.0 69.68860759493671
5150.0 69.78860759493672
5300.0 70.48860759493671
5450.0 71.28860759493674
5600.0 71.88860759493672
5800.0 72.28860759493672
6000.0 72.4886075949367
6150.0 72.18860759493671
6300.0 71.78860759493672
6500.0 71.58860759493672
6700.0 71.3886075949367
6900.0 71.08860759493672
7100.0 70.48860759493671
7300.0 69.58860759493672
7500.0 69.18860759493671
7750.0 69.58860759493672
8000.0 70.68860759493671
8250.0 71.3886075949367
8500.0 71.48860759493671
8750.0 71.48860759493671
9000.0 71.68860759493671
9250.0 71.78860759493672
9500.0 71.3886075949367
9750.0 70.68860759493671
10000.0 69.78860759493672
10300.0 69.78860759493672
10600.0 71.3886075949367
10900.0 72.7886075949367
11200.0 73.28860759493672
11500.0 73.18860759493671
11800.0 72.28860759493672
12200.0 70.58860759493672
12500.0 71.08860759493672
12800.0 71.48860759493671
13200.0 71.28860759493674
13600.0 71.88860759493672
14000.0 70.2886075949367
14500.0 68.48860759493672
15000.0 68.8886075949367
15500.0 69.08860759493672
16000.0 69.9886075949367
16500.0 70.38860759493672
17000.0 70.08860759493672
17500.0 69.78860759493672
18000.0 70.68860759493671
18500.0 71.08860759493672
19000.0 71.58860759493672
19500.0 71.18860759493671
