Freq "Floor Bounce"
20.5078 30.730715601596728
21.9727 27.79092657842375
23.4375 20.64219104619454
24.9023 34.860508361120765
26.3672 36.13423639750269
27.832 39.273127230486494
29.2969 41.07173783772049
30.7617 44.65784977894714
32.2266 47.57658546397144
33.6914 50.45244699349007
35.1562 52.9523294092665
36.6211 56.296928970322085
38.0859 58.74410492245792
39.5508 61.0755041752106
41.0156 63.3989756461725
42.4805 65.35447900746101
43.9453 67.37947846299394
45.4102 69.13398038683658
46.875 70.7846462520686
48.3398 72.41901426994725
51.2695 75.26738108671596
52.7344 76.50654758230331
54.1992 77.66631382270438
55.6641 78.67157721751293
58.5938 80.32354100689874
60.0586 81.00834170217647
62.9883 82.08853771322171
64.4531 82.49317217599236
67.3828 83.14120751991618
68.8477 83.39970734764529
71.7773 83.79637667295985
74.707 84.02780192739216
77.6367 84.2348384779208
79.1016 84.31957044039032
82.0312 84.42429803340654
84.9609 84.4064673015825
87.8906 84.54894330902023
90.8203 84.62978184319896
95.2148 84.69242663582394
98.1445 84.71373334607965
101.074 84.6118607954897
105.469 84.78918611174436
108.398 84.74266389132535
112.793 84.89401455470525
117.188 84.95364697276707
120.117 84.85684704107982
124.512 84.83068050439276
128.906 84.76541374867372
133.301 84.81204927343737
139.16 84.8500188427918
143.555 84.87878183926813
147.949 84.93934722067303
153.809 84.85684925454991
159.668 84.92651589071289
165.527 85.03594745169374
171.387 84.97038428212173
177.246 85.01881978910214
183.105 84.94785340761572
188.965 84.98324355779626
196.289 85.0350041538485
203.613 85.0389211311878
210.938 85.10765443791045
218.262 85.09474407973164
225.586 85.06181205867742
232.91 85.03024074156367
241.699 84.90494060524938
250.488 84.90447449960494
259.277 85.24344562388805
268.066 85.2264471810817
276.855 85.29927387801493
287.109 85.28558427563883
297.363 85.48648309619475
307.617 85.27541242736154
319.336 85.46811093801512
329.59 85.26894597320344
341.309 85.44958238564197
353.027 85.610685182275
366.211 85.31648485623987
379.395 85.8216725320547
392.578 85.87914740251946
405.762 85.66710767120095
420.41 85.8725950787289
435.059 85.4983828254376
451.172 86.09942040447308
465.82 85.91423382159127
483.398 86.05453267327869
499.512 85.87723844278119
517.09 86.12340877304514
536.133 85.51977196019268
555.176 85.70362506249387
574.219 86.00027228195795
594.727 85.54230203403722
615.234 85.06222676315315
637.207 84.84152855786809
659.18 84.34696013775333
682.617 84.65700640480395
707.52 84.96633140926
732.422 84.89805187672528
757.324 84.7143977615929
785.156 84.5777074714564
811.523 85.79177804243879
840.82 86.96695024653238
870.117 86.69733190876585
900.879 86.31403902307801
933.105 85.35206270286695
965.332 85.29562698141433
1000.49 84.40111690623549
1035.64 84.4905330743212
1072.27 83.87090464695436
1108.89 83.83088928430526
1148.44 83.69204437716374
1189.45 83.3798544413062
1230.47 83.41520386680075
1274.41 83.07621402839564
1319.82 83.16472037714004
1366.7 83.49853738227362
1413.57 84.07130616847586
1463.38 84.75162529672323
1516.11 84.20478598783905
1568.85 83.77469968909827
1624.51 82.99663293384224
1681.64 83.02647803568411
1741.7 83.27301286434334
1803.22 84.17738405139309
1866.21 84.66171421316675
1932.13 84.84615545133967
1999.51 85.14646132377783
2069.82 84.46482852400027
2143.07 84.6181967022575
2219.24 84.61891140280727
2296.88 84.39339585301798
2378.91 83.26582626821784
2462.4 82.14972215568108
2548.83 82.37645544590892
2639.65 82.4450321252267
2731.93 81.40056726336002
2828.61 79.95301076854348
2928.22 79.378164083294
3030.76 78.91409519707906
3137.7 79.3452594708134
3249.02 80.11476004377761
3363.28 80.4194818787528
3481.93 81.06085157994164
3604.98 82.16624278711424
3732.42 81.97443958139615
3864.26 83.26759609578167
4000.49 83.64527816016805
4141.11 83.38183083354247
4287.6 83.15770331185132
4438.48 83.4581489885646
4595.21 83.1319157699142
4756.35 83.12100422415408
4924.8 83.0009955337282
5097.66 83.30078095827045
5277.83 82.68514747997516
5463.87 82.10950866505087
5657.23 81.29541272434517
5856.45 80.91478069806266
6062.99 81.05305866990282
6276.86 81.46855060650007
6498.05 81.0917494462276
6726.56 80.77581771068023
6963.87 81.03921411489765
7209.96 81.01055656225176
7464.84 80.81213269931685
7727.05 79.75545984419963
7999.51 79.71630675213518
8282.23 80.36567284006983
8573.73 80.9871136173351
8876.95 81.7304751296869
9188.96 81.62731569149463
9514.16 82.18032715068932
9849.61 82.37868960771198
10196.8 82.58041272069453
10555.7 82.58600430734458
10927.7 82.92260773394834
11313.0 83.30041084905503
11712.9 83.42292325811246
12126.0 84.55734180271591
12553.7 84.52656061369845
12996.1 84.54599990102325
13454.6 84.7492826737036
13929.2 84.40286105885984
14419.9 84.25674400802711
14928.2 83.75449004559545
15455.6 83.54773998626102
16000.5 83.17298016863404
16564.5 83.07984464942112
17148.9 83.98817052762662
17752.4 84.20556784804535
18379.4 85.74568020097549
19026.9 86.39415194213916
19697.8 85.51709133380147
19999.5 84.69362966137277
