Freq "Sound Power DI"
22.4 30.52444946746968
23.0 30.530447436639577
23.6 30.540606769521276
24.0 30.530447436639605
25.0 30.529539117083488
25.8 30.526089844084083
26.5 30.521606990347635
27.2 30.529539117083516
28.0 30.52484252976069
29.0 30.509491198123698
30.0 30.52484252976066
30.7 30.513135683563945
31.5 30.513135683563974
32.5 30.53878872464807
33.5 30.538159556281443
34.5 30.52913970945292
35.5 30.5196301060202
36.5 30.543291432930687
37.5 30.534624364152165
38.7 30.547257127803874
40.0 30.532311062309276
41.2 30.522600797495443
42.5 30.526089844084083
43.7 30.524174839070668
45.0 30.522963241585714
46.2 30.539938046448285
47.5 30.506361617710652
48.7 30.532581884421262
50.0 30.524842529760676
51.5 30.524449467469708
53.0 30.534624364152165
54.5 30.529139709452906
56.0 30.524842529760704
58.0 30.524842529760676
60.0 30.53462436415218
61.5 30.515079074734075
63.0 30.534624364152165
65.0 30.5295391170835
67.0 30.514726676987465
69.0 30.533772772641782
71.0 30.541489882322566
73.0 30.54127520331481
75.0 30.541489882322566
77.5 30.531299162789537
80.0 30.524449467469708
82.5 30.50058562158999
85.0 30.511309263682676
87.5 30.512102746506926
90.0 30.517715940344274
92.5 30.50752653855716
95.0 30.509355001033057
97.5 30.49831340984666
100.0 30.519037462672316
103.0 30.52787896994397
106.0 30.55079344280513
109.0 30.594264766650795
112.0 30.613017634121505
115.0 30.623041689654315
118.0 30.652674883801723
122.0 30.663955319413276
125.0 30.688709012100247
128.0 30.72767700456741
132.0 30.74553040016268
136.0 30.776030875478014
140.0 30.815978270772902
145.0 30.841695535105032
150.0 30.879720295001846
155.0 30.91796074301402
160.0 30.944637742432135
165.0 31.01052691255005
170.0 31.056681162404857
175.0 31.107081526336373
180.0 31.187105456442254
185.0 31.262979508318722
190.0 31.301468952310415
195.0 31.386505956224696
200.0 31.473252233585995
206.0 31.55747313611228
212.0 31.628352200059382
218.0 31.706155733814413
224.0 31.79870215349122
230.0 31.885954891355098
236.0 31.96831746084979
240.0 32.07997209767322
250.0 32.20950186317263
258.0 32.32788329025102
265.0 32.433946253014895
272.0 32.57665803269754
280.0 32.683669104281435
290.0 32.78226074039701
300.0 32.917136549697275
307.0 32.99751185528645
315.0 33.07402962650667
325.0 33.146016045101106
335.0 33.197309665873846
345.0 33.22854242423092
355.0 33.28705167886727
365.0 33.28248498168074
375.0 33.32558136019216
387.0 33.341811075769115
400.0 33.38651134222522
412.0 33.41381656022648
425.0 33.45230133673664
437.0 33.50848089668247
450.0 33.55300606491505
462.0 33.62330323550323
475.0 33.70051655277848
487.0 33.81214634190698
500.0 33.94890827233387
515.0 34.07076069747134
530.0 34.19868583465758
545.0 34.30365422593492
560.0 34.38942768641499
580.0 34.40957102488795
600.0 34.42174096636411
615.0 34.40878813252654
630.0 34.373489520351995
650.0 34.350377055471185
670.0 34.322250542135905
690.0 34.2836940953199
710.0 34.23766813161254
730.0 34.1883173852807
750.0 34.117379194230764
775.0 34.04630355572047
800.0 33.9612745291079
825.0 33.90502283172022
850.0 33.88286980558837
875.0 33.869869693497094
900.0 33.894492815980314
925.0 33.92291928333226
950.0 33.99338660946569
975.0 34.021937633359414
1000.0 34.06564317032395
1030.0 34.08424480932291
1060.0 34.13696307048207
1090.0 34.16229359229524
1120.0 34.222834070626064
1150.0 34.320596383255065
1180.0 34.48648092868305
1220.0 34.69849008493519
1250.0 34.97120278711269
1280.0 35.29387675510688
1320.0 35.65646326047394
1360.0 36.053367145756994
1400.0 36.43186236332485
1450.0 36.76466249329992
1500.0 37.074022041444366
1550.0 37.320114927741315
1600.0 37.50139350210644
1650.0 37.609894286069675
1700.0 37.6510448393155
1750.0 37.626804763004884
1800.0 37.56635201955028
1850.0 37.4601615827292
1900.0 37.349895396778194
1950.0 37.229721508340106
2000.0 37.10444535276484
2060.0 36.99559435148764
2120.0 36.907983100907884
2180.0 36.83266202459835
2240.0 36.77596931092465
2300.0 36.75294339781138
2360.0 36.766269308496774
2400.0 36.84054397967938
2500.0 36.97529074512585
2580.0 37.18682523119445
2650.0 37.41068851405281
2720.0 37.63094756368149
2800.0 37.85996721690235
2900.0 38.034116712614946
3000.0 38.19897933387507
3070.0 38.28889549925208
3150.0 38.39720100704278
3250.0 38.4780052979857
3350.0 38.560546078901794
3450.0 38.605723601423534
3550.0 38.626845454785354
3650.0 38.62281063352866
3750.0 38.587629747372944
3870.0 38.5270824385688
4000.0 38.49752331734052
4120.0 38.50635847540994
4250.0 38.505967133822594
4370.0 38.56309461574561
4500.0 38.56703323370964
4620.0 38.60893020666994
4750.0 38.64447527737404
4870.0 38.635839102273096
5000.0 38.64753061703139
5150.0 38.66902124107018
5300.0 38.68195505847473
5450.0 38.710454873460534
5600.0 38.75435962145701
5800.0 38.81306847885324
6000.0 38.84768359602876
6150.0 38.914817277117024
6300.0 38.97559689122106
6500.0 39.06122966071764
6700.0 39.1687380777189
6900.0 39.25967762435937
7100.0 39.363828064864435
7300.0 39.471053281720216
7500.0 39.56121295161205
7750.0 39.635086358473615
8000.0 39.72273501393305
8250.0 39.796750414440154
8500.0 39.87085740954085
8750.0 39.952189511831605
9000.0 39.999680611618814
9250.0 40.028682901410534
9500.0 40.072663022926676
9750.0 40.08822192085384
10000.0 40.10312175841817
10300.0 40.09527091747347
10600.0 40.102163481757415
10900.0 40.11212665397056
11200.0 40.0990070990557
11500.0 40.10830255373605
11800.0 40.09882668801153
12200.0 40.098773397274016
12500.0 40.100111578267175
12800.0 40.10645424532669
13200.0 40.083585363796104
13600.0 40.11010928320238
14000.0 40.09439564651393
14500.0 40.10980689358868
15000.0 40.1077564664388
15500.0 40.08790060865269
16000.0 40.09082928539192
16500.0 40.090400769840855
17000.0 40.10189296816205
17500.0 40.10293249389609
18000.0 40.10229204723929
18500.0 40.0991390677828
19000.0 40.08991256463152
19500.0 40.107218885597845
