Freq "Listening Window"
22.4 15.212804520202141
23.0 14.557814653286513
23.6 14.37938831314834
24.0 14.812804520202164
25.0 15.668866128910466
25.8 16.790385095762005
26.5 18.17938831314838
27.2 19.71280452020214
28.0 21.51280452020218
29.0 23.790385095762005
30.0 26.790385095762005
30.7 30.690385095761982
31.5 34.790385095762005
32.5 37.93460236829874
33.5 40.19038509576201
34.5 41.93460236829871
35.5 43.59038509576202
36.5 45.19038509576201
37.5 46.69038509576201
38.7 47.812804520202135
40.0 48.41280452020216
41.2 49.13460236829876
42.5 51.36836361485062
43.7 54.490385095761994
45.0 56.84571299457927
46.2 58.19038509576198
47.5 59.46836361485062
48.7 61.145712994579284
50.0 62.96836361485062
51.5 64.890385095762
53.0 66.86836361485062
54.5 68.96836361485062
56.0 70.86836361485062
58.0 72.34571299457929
60.0 73.94571299457928
61.5 75.96836361485063
63.0 77.96836361485065
65.0 79.92397098064363
67.0 81.82397098064362
69.0 83.46836361485063
71.0 84.52397098064363
73.0 84.82397098064364
75.0 84.60211957212769
77.5 84.24673498325194
80.0 83.94673498325194
82.5 83.32397098064364
85.0 82.92397098064363
87.5 83.00261819571192
90.0 83.22397098064363
92.5 83.65807239538294
95.0 84.25807239538294
97.5 84.73688702699113
100.0 85.08065881395073
103.0 85.33688702699114
106.0 85.53688702699112
109.0 85.83688702699112
112.0 86.13688702699113
115.0 86.03688702699114
118.0 85.55958360568914
122.0 85.58164953881713
125.0 86.7160835715541
128.0 87.35958360568914
132.0 86.88164953881714
136.0 86.75958360568916
140.0 86.85958360568915
145.0 86.63888884595626
150.0 86.73888884595625
155.0 86.89315791174705
160.0 86.7505109379198
165.0 86.3505109379198
170.0 86.31856943509602
175.0 86.7505109379198
180.0 86.95051093791979
185.0 86.71856943509603
190.0 87.1505109379198
195.0 87.65051093791979
200.0 87.2505109379198
206.0 86.93024595774186
212.0 86.79669076332767
218.0 86.43024595774185
224.0 86.33024595774187
230.0 86.15350524182277
236.0 85.81035048696697
240.0 85.7653577739403
250.0 85.85350524182277
258.0 85.68843026621889
265.0 85.93371628184487
272.0 86.21035048696696
280.0 86.2653577739403
290.0 86.44562287002746
300.0 86.64562287002745
307.0 86.74562287002746
315.0 86.68739446302776
325.0 86.61088375799827
335.0 86.28739446302775
345.0 85.61088375799828
355.0 84.7228530221042
365.0 84.22285302210419
375.0 84.1228530221042
387.0 84.30337824503981
400.0 84.80337824503981
412.0 85.30337824503981
425.0 85.38426202336437
437.0 85.26549929382087
450.0 85.1557902771908
462.0 85.13733469087444
475.0 85.34363722236068
487.0 85.64029742377917
500.0 85.92301444717945
515.0 86.0678999146032
530.0 86.10522192455268
545.0 86.088963633627
560.0 86.07669839495775
580.0 86.13618662674685
600.0 86.23618662674684
615.0 86.31776626450122
630.0 86.25463569301314
650.0 86.17912464595786
670.0 86.13409781059939
690.0 86.17294260655956
710.0 86.25441736391898
730.0 86.35337341573741
750.0 86.50116421942819
775.0 86.69604888700216
800.0 86.8764978350529
825.0 86.95973890107535
850.0 86.98470101593155
875.0 86.89968601752857
900.0 86.63896264691824
925.0 86.17525257043279
950.0 85.57331528772127
975.0 84.87275158404007
1000.0 84.13043608422159
1030.0 83.57366243226393
1060.0 83.35887487738249
1090.0 83.53901088843446
1120.0 84.05160836376359
1150.0 84.6436953764689
1180.0 85.16917317036207
1220.0 85.61416214184061
1250.0 85.89595346771823
1280.0 86.0755715680581
1320.0 86.14305508170922
1360.0 86.08006186167285
1400.0 85.9956923854587
1450.0 85.91201731011942
1500.0 85.88717162375805
1550.0 85.92937169880582
1600.0 85.91675866995982
1650.0 85.81835623242915
1700.0 85.67079225343119
1750.0 85.4611966787382
1800.0 85.20908896531165
1850.0 84.87772503578786
1900.0 84.43559273078041
1950.0 84.02678101545767
2000.0 83.6975203993493
2060.0 83.4902687268526
2120.0 83.39185602561972
2180.0 83.40113731492994
2240.0 83.75447448657793
2300.0 84.35918116938811
2360.0 84.78576322563923
2400.0 84.7667332232003
2500.0 84.60530121595407
2580.0 84.72440242595043
2650.0 84.7849858536569
2720.0 84.52204296064146
2800.0 84.28723065819949
2900.0 84.30623465176782
3000.0 84.36474669765094
3070.0 84.42290123198202
3150.0 84.61294283238256
3250.0 84.82833368915561
3350.0 84.92007351526463
3450.0 85.1110157727813
3550.0 85.58186956020764
3650.0 86.2270170543765
3750.0 86.58836148579856
3870.0 86.67284838117503
4000.0 86.28629783168324
4120.0 85.80000986458607
4250.0 85.24058681538091
4370.0 84.30239524207583
4500.0 83.51000544989861
4620.0 83.51246361606277
4750.0 84.06089326054676
4870.0 84.84115225331726
5000.0 85.56409176456489
5150.0 85.9560730345428
5300.0 85.83906534403495
5450.0 85.27211381979158
5600.0 84.65320874021086
5800.0 84.13288018660772
6000.0 83.73230618616132
6150.0 83.48899766774805
6300.0 83.53398929442125
6500.0 83.51409051844321
6700.0 83.43811424649506
6900.0 83.6371709289598
7100.0 84.1300696702945
7300.0 84.66367786809717
7500.0 84.94089006720057
7750.0 85.00255660312182
8000.0 84.97194720979367
8250.0 85.07759652795676
8500.0 85.33115082325436
8750.0 85.18769661361273
9000.0 84.70937483775465
9250.0 84.30995087651677
9500.0 84.01573754082418
9750.0 83.66800650376848
10000.0 83.78764757921722
10300.0 84.28628199706932
10600.0 84.41811029959165
10900.0 84.23632762730172
11200.0 84.08137069143557
11500.0 84.1569712510299
11800.0 84.19960563300175
12200.0 83.75492314834831
12500.0 84.02289308591764
12800.0 85.35439127291504
13200.0 85.99632013666468
13600.0 84.45366385598093
14000.0 81.84482171235106
14500.0 81.76641157463277
15000.0 82.74118959383766
15500.0 81.84194594363352
16000.0 80.15313827794606
16500.0 82.41624951001229
17000.0 85.72687121126793
17500.0 86.01554838452243
18000.0 82.94320963070538
18500.0 80.38918701340887
19000.0 78.81718733977313
19500.0 74.95807063931595
