Freq "Early Reflections DI"
20.5078 38.00355321799131
21.2402 37.30854749862618
21.9727 37.92025325263572
22.7051 38.2548565992835
23.4375 38.65749984984177
24.1699 38.707579107426085
25.6348 39.098148478735055
26.3672 39.142925095366905
27.0996 39.16223820481301
27.832 39.18924172607041
29.2969 39.40844810612859
30.0293 39.496633253293325
31.4941 39.594719710800106
32.2266 39.63129477787264
33.6914 39.681002912210275
34.4238 39.72733883241709
35.8887 39.73626230980223
37.3535 39.78928207757974
38.8184 39.838535279857865
39.5508 39.8227742534317
41.0156 39.85999053465409
42.4805 39.916175941683406
43.9453 39.92546042476292
45.4102 39.9472583088196
47.6074 39.98229927992696
49.0723 40.00187231413301
50.5371 40.02092774256879
52.7344 40.04828657594507
54.1992 40.06551231482925
56.3965 40.09276981793981
58.5938 40.118391482151566
60.0586 40.123753071296406
62.2559 40.11425836822393
64.4531 40.12570727191715
66.6504 40.13910734894388
69.5801 40.135602143765794
71.7773 40.15028289584953
73.9746 40.17854241300459
76.9043 40.217251928730946
79.834 40.24818452608582
82.7637 40.24396416070623
85.6934 40.27268118917823
88.623 40.35375730232634
91.5527 40.32966557509053
94.4824 40.3337998996051
98.1445 40.31268265969864
101.807 40.33934666110886
105.469 40.38835757399778
109.131 40.395882293160156
112.793 40.41679698977987
116.455 40.46924410500965
120.85 40.47080766872149
125.244 40.4724507198526
129.639 40.52235498937043
134.033 40.57766010306791
138.428 40.62764234999955
143.555 40.67717638176235
148.682 40.64689932741459
153.809 40.67509666542867
159.668 40.71966885940137
164.795 40.80825681336506
170.654 40.90259690727896
176.514 41.02053808974739
183.105 41.04811020848119
189.697 41.11479407548646
196.289 41.08838152430643
202.881 40.985262907997054
210.205 41.00435375449328
217.529 40.95761173494088
225.586 40.915727518421946
232.91 41.08236226612924
241.699 41.11234560481827
249.756 41.13218417539498
258.545 41.41189734860424
268.066 41.35399381427712
277.588 41.416482308517715
287.109 41.44778843299321
297.363 41.31840876852469
307.617 41.54603608769837
318.604 41.53019269558783
329.59 41.62834152112667
341.309 41.56105746716817
353.76 41.43578625405617
366.211 41.54548689120463
378.662 41.55548268162343
392.578 41.7203421701641
405.762 41.77396621473525
420.41 41.79493640867483
435.059 41.898809376822825
450.439 42.402324890097205
466.553 42.25878320597377
482.666 42.00946029870397
500.244 42.11803959764357
517.822 42.333668078902576
536.133 42.557107520688106
554.443 42.25680695143062
574.219 42.570416197596856
594.727 42.39229416781404
615.234 42.44098915776384
637.207 42.5994994038103
659.912 42.51597505238749
683.35 42.72386055776981
706.787 42.69195191982473
731.689 42.44533118046694
758.057 42.45081632802494
784.424 42.569504883522484
812.256 42.29717862623346
840.82 42.6181724937323
870.85 42.479152812415876
901.611 42.84656595438406
933.105 42.8735430159977
966.064 43.35501294238166
999.756 42.64375960684761
1034.91 42.95003085875976
1071.53 42.86274642795432
1109.62 42.238337617380125
1148.44 42.46017312683814
1189.45 42.864489299319644
1231.2 42.91020679605137
1274.41 42.95808494513818
1319.82 43.26307910180692
1365.97 43.00793910005622
1414.31 43.229917016331115
1464.11 43.76674044067272
1515.38 43.37436718802074
1568.85 43.38475810128415
1624.51 43.00809834571186
1681.64 43.02038861489679
1740.97 43.19367826806199
1802.49 43.37688220332342
1866.21 43.48006230605142
1932.13 43.28279289855476
2000.24 43.48141208257722
2070.56 43.98126303159937
2143.8 44.238754648691454
2219.24 44.29314307337961
2297.61 44.446999900100764
2378.17 44.57393696481745
2462.4 44.52898542908315
2548.83 44.51433181121884
2638.92 44.620559283845665
2731.93 44.35718903214895
2828.61 43.98509090376962
2928.22 43.920730020698514
3031.49 43.946072644769984
3138.43 43.82383786946876
3249.02 43.6334511866567
3363.28 43.628118585409425
3481.93 43.691408769771385
3604.98 43.86486612389936
3732.42 43.59339457003857
3863.53 43.63402490569645
3999.76 43.34833971369416
4141.11 43.06773094730684
4286.87 42.69832063154476
4438.48 42.74852117404045
4594.48 42.42354619354339
4757.08 42.149341488664845
4924.8 42.1767860698145
5098.39 41.838174175252675
5277.83 42.12298253551987
5463.87 41.87317068319075
5656.49 41.778624251245844
5856.45 41.7692816414482
6062.99 42.02312185840434
6276.86 41.84282719483889
6498.05 41.875635549973936
6727.29 42.124310607961135
6964.6 42.53249103501882
7209.96 42.5742339828399
7464.11 42.80127683412729
7727.78 42.46529652388857
8000.24 42.210785370635804
8282.23 41.92786748019691
8574.46 41.389213362247304
8876.22 41.31846563284155
9189.7 41.58677849480728
9513.43 41.63309893616686
9848.88 41.93529149989409
10196.8 42.32992022521164
10556.4 42.589892954623096
10928.5 42.83013556015254
11313.7 42.97008001832231
11712.9 43.334677536763124
12126.0 43.57519392788093
12553.7 43.79398090582821
12996.1 44.030300118039136
13454.6 44.32759140523501
13928.5 44.70289684969883
14419.9 45.074006293813255
14928.2 45.25559994082677
15454.8 45.39605703331212
15999.8 45.34603786765199
16564.5 44.977731598548985
17148.2 44.98606011028619
17753.2 45.42092658788147
18379.4 45.6324897273705
19027.6 45.74632226783298
19698.5 45.88855632534657
19999.5 46.12116197835306
