Freq "Ceiling Bounce"
22.4 46.77611856531716
23.0 47.15999961744991
23.6 47.561947291840866
24.0 47.82326477625993
25.0 47.79431032499558
25.8 47.81355737668734
26.5 48.15927347220544
27.2 48.507843633716206
28.0 49.31655999317606
29.0 50.22812100489948
30.0 50.87584607527147
30.7 51.65866027600835
31.5 52.568780339967915
32.5 53.56194867563768
33.5 54.61627783177748
34.5 55.57244826645844
35.5 56.701235726266404
36.5 57.86023818113064
37.5 58.990462216100596
38.7 60.221174040896344
40.0 61.58335937246299
41.2 62.983359372463
42.5 64.21483523633479
43.7 65.47783080594569
45.0 66.6778308059457
46.2 67.84136150423588
47.5 69.07387961222818
48.7 70.24136150423587
50.0 71.27387961222817
51.5 72.20542400732661
53.0 73.00542400732661
54.5 73.80542400732661
56.0 74.57387961222817
58.0 75.47387961222819
60.0 76.37387961222817
61.5 77.23821129888744
63.0 78.13821129888744
65.0 79.27387961222819
67.0 80.33821129888743
69.0 81.43821129888744
71.0 82.53821129888743
73.0 83.33821129888743
75.0 84.07001488257477
77.5 85.07001488257475
80.0 86.03821129888743
82.5 86.80306957104251
85.0 87.27150800786939
87.5 87.43821129888744
90.0 87.90690501035459
92.5 88.57609175449221
95.0 89.17609175449222
97.5 89.6760917544922
100.0 90.27609175449221
103.0 90.77609175449221
106.0 91.11227178315617
109.0 91.27609175449223
112.0 91.57609175449223
115.0 91.57609175449223
118.0 91.67609175449222
122.0 91.67609175449222
125.0 91.67609175449222
128.0 91.61227178315617
132.0 91.48219967332304
136.0 91.28219967332303
140.0 91.05260953202217
145.0 90.78982856673473
150.0 90.66096514237182
155.0 90.66096514237182
160.0 90.46096514237182
165.0 90.33257218046559
170.0 90.40464502318535
175.0 90.37082970284297
180.0 90.44314826109435
185.0 90.44314826109435
190.0 90.4552196930838
195.0 90.38915630129641
200.0 90.32869245367795
206.0 90.12869245367797
212.0 89.82869245367796
218.0 89.50261155895365
224.0 89.27697211958265
230.0 89.17697211958266
236.0 89.09257011413608
240.0 88.96803106656235
250.0 88.84391589069239
258.0 88.56226919657723
265.0 88.33921161314463
272.0 88.19430925610405
280.0 88.03758968889495
290.0 87.81595200332335
300.0 87.57383513626849
307.0 87.39804670748718
315.0 87.23940447640163
325.0 87.12057279337219
335.0 86.93042214017362
345.0 86.56195711511008
355.0 85.92650190008688
365.0 85.36687807668586
375.0 84.90076041269732
387.0 84.14632801555645
400.0 83.06492545246574
412.0 81.99501268509853
425.0 80.93925873400133
437.0 79.9456207596636
450.0 79.27332093584143
462.0 79.61112494659284
475.0 80.4465455524053
487.0 81.17717895989803
500.0 81.68573915648972
515.0 82.19237898809799
530.0 82.71659062692784
545.0 83.05412591517943
560.0 82.91664968283601
580.0 82.29003514763906
600.0 81.621823692996
615.0 81.71052246473896
630.0 82.07114677241165
650.0 82.55463624332226
670.0 83.07354792281035
690.0 83.6144234536573
710.0 83.99307493464335
730.0 84.21065864377773
750.0 84.23184209379188
775.0 84.10449239072294
800.0 83.83510550729974
825.0 83.51394942912606
850.0 83.21394942912606
875.0 82.89317487506892
900.0 82.54171952330977
925.0 82.29083949114904
950.0 82.19080616590044
975.0 82.32081894554057
1000.0 82.65218761292407
1030.0 83.0824675314633
1060.0 83.3334113978813
1090.0 83.4849305486431
1120.0 83.24885135917307
1150.0 82.78405461574941
1180.0 82.17211025799337
1220.0 81.66718462137126
1250.0 81.4092030381973
1280.0 81.53913968958946
1320.0 81.7261192625266
1360.0 81.77711159109154
1400.0 81.4360154422864
1450.0 81.01274735416665
1500.0 80.60258201738351
1550.0 80.11146471868874
1600.0 79.29074275843803
1650.0 78.17030587831073
1700.0 77.3467437153584
1750.0 77.014568629094
1800.0 77.06838749126698
1850.0 77.86024099189508
1900.0 78.99215915969808
1950.0 79.32909084157254
2000.0 79.29188145404554
2060.0 80.10261155895365
2120.0 80.95159316859872
2180.0 80.77245431186856
2240.0 80.11655999317607
2300.0 79.82585044351924
2360.0 79.7730120924441
2400.0 79.43749164860505
2500.0 78.7680110708392
2580.0 78.30669030042276
2650.0 78.04556025894031
2720.0 77.53916927982259
2800.0 77.15825149212044
2900.0 77.28456243414706
3000.0 77.55836287927838
3070.0 77.3598038433142
3150.0 76.62746723085968
3250.0 76.16448660112324
3350.0 76.06267931167396
3450.0 76.0542029903538
3550.0 75.90795567018759
3650.0 75.31115315731633
3750.0 74.02364704950978
3870.0 73.84066681957172
4000.0 73.41595200332334
4120.0 73.26702362209318
4250.0 73.09136016184577
4370.0 72.64632801555645
4500.0 72.28013829070436
4620.0 71.97211025799336
4750.0 72.1516357939168
4870.0 72.20566895210031
5000.0 72.12297870459896
5150.0 71.91246641261479
5300.0 71.59080616590045
5450.0 71.57277674488687
5600.0 71.87404084094027
5800.0 71.4081499493813
6000.0 70.71903234364801
6150.0 70.38523216659158
6300.0 69.76174986056533
6500.0 68.82963782068197
6700.0 69.3795364377956
6900.0 69.68418429607712
7100.0 69.69280370563631
7300.0 69.7335381106207
7500.0 69.32650715402339
7750.0 68.71208458068783
8000.0 69.0621070476537
8250.0 68.44123053036837
8500.0 68.35234182425076
8750.0 69.29735774388855
9000.0 69.48099763229999
9250.0 69.19162233134169
9500.0 68.88583713932594
9750.0 67.5770397714101
10000.0 68.63056189268907
10300.0 65.79162233134169
10600.0 61.63980936753104
10900.0 62.54141633448454
11200.0 64.6950932335477
11500.0 66.37535427188153
11800.0 69.15340349027105
12200.0 72.18319278136165
12500.0 71.79266718875418
12800.0 70.7839348027723
13200.0 69.17114677241166
13600.0 67.31675553486808
14000.0 66.12538097851855
14500.0 63.30322505318121
15000.0 57.02380429492315
15500.0 52.55577934265101
16000.0 55.98463785979068
16500.0 56.00523724037153
17000.0 52.10523724037155
17500.0 50.23869711145322
18000.0 51.581105713881
18500.0 52.20933594384907
19000.0 49.59707065012053
19500.0 48.8545103139124
