Freq "Ceiling Bounce"
20.5078 57.63246949996409
21.9727 58.319790001055935
23.4375 61.59073695044529
24.9023 60.123443196844704
26.3672 58.700554499600514
27.832 62.91567661977447
29.2969 63.969687526008045
30.7617 65.3334229342581
32.2266 66.93846080104362
33.6914 68.28433283298023
35.1562 69.76256504953449
36.6211 70.92479041911965
38.0859 72.1964419380337
39.5508 73.4315399628891
41.0156 74.18124418040611
42.4805 75.19436650475873
43.9453 76.04943213742797
45.4102 76.85657065500652
46.875 77.34298126903332
48.3398 78.02686489452435
51.2695 79.20108051775365
52.7344 79.68446814766416
54.1992 80.08213672700695
55.6641 80.44631654742479
58.5938 81.19199468654806
60.0586 81.46447755763602
62.9883 81.87627594440086
64.4531 82.17580325567144
67.3828 82.6146935245691
68.8477 82.77449744591348
71.7773 83.09343411766442
74.707 83.37586315475133
77.6367 83.49356811587644
79.1016 83.54452559205616
82.0312 83.71429450851781
84.9609 83.91616261808656
87.8906 83.88707696722679
90.8203 84.18606011907171
95.2148 84.37565782998489
98.1445 84.44461993858783
101.074 84.50247798765861
105.469 84.56810459327939
108.398 84.53184665058207
112.793 84.39705987281283
117.188 84.34771798394786
120.117 84.27579324673478
124.512 84.60602230904746
128.906 84.60922218816148
133.301 84.54260267789812
139.16 84.45572907299733
143.555 84.2188861131632
147.949 84.24654945346963
153.809 84.31984088584441
159.668 83.67517507020735
165.527 83.615645652447
171.387 83.69150179625689
177.246 84.04301755944277
183.105 83.74314898581694
188.965 83.76784453825454
196.289 83.67074931952749
203.613 83.37339471943599
210.938 83.37664780592962
218.262 83.40709872143637
225.586 83.2049393721928
232.91 82.89031194132816
241.699 82.87224654814881
250.488 82.75041546878808
259.277 83.10372620203529
268.066 83.57861044483165
276.855 83.04585072245244
287.109 81.78070090286963
297.363 81.46482628131918
307.617 83.27821634374936
319.336 82.90977811436176
329.59 82.84611978814347
341.309 82.65294527981452
353.027 82.49835944531301
366.211 83.19135859413899
379.395 83.14225459604054
392.578 82.83716838288191
405.762 82.70529664448537
420.41 82.49876567320786
435.059 82.2599009533177
451.172 82.16192176102011
465.82 82.37192674506913
483.398 81.2124115969262
499.512 81.97972392445595
517.09 81.63636158352325
536.133 81.80864371361615
555.176 82.14480066895538
574.219 82.67232427895294
594.727 82.75131609098892
615.234 83.01815909969248
637.207 83.25471586894773
659.18 82.49340616778296
682.617 81.9396507017187
707.52 82.65299777324677
732.422 82.94670299132343
757.324 83.05152622276479
785.156 83.46004098126684
811.523 83.422934260997
840.82 83.23081125995466
870.117 82.6763648201426
900.879 82.63234418594378
933.105 83.17123845914884
965.332 82.75598959167002
1000.49 83.1003115110527
1035.64 82.60904121016603
1072.27 81.94896015721629
1108.89 81.49906630807747
1148.44 81.95038543308802
1189.45 82.5555780447036
1230.47 82.63226588457658
1274.41 82.10162600414861
1319.82 81.60827601892558
1366.7 81.56920273407368
1413.57 81.37802759089033
1463.38 81.69088631768109
1516.11 80.93350341280033
1568.85 80.24392372750624
1624.51 79.78284976109357
1681.64 79.0704186750293
1741.7 78.84884965936085
1803.22 79.0814397083733
1866.21 79.34063833126136
1932.13 79.60876948956145
1999.51 79.51177736795043
2069.82 79.20616257134402
2143.07 79.03346364433189
2219.24 79.60707810588298
2296.88 80.3896897184128
2378.91 80.5074018269975
2462.4 80.24853287918081
2548.83 81.17615022155448
2639.65 81.57450756286201
2731.93 81.69727441665732
2828.61 81.87683392592035
2928.22 82.89017162848205
3030.76 83.13940128840161
3137.7 83.74369998198645
3249.02 84.05311652457056
3363.28 84.1513503689316
3481.93 84.16466829423561
3604.98 83.9282901730937
3732.42 83.71505867229678
3864.26 83.65579276467278
4000.49 83.64386408647295
4141.11 83.6071115765422
4287.6 83.19201848911922
4438.48 83.24737691902966
4595.21 82.66760283191222
4756.35 82.5039922899592
4924.8 82.21729983069373
5097.66 82.15798911802673
5277.83 82.12032556988868
5463.87 81.97454902445054
5657.23 81.82248554869048
5856.45 81.63890909092049
6062.99 81.38368034741119
6276.86 80.88893794967588
6498.05 80.71511652088678
6726.56 80.73045739028967
6963.87 80.49630362298461
7209.96 80.47007786520835
7464.84 80.68389740803268
7727.05 80.9846684343573
7999.51 80.67368418248363
8282.23 80.44244999745472
8573.73 80.54275995645861
8876.95 80.28176158734145
9188.96 79.89775743960867
9514.16 79.60645150178401
9849.61 79.2911227013674
10196.8 79.20781692016453
10555.7 79.05188982517905
10927.7 78.7552011060603
11313.0 78.45896148809805
11712.9 77.86957550711254
12126.0 77.17082014694027
12553.7 76.4246176120182
12996.1 75.53021630660078
13454.6 74.46752351054123
13929.2 72.94420488343533
14419.9 71.0978447017882
14928.2 70.25353377231046
15455.6 69.3863278572192
16000.5 68.25468579679428
16564.5 66.42270646797522
17148.9 64.60080657598422
17752.4 62.670965262506826
18379.4 60.94929131980419
19026.9 59.12547415078055
19697.8 58.21110292594355
19999.5 57.44373432025489
