Freq "Estimated In-Room Response"
20.5078 55.533137799846315
21.2402 57.19766576705797
21.9727 57.7520777353115
22.7051 58.758350091863036
23.4375 58.69401712442561
24.1699 59.368316834358836
25.6348 60.82380964797812
26.3672 61.729613460262726
27.0996 62.648124282908555
27.832 63.43960630325263
29.2969 65.04290966873353
30.0293 65.71050774655495
31.4941 67.11331508648135
32.2266 67.95119008848724
33.6914 69.28426777586674
34.4238 70.00816143415983
35.8887 71.33855375178537
37.3535 72.57900741794829
38.8184 73.75550850898075
39.5508 74.3507420441027
41.0156 75.14329857059616
42.4805 76.31721304691933
43.9453 77.16243140987771
45.4102 77.90353355622935
47.6074 78.85282953029889
49.0723 79.39788188650721
50.5371 79.86518876901522
52.7344 80.47174780105793
54.1992 80.79876859797709
56.3965 81.21356959488463
58.5938 81.48940215544579
60.0586 81.71829132516714
62.2559 82.05018569593231
64.4531 82.2701869904092
66.6504 82.48581291771654
69.5801 82.74451757078529
71.7773 82.86972924615735
73.9746 83.05604696379298
76.9043 83.19765003995282
79.834 83.35057428091002
82.7637 83.62964147544093
85.6934 83.73318111806498
88.623 83.72443449954902
91.5527 83.7316784398182
94.4824 84.03181507313825
98.1445 84.10609424293791
101.807 84.20419927083509
105.469 84.30124706105354
109.131 84.4683664117562
112.793 84.61259497673879
116.455 84.66746389268201
120.85 84.76486035541689
125.244 84.87869592219563
129.639 84.85492002433746
134.033 84.82425684689177
138.428 84.88517358127379
143.555 84.93356530285607
148.682 84.9767281005532
153.809 84.96813102866149
159.668 85.16897605993239
164.795 85.13730596604215
170.654 85.0752205630029
176.514 85.0028405286365
183.105 84.94425689086954
189.697 84.9343187718325
196.289 84.98241982014957
202.881 84.94456137385262
210.205 84.86503417461613
217.529 84.80882689946485
225.586 84.76730305016206
232.91 84.83919814591482
241.699 84.59967934118441
249.756 84.65174269000948
258.545 84.59259540786672
268.066 84.13981261497861
277.588 84.09615120208795
287.109 84.10070473562506
297.363 84.54633303190138
307.617 84.72518409085316
318.604 84.54846026605775
329.59 84.47984487169445
341.309 83.6321537164093
353.76 83.24947284147363
366.211 84.92956189890195
378.662 86.1369801909496
392.578 85.51971909599729
405.762 85.30967187554923
420.41 85.42382177992698
435.059 84.97825536462365
450.439 84.88192830822882
466.553 84.60266944142168
482.666 84.33329690356553
500.244 84.05103421775125
517.822 83.78714859030723
536.133 83.71550581075418
554.443 83.82429859803389
574.219 84.031650924458
594.727 83.57797942849797
615.234 83.58641934541318
637.207 84.45657893230207
659.912 84.89006544129302
683.35 84.69549286682012
706.787 85.54414308176712
731.689 86.20440950087638
758.057 86.15319333760613
784.424 85.94142370173437
812.256 85.34832032865569
840.82 85.07696721465618
870.85 84.83299615157466
901.611 84.8019694244529
933.105 84.9938511170421
966.064 84.50179473003936
999.756 84.06292471385244
1034.91 83.64760288587121
1071.53 83.25574521795741
1109.62 82.86410445456251
1148.44 82.78823985064304
1189.45 82.88978345958705
1231.2 83.47684461643394
1274.41 83.9424221641997
1319.82 84.66048423189491
1365.97 83.80358123290623
1414.31 83.5496085564043
1464.11 83.06483416523048
1515.38 82.5032616793874
1568.85 82.3612158745229
1624.51 82.0223216498513
1681.64 81.91820507738939
1740.97 81.79210008489422
1802.49 82.1471486124859
1866.21 81.9447040321068
1932.13 81.56011986517623
2000.24 81.89081328187507
2070.56 82.50956635990596
2143.8 82.4565942666098
2219.24 81.60693618425694
2297.61 81.8851493381457
2378.17 82.34015706029439
2462.4 81.9590220254537
2548.83 81.70006134471299
2638.92 81.94265187411368
2731.93 81.84039022986661
2828.61 81.8707722756748
2928.22 81.8602621859393
3031.49 81.57242926944363
3138.43 81.82214809748359
3249.02 81.84586381617082
3363.28 81.87148480098185
3481.93 82.39266078980583
3604.98 82.98500294024589
3732.42 82.85340356509917
3863.53 83.09478471352753
3999.76 83.1621195623798
4141.11 83.01913665734176
4286.87 83.11465738135611
4438.48 83.21649422630747
4594.48 83.22119577053672
4757.08 83.29278364984793
4924.8 83.2170533176299
5098.39 83.1298150486652
5277.83 82.56318760834102
5463.87 82.34547784654553
5656.49 81.8903011924449
5856.45 81.93082153409105
6062.99 82.06438298581116
6276.86 82.44664247532825
6498.05 82.67151936212889
6727.29 82.59342073741297
6964.6 82.50195594159551
7209.96 82.04146870079863
7464.11 81.58066168097203
7727.78 81.46698214594713
8000.24 81.73910673409624
8282.23 82.45345820929859
8574.46 82.70850757827064
8876.22 82.21046944696704
9189.7 81.53148339533274
9513.43 81.22573906111997
9848.88 80.97299115347745
10196.8 81.05969161307344
10556.4 81.24162317662037
10928.5 80.96542200519175
11313.7 80.40796598420037
11712.9 79.58221053190336
12126.0 79.26257161370053
12553.7 79.51892040636659
12996.1 79.46814381135304
13454.6 79.03882583126983
13928.5 78.46024961372557
14419.9 78.30026740670942
14928.2 78.46312964901288
15454.8 78.3900034698339
15999.8 78.0711463724471
16564.5 78.0083954010575
17148.2 78.33630178009591
17753.2 78.3929666191731
18379.4 77.75901232649538
19027.6 77.38130394558148
19698.5 77.19640888461828
19999.5 76.91547063307965
