Freq "Listening Window"
22.4 35.453342203073035
23.0 36.30850691521654
23.6 37.14191931199646
24.0 37.97458308451776
25.0 38.8079940898909
25.8 39.59671423017626
26.5 40.39671423017627
27.2 41.196714230176255
28.0 41.996714230176295
29.0 42.79671423017628
30.0 43.551819081909414
30.7 44.318233197027794
31.5 45.118233197027806
32.5 45.885404997158716
33.5 46.618233197027806
34.5 47.40697993429795
35.5 48.1956974368011
36.5 48.91823319702782
37.5 49.706979934297934
38.7 50.49569743680111
40.0 51.273561095845096
41.2 52.051311345867305
42.5 52.8513113458673
43.7 53.651311345867285
45.0 54.45131134586731
46.2 55.27356109584508
47.5 56.0956974368011
48.7 56.91823319702782
50.0 57.76245046956454
51.5 58.584643370147816
53.0 59.395697436801115
54.5 60.2182331970278
56.0 61.01823319702781
58.0 61.81823319702781
60.0 62.61823319702779
61.5 63.38464337014784
63.0 64.16295690507015
65.0 64.9182331970278
67.0 65.64065262146796
69.0 66.39569743680109
71.0 67.14065262146796
73.0 67.81823319702781
75.0 68.54065262146796
77.5 69.20697993429793
80.0 69.8182331970278
82.5 70.4182331970278
85.0 71.00697993429795
87.5 71.50697993429795
90.0 71.91823319702782
92.5 72.3182331970278
95.0 72.71823319702781
97.5 72.99671423017628
100.0 73.26321599818613
103.0 73.49671423017627
106.0 73.67458308451775
109.0 73.79671423017628
112.0 73.81924472848912
115.0 73.75181908190945
118.0 73.61924472848912
122.0 73.39671423017627
125.0 73.21924472848913
128.0 73.09671423017627
132.0 73.06321599818612
136.0 73.14065262146796
140.0 73.1854049971587
145.0 73.21924472848913
150.0 73.1854049971587
155.0 73.11924472848914
160.0 72.95334220307303
165.0 72.84191931199645
170.0 72.6324839704764
175.0 72.3670018445513
180.0 72.11053481419579
185.0 71.98995011242681
190.0 72.1670018445513
195.0 72.4786232285961
200.0 72.76700184455129
206.0 72.84668367593659
212.0 72.87835903918561
218.0 73.05534927912504
224.0 73.1982216899119
230.0 73.3304662969777
236.0 73.43046629697771
240.0 73.48743170695495
250.0 73.47835903918559
258.0 73.44668367593657
265.0 73.41357012676042
272.0 73.34720984901064
280.0 73.22455090369539
290.0 73.02585841149518
300.0 72.80571576762848
307.0 72.56473185123606
315.0 72.37509633615838
325.0 72.35915580243163
335.0 72.46973927209703
345.0 72.65809405900767
355.0 73.03497639334405
365.0 73.40177311694352
375.0 73.76752556185829
387.0 74.0675255618583
400.0 74.23628628607266
412.0 74.24826228285006
425.0 74.15412109370456
437.0 73.85942979002876
450.0 73.43914823494308
462.0 72.91627781733702
475.0 72.38815324294748
487.0 71.83711490205744
500.0 71.26224598537173
515.0 70.77855256409882
530.0 70.43561770074945
545.0 70.38635110871077
560.0 70.51211269567067
580.0 70.68700332474204
600.0 70.73489278668909
615.0 70.63387756723463
630.0 70.50933356810985
650.0 70.36893428708574
670.0 70.23625792536117
690.0 70.48749839189271
710.0 71.18603360692569
730.0 71.76544589732295
750.0 72.07550078693014
775.0 72.23275729797753
800.0 72.24410561351986
825.0 72.19321625271837
850.0 72.08770259094317
875.0 72.00969008835763
900.0 71.92260003865532
925.0 71.81586307282056
950.0 71.59156907642361
975.0 71.23066337589857
1000.0 70.96750565458369
1030.0 70.8001417870097
1060.0 71.10986668032227
1090.0 71.69482824746026
1120.0 71.91618015256232
1150.0 71.6087149518241
1180.0 70.8574330351728
1220.0 70.26903610184854
1250.0 69.5760739056072
1280.0 68.46690454198152
1320.0 67.38889932921424
1360.0 68.57876933907177
1400.0 69.64061051916056
1450.0 69.79739809612775
1500.0 70.24165077204577
1550.0 70.13850792310582
1600.0 69.92414969003575
1650.0 69.08594868255226
1700.0 68.01741354960512
1750.0 68.08952219245238
1800.0 69.10350029814227
1850.0 69.62832387141903
1900.0 70.59635487994413
1950.0 71.28951484030786
2000.0 71.8338947601011
2060.0 72.2303003814665
2120.0 72.72493076880963
2180.0 72.24298874658241
2240.0 72.33924944840373
2300.0 72.8075598709758
2360.0 72.50817418767922
2400.0 72.74097622526534
2500.0 73.10580479837263
2580.0 72.5085108192278
2650.0 72.45397085057063
2720.0 72.56803180296437
2800.0 72.4430138445343
2900.0 72.69664825580632
3000.0 72.88842670795002
3070.0 73.1481095387701
3150.0 73.0879062208885
3250.0 72.92404818343621
3350.0 73.74521609720011
3450.0 74.84568600798937
3550.0 75.31021753418834
3650.0 74.69813127654155
3750.0 74.7072731143672
3870.0 74.4983915459296
4000.0 74.68831445189967
4120.0 74.93057709632306
4250.0 75.20676877459321
4370.0 74.62550721418125
4500.0 73.85885109798853
4620.0 73.40433591085907
4750.0 73.46031967424332
4870.0 73.32661337952841
5000.0 74.24227152853258
5150.0 75.21221547985381
5300.0 75.32928906855166
5450.0 74.47223241274305
5600.0 74.24819391042605
5800.0 73.71424996916043
6000.0 72.5619936640389
6150.0 71.86909666871216
6300.0 72.42122156793351
6500.0 73.20318584051132
6700.0 73.57335321400876
6900.0 73.40065034820422
7100.0 73.00563232826883
7300.0 73.19875500672337
7500.0 72.35510894939353
7750.0 72.61165980393802
8000.0 73.01159664943108
8250.0 73.35342171328519
8500.0 73.87385156019982
8750.0 73.66106003275986
9000.0 72.02853124281096
9250.0 71.07102122559941
9500.0 72.59953698679142
9750.0 72.59348772631985
10000.0 70.46876970911312
10300.0 71.34042842102458
10600.0 69.54668653000643
10900.0 68.88727298485882
11200.0 71.7138031127895
11500.0 71.43149637011808
11800.0 71.05911740836567
12200.0 70.64319652107955
12500.0 70.95166582217085
12800.0 69.59264699246015
13200.0 70.56859002585773
13600.0 69.06946953652088
14000.0 66.34402823225626
14500.0 68.33073448697468
15000.0 69.737703139171
15500.0 67.16712317692546
16000.0 70.75982650537735
16500.0 69.46889859081422
17000.0 68.09937211889354
17500.0 69.64124378922966
18000.0 67.70757365067847
18500.0 61.86500015362108
19000.0 68.3028884400939
19500.0 68.81607490545107
