Freq "Sound Power"
22.4 24.219558324349705
23.0 25.163830035256794
23.6 25.808137740451073
24.0 26.057132959522292
25.0 26.352122344118172
25.8 26.640637657468673
26.5 27.01037335269352
27.2 28.73960127470501
28.0 30.713067295868782
29.0 32.97845148130496
30.0 36.41929653716569
30.7 39.06986880837523
31.5 39.522846700177936
32.5 40.16917666066546
33.5 39.71120975448362
34.5 39.452520386350656
35.5 39.34770797510306
36.5 38.10016406757943
37.5 36.750119259667215
38.7 35.765737724679596
40.0 37.559138231673
41.2 40.558870463292166
42.5 43.7407558014708
43.7 44.33360748423139
45.0 45.84607166135204
46.2 48.14094574195157
47.5 49.309586962496226
48.7 48.971382325653835
50.0 49.44976408186126
51.5 49.954435884242756
53.0 49.59401804946948
54.5 49.3497028337611
56.0 51.479709661019555
58.0 53.11808153983036
60.0 53.90252370869125
61.5 54.072946228492796
63.0 54.96194196378572
65.0 56.321828804406834
67.0 56.90821136835605
69.0 58.27840425115549
71.0 60.00891892963328
73.0 60.45987810482177
75.0 61.535820328110006
77.5 62.87320072369795
80.0 64.14734349151473
82.5 65.26660730212787
85.0 66.28608635847523
87.5 67.37207955644739
90.0 68.61948682607334
92.5 69.77977358286329
95.0 70.67271590114396
97.5 71.47914676435529
100.0 72.29313799021969
103.0 73.0580954464606
106.0 73.756717175626
109.0 74.33944053678772
112.0 74.84480344521347
115.0 75.21268264595699
118.0 75.54697358184657
122.0 75.88941418832401
125.0 76.12858168254049
128.0 76.36437204023913
132.0 76.54861404487933
136.0 76.67474047670177
140.0 76.67947601216049
145.0 76.69898318430884
150.0 76.64584826384527
155.0 76.70651451815169
160.0 76.71842959524916
165.0 76.70252776800126
170.0 76.62129314570713
175.0 76.42781723524678
180.0 76.38676252320558
185.0 76.36108122074118
190.0 76.4820913617774
195.0 76.44478958466834
200.0 76.2920619260425
206.0 75.95920993350383
212.0 75.66552599915529
218.0 75.37056787201479
224.0 74.97892717272563
230.0 74.71634304154762
236.0 74.4559408512037
240.0 74.17656217281456
250.0 74.14311030664453
258.0 74.34461276179103
265.0 74.73671550627286
272.0 75.22411262285263
280.0 75.59134637338717
290.0 75.90089343703876
300.0 75.93185276627675
307.0 75.71820813405296
315.0 75.55207704903361
325.0 75.33202462192388
335.0 75.42621128474589
345.0 75.28397522436393
355.0 74.86679732804727
365.0 74.48463226950352
375.0 74.19213023724622
387.0 74.04155432621003
400.0 73.76711960791401
412.0 73.50217044546817
425.0 73.1692818968915
437.0 72.84908283607196
450.0 72.69409081648168
462.0 72.632972348356
475.0 72.96558246530772
487.0 73.64680234892528
500.0 74.09721459876928
515.0 73.9179867973266
530.0 73.46183047257078
545.0 72.81087802236625
560.0 71.88184029548708
580.0 70.57388766938269
600.0 68.17444651870397
615.0 66.81851863486746
630.0 68.75178674003955
650.0 72.11422879903148
670.0 74.07608865138393
690.0 74.66193399861122
710.0 74.43886332579153
730.0 73.95579312693137
750.0 73.41874610667264
775.0 72.74574274998496
800.0 72.19071245592717
825.0 72.07115996873955
850.0 71.67370526517836
875.0 71.059025281602
900.0 70.50489056308284
925.0 69.42620622055814
950.0 68.75714364821498
975.0 68.42913969162878
1000.0 67.86816698702093
1030.0 67.89460040559898
1060.0 67.30439250747683
1090.0 66.35665232671394
1120.0 66.00244016899859
1150.0 66.0598929757123
1180.0 68.1835855681936
1220.0 68.64726846908631
1250.0 68.05635369810682
1280.0 67.77404690192634
1320.0 67.89641635008607
1360.0 68.10461138825895
1400.0 68.43506900426097
1450.0 67.74412883028187
1500.0 65.6400029583106
1550.0 64.24275610843243
1600.0 64.63714629943378
1650.0 65.77867034943014
1700.0 67.06617668219539
1750.0 66.33803993170278
1800.0 66.72867380419451
1850.0 67.53738855917469
1900.0 68.51487771869104
1950.0 69.97994206125486
2000.0 70.73014613426835
2060.0 70.69309706071276
2120.0 71.30754898924077
2180.0 71.55806570530471
2240.0 71.05010145774261
2300.0 70.38810940671158
2360.0 70.37413542307992
2400.0 69.96342212180986
2500.0 69.32413581407506
2580.0 67.7998787731649
2650.0 68.0540256745924
2720.0 67.88348152672715
2800.0 67.29856900991207
2900.0 67.31971154058735
3000.0 66.2558049917202
3070.0 65.67377743570106
3150.0 64.97941889312993
3250.0 65.19835181629718
3350.0 65.41080439148168
3450.0 66.08741370297388
3550.0 67.13321253797744
3650.0 67.57506199850818
3750.0 67.66159211281258
3870.0 66.42717775849513
4000.0 65.33402903783148
4120.0 65.12255502245397
4250.0 63.846294774987015
4370.0 62.74161503667902
4500.0 62.22270059530334
4620.0 62.75194852833705
4750.0 63.07369377617
4870.0 64.63551413129825
5000.0 64.63900096160774
5150.0 64.72336552343297
5300.0 65.08568265239701
5450.0 65.36622316593814
5600.0 64.24789519925946
5800.0 63.14250945874572
6000.0 62.91826840195243
6150.0 62.82573287641486
6300.0 63.46422774135698
6500.0 62.99094228129073
6700.0 63.19258572693613
6900.0 64.26642630686821
7100.0 64.04013461692418
7300.0 63.09555308517791
7500.0 64.002687190617
7750.0 62.43689266202527
8000.0 63.13247872531382
8250.0 64.55725843947074
8500.0 67.2287248989406
8750.0 68.11924260181883
9000.0 67.49352642626305
9250.0 66.26827363540488
9500.0 66.62582843426196
9750.0 66.87980869024473
10000.0 67.69106492771502
10300.0 66.60197447409139
10600.0 62.81144431893857
10900.0 63.40731561423975
11200.0 64.53524132758605
11500.0 62.97258180454061
11800.0 61.50594939812308
12200.0 61.28062798731381
12500.0 61.33200440461977
12800.0 63.122492660796084
13200.0 59.59374358032528
13600.0 59.28764913277753
14000.0 60.140205289052375
14500.0 57.44867083665733
15000.0 58.95016713413453
15500.0 60.047544250309386
16000.0 61.446381710631314
16500.0 60.43191512201834
17000.0 59.6649301016751
17500.0 56.13399609934697
18000.0 51.819173592116144
18500.0 51.308691853371656
19000.0 49.05347569546767
19500.0 46.25974531235251
