Freq "Sound Power DI"
22.4 43.593148853382814
23.0 43.23106513250241
23.6 42.65398753246507
24.0 42.00076534836643
25.0 41.69483207234674
25.8 41.66424674436553
26.5 42.16836878466245
27.2 41.856167222965865
28.0 41.436936671610454
29.0 41.18891525628439
30.0 41.440835226502685
30.7 41.15241298495263
31.5 40.51019026422088
32.5 39.17994338493071
33.5 39.12328476713765
34.5 39.040699902841254
35.5 38.664877069733876
36.5 39.97310304741973
37.5 41.031553105716824
38.7 41.631894043436006
40.0 40.937071270001184
41.2 39.94516851252172
42.5 39.310859445286496
43.7 39.4000629362707
45.0 39.66399877915444
46.2 40.60665347590114
47.5 40.99805256300988
48.7 39.31212342234292
50.0 38.34608586719207
51.5 38.648743400926605
53.0 39.085615643940486
54.5 40.90451266939408
56.0 41.82011249207952
58.0 42.058639497315525
60.0 42.07886902053089
61.5 41.93282673293032
63.0 41.512838964709616
65.0 41.24524780587673
67.0 41.53117161339793
69.0 41.49458678065302
71.0 41.25462441397697
73.0 41.02250928568216
75.0 40.78448352198164
77.5 40.588255689129014
80.0 40.467374613850836
82.5 40.20917324401741
85.0 40.11984060383307
87.5 40.12242315291789
90.0 40.078575124265384
92.5 40.14041514193707
95.0 40.18153729028114
97.5 40.23792146449735
100.0 40.41184060784832
103.0 40.55663191213846
106.0 40.70490961194842
109.0 40.72293599060562
112.0 40.752843224779795
115.0 40.81023779006952
118.0 40.853345334919524
122.0 40.80077875456328
125.0 40.753753559381494
128.0 40.730230168185926
132.0 40.67401169155626
136.0 40.626519633801266
140.0 40.64845020193992
145.0 40.749192167647294
150.0 40.817217819872425
155.0 40.90251532414213
160.0 40.947815956734544
165.0 41.052849679589016
170.0 41.078919621792224
175.0 41.13678512487394
180.0 41.2246031324041
185.0 41.178439943138855
190.0 41.21807014422512
195.0 41.3079059348904
200.0 41.5381937644153
206.0 41.98060953446351
212.0 42.43618436845014
218.0 42.81177942817348
224.0 43.05577856558894
230.0 43.208097018540585
236.0 43.40673357049282
240.0 43.67979514484722
250.0 43.859143541707866
258.0 43.84162901906183
265.0 43.55429498288774
272.0 43.191795252250614
280.0 42.72642179389233
290.0 42.46163900450814
300.0 42.343107776069715
307.0 42.50113929799525
315.0 42.58117017925346
325.0 42.54734452884985
335.0 42.53981151711022
345.0 42.721423840246175
355.0 43.22784580601315
365.0 43.7527635141019
375.0 44.021845516749906
387.0 44.04767149858927
400.0 44.18842668448386
412.0 44.43322228457511
425.0 44.80552017917749
437.0 45.094604203186734
450.0 45.01157239936565
462.0 44.836317420079595
475.0 44.69352103142262
487.0 44.28983622217662
500.0 43.89775970975914
515.0 43.644366950579226
530.0 44.5290098448349
545.0 46.20784293736148
560.0 46.49595170557835
580.0 46.794061586745286
600.0 46.89031401328229
615.0 46.93740323336728
630.0 47.00009836180779
650.0 47.07444251962676
670.0 46.99331049564354
690.0 46.92841072523616
710.0 46.88226955066989
730.0 47.14084787429999
750.0 47.55337806106303
775.0 47.89132790536297
800.0 48.03982476740356
825.0 48.10312567149629
850.0 48.129985501384
875.0 48.19420407719589
900.0 48.54130799001392
925.0 48.82615318876614
950.0 49.37744716526139
975.0 49.59061554813512
1000.0 49.385646293169486
1030.0 49.353968525448565
1060.0 49.452366942355766
1090.0 48.712528079959924
1120.0 49.239430533700755
1150.0 48.362864357572434
1180.0 47.06774504027685
1220.0 49.29049335486556
1250.0 48.888069258275664
1280.0 47.237714016729
1320.0 47.07821314894906
1360.0 46.44068221678707
1400.0 46.71177749693902
1450.0 48.185275023401076
1500.0 47.785185449523965
1550.0 47.3097302384994
1600.0 47.967410661543255
1650.0 49.40905810764636
1700.0 50.930356496334596
1750.0 51.03968803746362
1800.0 50.537396766931764
1850.0 50.96276290830342
1900.0 50.469900751096176
1950.0 50.071940702406295
2000.0 49.36242352029072
2060.0 48.591707791633425
2120.0 47.84782222118031
2180.0 46.76797686042562
2240.0 44.79647453785378
2300.0 42.481691333536304
2360.0 40.2959121322604
2400.0 42.31503381165402
2500.0 42.78965644755715
2580.0 42.79700743152955
2650.0 44.09850315144769
2720.0 46.012827772928304
2800.0 47.7999410187566
2900.0 48.060782149942625
3000.0 48.000003091678536
3070.0 47.85205504066704
3150.0 47.80722353436299
3250.0 48.033014591236096
3350.0 48.76206128430171
3450.0 49.1046178067478
3550.0 49.20260739937653
3650.0 49.108314082481584
3750.0 48.954000701349145
3870.0 48.768503086876194
4000.0 49.192912934110495
4120.0 49.15250237456007
4250.0 49.37153842066181
4370.0 49.19842465810356
4500.0 49.592267198518584
4620.0 49.851138074763455
4750.0 49.99477058328732
4870.0 49.70475916480929
5000.0 49.42116638880289
5150.0 49.51852326719374
5300.0 49.98346494812246
5450.0 50.16942141164931
5600.0 50.9684849118436
5800.0 51.44366679049381
6000.0 51.10251237205499
6150.0 50.25800258321375
6300.0 49.779072397490495
6500.0 49.39535543973466
6700.0 50.13915880485919
6900.0 50.82513919091605
7100.0 51.28133453771183
7300.0 51.05488229382284
7500.0 50.53044993191607
7750.0 50.36746076806435
8000.0 50.40532591008234
8250.0 50.428137364034214
8500.0 50.613191980610395
8750.0 50.93679739547389
9000.0 51.77714717254797
9250.0 52.78694478130362
9500.0 52.2323908597123
9750.0 51.17534172802161
10000.0 51.39214052792393
10300.0 51.273923265308326
10600.0 50.6973637655387
10900.0 50.84566272326411
11200.0 51.07726356218251
11500.0 51.259325567450546
11800.0 51.309332579906325
12200.0 51.33827407107722
12500.0 51.66823563107582
12800.0 51.01635800562484
13200.0 52.04871814414588
13600.0 52.561795915850155
14000.0 53.155195675584736
14500.0 52.45011678986347
15000.0 52.82454523068415
15500.0 53.14808094040124
16000.0 53.12179467693102
16500.0 53.2276355703426
17000.0 53.63584868193311
17500.0 52.94178156019515
18000.0 51.80085941636352
18500.0 53.20510628287256
19000.0 53.68163595925154
19500.0 53.17881012606293
