Freq "Rear Wall Bounce"
20.5078 60.647366518659496
21.9727 61.91802829273088
23.4375 62.771710527065764
24.9023 63.35384245938964
26.3672 63.85897138501896
27.832 64.13904449885264
29.2969 64.27802670354409
30.7617 67.47819627753852
32.2266 68.20789885607898
33.6914 69.05392085709231
35.1562 69.554966439575
36.6211 70.01836351282114
38.0859 70.47691439031857
39.5508 70.9525157485548
41.0156 71.36766344092693
42.4805 71.72441344157374
43.9453 72.06466273111126
45.4102 72.36736644722374
46.875 72.79403258937784
48.3398 73.74987037306353
51.2695 75.00691528968612
52.7344 75.33201281282847
54.1992 75.63061274143554
55.6641 75.90231453650061
58.5938 76.48836867355617
60.0586 76.76087883528558
62.9883 77.30002814580165
64.4531 77.51152054309094
67.3828 77.83662484285723
68.8477 78.06238772384854
71.7773 78.72323301412774
74.707 79.16044958427574
77.6367 79.48677962110207
79.1016 79.6634691330227
82.0312 79.98196491567444
84.9609 80.25561836232698
87.8906 80.52556450482176
90.8203 80.82231506877253
95.2148 81.15661417476748
98.1445 81.33911299895533
101.074 81.51816318492219
105.469 81.74701353463952
108.398 81.90256248095548
112.793 82.08996387157676
117.188 82.22043716965847
120.117 82.33114211717796
124.512 82.47039418372769
128.906 82.33625250405117
133.301 82.42587491143222
139.16 82.54346826200303
143.555 82.58871973451913
147.949 82.62671754914051
153.809 82.67721850901849
159.668 82.61966717357365
165.527 82.34696292007793
171.387 82.60991499781068
177.246 82.77101801802176
183.105 82.61076420905002
188.965 82.55741484171827
196.289 82.49781245890651
203.613 82.32961755097286
210.938 82.2825163999833
218.262 82.19003267292491
225.586 82.17029166323164
232.91 82.18396262640266
241.699 81.87611309852285
250.488 81.9816596720019
259.277 82.02686842996992
268.066 81.8879673396958
276.855 82.07399084322282
287.109 82.23479165741428
297.363 82.11776782468631
307.617 82.14407138949674
319.336 81.86250562362692
329.59 81.82151522364148
341.309 81.84627403686397
353.027 81.50945770828562
366.211 81.33857012123802
379.395 81.40301037403582
392.578 81.81799791014468
405.762 81.94086399896305
420.41 81.78685331095825
435.059 81.56713740187301
451.172 81.65437496094049
465.82 81.38625343466337
483.398 81.25401921471727
499.512 81.07816647657418
517.09 80.9874298936543
536.133 80.78829147796054
555.176 80.66086247265429
574.219 80.4464542552741
594.727 80.28579121712873
615.234 80.12134747825236
637.207 79.8883219099439
659.18 79.65728908264194
682.617 79.17579644118976
707.52 78.82358303389871
732.422 80.13516281061429
757.324 80.69794957628459
785.156 80.2391842162047
811.523 80.04569932906368
840.82 79.7503133528116
870.117 79.56451510039207
900.879 79.21850297591857
933.105 78.91469182356357
965.332 78.61658703802267
1000.49 78.34094468949357
1035.64 78.2416646240903
1072.27 78.40022285914304
1108.89 78.364570449907
1148.44 78.61802755577662
1189.45 78.50838708776647
1230.47 78.45659087771033
1274.41 78.30104361709266
1319.82 78.36520361837434
1366.7 78.22460329002679
1413.57 78.26709213710953
1463.38 78.03963146066641
1516.11 78.05370181070433
1568.85 77.94294849045227
1624.51 77.2702314827731
1681.64 76.48928783452392
1741.7 76.64603920813938
1803.22 76.54633626725159
1866.21 75.70278052747003
1932.13 74.66197991120494
1999.51 74.7025768284195
2069.82 74.50820463815548
2143.07 74.19239241238763
2219.24 74.47570606085644
2296.88 74.52794127952
2378.91 74.32958731829463
2462.4 74.58180421490769
2548.83 73.68509608706097
2639.65 73.48844690911795
2731.93 74.3702239931648
2828.61 74.5129626041842
2928.22 74.92678195386743
3030.76 75.42119163255964
3137.7 74.80256052783527
3249.02 74.66451363054564
3363.28 73.68446833815811
3481.93 73.90652375736214
3604.98 73.02830281945052
3732.42 73.27044421938196
3864.26 73.1583053002561
4000.49 73.3681889965082
4141.11 73.58588185947603
4287.6 73.35729346969838
4438.48 74.010286467336
4595.21 73.68364465110334
4756.35 73.52781301830927
4924.8 73.42193908592853
5097.66 72.49989103918493
5277.83 72.0741481777843
5463.87 71.5312872325394
5657.23 70.98029803599412
5856.45 70.17129615126997
6062.99 69.87785297610587
6276.86 70.18256858963002
6498.05 70.70031234339727
6726.56 71.0953545074604
6963.87 71.4124130166795
7209.96 71.21219198751785
7464.84 70.48694734569106
7727.05 69.8012323157047
7999.51 69.4113701531456
8282.23 69.3070098763046
8573.73 68.91268857012064
8876.95 68.73713118697312
9188.96 67.86197543140848
9514.16 66.79967111760983
9849.61 67.17941617438568
10196.8 67.1561799684453
10555.7 67.60822269799372
10927.7 66.14188382142076
11313.0 64.8312500976025
11712.9 65.76992852141056
12126.0 65.56809871953534
12553.7 65.12997337478971
12996.1 64.84054525582415
13454.6 63.379111905954986
13929.2 62.52929625577089
14419.9 62.88319204562727
14928.2 62.72975182389159
15455.6 59.696428018360805
16000.5 57.02247494262927
16564.5 55.86492392542932
17148.9 54.40293563273089
17752.4 52.113875300044796
18379.4 49.75427718209788
19026.9 48.08203987094005
19697.8 48.57571083908935
19999.5 49.92756216559873
