Freq "Side Wall Bounce"
20.5078 73.37948512109887
21.9727 75.58039005771346
23.4375 78.35606137160624
24.9023 82.57584287254355
26.3672 86.02752932463926
27.832 89.0379009836087
29.2969 91.77082542076789
30.7617 94.39924267592072
32.2266 97.07112162960802
33.6914 99.21767803751791
35.1562 100.84642844120077
36.6211 102.36796136295662
38.0859 103.55003255089994
39.5508 104.51343094426193
41.0156 105.34330290282522
42.4805 106.1353309156479
43.9453 106.72435443386733
45.4102 107.23864267633816
46.875 107.77095969346956
48.3398 108.30855825470462
51.2695 109.16090922141285
52.7344 109.69958255931414
54.1992 110.22656999433312
55.6641 110.65883850497154
58.5938 111.18572677371489
60.0586 111.56051749949233
62.9883 112.14883819301895
64.4531 112.37844281422171
67.3828 112.69492520693235
68.8477 112.91465225273862
71.7773 113.36509813658373
74.707 113.40684797419507
77.6367 113.55845428660874
79.1016 113.80084006598086
82.0312 113.75473986932478
84.9609 113.36275227756492
87.8906 113.75148799200304
90.8203 113.88345048759707
95.2148 113.38012651276833
98.1445 113.45826862578004
101.074 113.7387123530823
105.469 113.1187882237875
108.398 113.37971350675059
112.793 113.38121163572967
117.188 113.42430533286924
120.117 113.35632916698754
124.512 113.17435479766516
128.906 113.03442753410054
133.301 112.95016314449755
139.16 112.84107521570397
143.555 112.77226328764789
147.949 112.66358972050699
153.809 112.52006816437155
159.668 112.38112684876722
165.527 112.42690000699587
171.387 112.23066219548987
177.246 112.03816263025917
183.105 111.82880605016352
188.965 111.71078823947335
196.289 111.56048748865034
203.613 111.33044344434832
210.938 111.2010787535833
218.262 110.98578270555856
225.586 110.80790047531377
232.91 110.6104497470426
241.699 110.33014995637745
250.488 110.1273003838852
259.277 110.37302797750834
268.066 109.96859700384847
276.855 110.05609440290046
287.109 110.02620652274318
297.363 109.60561493104863
307.617 109.33339298035148
319.336 109.37009051641071
329.59 109.18836438139043
341.309 108.83520586199282
353.027 108.54724622905223
366.211 108.0296570078933
379.395 107.57892858251967
392.578 106.7930127632825
405.762 106.13902028284411
420.41 105.9444657511633
435.059 105.65196815050338
451.172 105.71712120495252
465.82 105.57638372030642
483.398 105.61057127054924
499.512 105.40716040780868
517.09 105.27376944864069
536.133 104.47745911773757
555.176 105.10507381751258
574.219 105.05191193220266
594.727 104.45205213391421
615.234 105.14406862352773
637.207 104.92947638684385
659.18 104.06075362785027
682.617 103.94712484516116
707.52 103.82427786657689
732.422 102.07371731427537
757.324 102.64416961009091
785.156 102.6273090655655
811.523 102.5671444053989
840.82 102.94610878055624
870.117 102.76914115024535
900.879 103.1893572499556
933.105 103.31280339960225
965.332 104.36070402357987
1000.49 104.49919364672255
1035.64 104.6865589158899
1072.27 104.87735493042821
1108.89 104.75287665296347
1148.44 104.63404927854356
1189.45 104.88914466517802
1230.47 105.27180607681822
1274.41 105.97747752574766
1319.82 106.72882867229913
1366.7 107.42764242691177
1413.57 107.92743210882402
1463.38 108.16507376384142
1516.11 107.6755735113416
1568.85 107.36450612767864
1624.51 106.99581001223405
1681.64 107.47507201711318
1741.7 107.47022932677557
1803.22 107.1422731118536
1866.21 106.43131407353353
1932.13 105.31468077796174
1999.51 104.68065926319287
2069.82 105.4796702742143
2143.07 105.834141225248
2219.24 104.71685170691146
2296.88 103.03051263798476
2378.91 101.99988959237419
2462.4 104.68150494134687
2548.83 105.92775524356072
2639.65 105.29611185994428
2731.93 104.08045245523115
2828.61 104.20659803476454
2928.22 105.32332137239976
3030.76 106.21180244677919
3137.7 106.32403033025224
3249.02 106.43232793071135
3363.28 106.17261185445963
3481.93 106.52736780932179
3604.98 106.98417122783405
3732.42 107.37338431926337
3864.26 107.36191018768653
4000.49 106.5255875745459
4141.11 106.95807976485867
4287.6 107.52599354523697
4438.48 108.06681966419526
4595.21 107.29837816364774
4756.35 107.15843063527123
4924.8 107.31534404744437
5097.66 108.00957880792187
5277.83 106.68665912767567
5463.87 105.84349236281129
5657.23 105.22472882444804
5856.45 103.83869102218763
6062.99 104.42827203780648
6276.86 105.97164283873526
6498.05 106.87625058233083
6726.56 109.28793660917411
6963.87 110.0761733340324
7209.96 109.40690249440593
7464.84 107.39755394120347
7727.05 106.38492960730329
7999.51 106.08578820980722
8282.23 105.55902120679411
8573.73 106.38431485102178
8876.95 106.78589160099182
9188.96 105.96369057231223
9514.16 104.59478456136922
9849.61 103.4334160628552
10196.8 102.55033119588964
10555.7 101.39751274206621
10927.7 99.79431605171158
11313.0 99.17218647950708
11712.9 99.31929178991007
12126.0 99.5141034827781
12553.7 99.05169664054631
12996.1 97.96089369482584
13454.6 100.61500750013192
13929.2 103.76865994432578
14419.9 104.22578888643173
14928.2 105.39715132312155
15455.6 104.92434458228617
16000.5 103.43716989826245
16564.5 97.66537973593245
17148.9 89.1305403622602
17752.4 83.63067657450006
18379.4 83.67171802276715
19026.9 88.70585976641325
19697.8 91.32660901851555
19999.5 91.96589483748484
