Freq "Listening Window"
20.0 49.95914387651851
20.2909 50.20300748709843
20.586 50.445522531829454
20.8855 50.68695127322643
21.1893 50.927240208908074
21.4975 51.16688804642423
21.8102 51.40630963255079
22.1274 51.64551258757058
22.4492 51.88472099624907
22.7758 52.123589263685275
23.1071 52.36168074812791
23.4432 52.59855787431266
23.7841 52.83466270268015
24.1301 53.06954867213845
24.4811 53.303862937571296
24.8372 53.53775801069162
25.1984 53.771763948392746
25.5649 54.004986211048575
25.9368 54.23787855818961
26.3141 54.46933697825476
26.6968 54.70001958349842
27.0851 54.928942045308304
27.4791 55.157622357693725
27.8788 55.385541470834596
28.2843 55.61325139610001
28.6957 55.84027054568388
29.1131 56.066990090833244
29.5365 56.292594542257504
29.9661 56.51719194651335
30.402 56.74146824117628
30.8442 56.96486369712426
31.2929 57.187943187239014
31.748 57.410456328824495
32.2098 57.63154021660311
32.6783 57.8518308339754
33.1536 58.07125737871516
33.6359 58.28990433229977
34.1251 58.50789327642789
34.6215 58.72488444191646
35.125 58.94100117519709
35.6359 59.15622100930962
36.1543 59.37045833498472
36.6802 59.58335366692528
37.2137 59.7958324884154
37.755 60.007297994073326
38.3041 60.21766963309605
38.8613 60.42670766304826
39.4265 60.63519640917592
40.0 60.842578542418266
40.5818 61.048862256649016
41.1721 61.253917743724614
41.771 61.45820322451071
42.3785 61.66094099862791
42.9949 61.86279869783853
43.6203 62.06343633540712
44.2548 62.26253331702695
44.8985 62.46040400685827
45.5515 62.65716724703253
46.2141 62.85293183665668
46.8863 63.047711903089564
47.5683 63.241046136914505
48.2602 63.433615782199794
48.9621 63.62485052702134
49.6743 63.81499288368596
50.3968 64.00368938815294
51.1299 64.1912905874655
51.8736 64.37745511245328
52.6281 64.56216992306294
53.3936 64.74566884278383
54.1702 64.92816337991407
54.9581 65.10888240720575
55.7575 65.28826946259673
56.5685 65.46666090587141
57.3914 65.64304706687153
58.2261 65.81811253956882
59.073 65.99139028549064
59.9323 66.16323297243638
60.804 66.33307151463588
61.6884 66.500807232313
62.5857 66.66676648043797
63.496 66.83016835411198
64.4196 66.99146111124267
65.3566 67.15020365152947
66.3073 67.30650702849097
67.2717 67.45991868483159
68.2502 67.6111136668532
69.2429 67.75986176421445
70.2501 67.9061707292607
71.2719 68.04981326806413
72.3086 68.19179206841984
73.3603 68.33177455632823
74.4274 68.46975604197779
75.5099 68.60651904223255
76.6083 68.74138830912337
77.7226 68.87448886812471
78.8531 69.00525524018143
80.0 69.13391028654581
81.1636 69.25967925211006
82.3442 69.38322392979681
83.5419 69.50366285985652
84.757 69.62132104881101
85.9899 69.73598330494127
87.2406 69.84786504869494
88.5096 69.95641735620735
89.797 70.06197064237351
91.1031 70.16496392121272
92.4282 70.26518586828433
93.7726 70.36351624094799
95.1366 70.45962630424259
96.5204 70.55462556494909
97.9243 70.64740062542494
99.3486 70.73795332077665
100.794 70.82472859675853
102.26 70.90795167782274
103.747 70.98706040648922
105.256 71.06239486640385
106.787 71.13561592600365
108.34 71.20705984113067
109.916 71.2767271608122
111.515 71.34517134574845
113.137 71.41061391328897
114.783 71.4728385447594
116.452 71.53117020704063
118.146 71.58650367092231
119.865 71.63894701023011
121.608 71.68916677298294
123.377 71.73783423293523
125.171 71.78461248182084
126.992 71.82961408084937
128.839 71.87161198788723
130.713 71.91072309522126
132.615 71.94716800319627
134.543 71.98116643130803
136.5 72.01283246192979
138.486 72.04227651004818
140.5 72.06883367260392
142.544 72.09305401203787
144.617 72.11527758897249
146.721 72.13516680791811
148.855 72.15394637066063
151.02 72.17116703859952
153.217 72.18761246459722
155.445 72.20272263364349
157.706 72.21717079439529
160.0 72.2307260322201
162.327 72.24394732591945
164.688 72.25650847320111
167.084 72.26906271666134
169.514 72.28062232913594
171.98 72.29206591741045
174.481 72.30285113518427
177.019 72.31296398990874
179.594 72.32208109543622
182.206 72.33041947599277
184.856 72.3367612739835
187.545 72.34187901636635
190.273 72.34488596333165
193.041 72.34556419321477
195.849 72.34380016745469
198.697 72.33914968483725
201.587 72.33139135740764
204.52 72.32041221006294
207.494 72.30554800419384
210.512 72.28702567397576
213.574 72.26428052480765
216.681 72.23766114399079
219.833 72.20659525717109
223.03 72.17231814479898
226.274 72.13471609378047
229.565 72.09446043851052
232.905 72.05232340266862
236.292 72.00886500958525
239.729 71.96463610048558
243.216 71.9208651493488
246.754 71.87842671690932
250.343 71.83777671660708
253.984 71.80056826748435
257.678 71.76703242733782
261.426 71.73816046138364
265.229 71.71395191867191
269.087 71.69486389598205
273.001 71.68098225505604
276.972 71.67153614906799
281.0 71.66641974308664
285.088 71.66484883931763
289.234 71.6658130996411
293.441 71.66810081836256
297.709 71.67070502743728
302.04 71.67174036994597
306.433 71.67043567388933
310.89 71.66533092845108
315.412 71.65567238680333
320.0 71.641321934777
324.655 71.6205260930722
329.377 71.59417117676655
334.168 71.5623587196199
339.028 71.52565792079052
343.959 71.48472957734757
348.962 71.44124771232602
354.038 71.39565238861984
359.188 71.35017625358134
364.412 71.30638510359269
369.713 71.2658177101429
375.09 71.23016778067212
380.546 71.20030214817059
386.081 71.17802988661987
391.697 71.16333917007974
397.394 71.15667811951016
403.175 71.15727362373555
409.039 71.16479484256531
414.989 71.17735380023541
421.025 71.19361016153975
427.149 71.21267386883777
433.362 71.23197697194438
439.665 71.25074961536045
446.06 71.26738361062188
452.548 71.28123027507966
459.131 71.29193726231826
465.809 71.29892763266226
472.584 71.30299033024362
479.458 71.30434006813387
486.432 71.30462497993064
493.507 71.3040803146119
500.686 71.30425244871029
507.968 71.30405402656416
515.357 71.30369226921327
522.853 71.301631348421
530.458 71.29644405756692
538.174 71.28590008490619
546.002 71.26813141290515
553.943 71.24225290650602
562.001 71.20827088172102
570.175 71.16741557235498
578.469 71.12267975014832
586.883 71.07798313125734
595.419 71.03830627019329
604.08 71.00800718675823
612.866 70.99032136987937
621.78 70.98725137223043
630.824 70.9968007243804
640.0 71.01596989018876
649.309 71.0393180493253
658.753 71.06317146462288
668.335 71.08340235919108
678.056 71.10021779122178
687.919 71.11702394350802
697.925 71.13812896239527
708.077 71.17013365477806
718.376 71.21704354419501
728.825 71.27989944851538
739.426 71.35420108234702
750.181 71.43271380058127
761.093 71.50527814490327
772.163 71.56336778651745
783.394 71.60204614830266
794.789 71.62170230851741
806.349 71.6267011963241
818.078 71.62487390937045
829.977 71.6234421232906
842.05 71.62751598956037
854.298 71.63926845923457
866.724 71.65698061494068
879.33 71.6793812231258
892.12 71.7051747140849
905.097 71.73525971391702
918.262 71.77060392697875
931.618 71.81298190522652
945.169 71.85915643809402
958.917 71.90206267782271
972.864 71.9310705779735
987.015 71.9359279590137
1001.37 71.91196585598124
1015.94 71.86168421703373
1030.71 71.79485765456135
1045.71 71.72552900899859
1060.92 71.66763123494944
1076.35 71.62866690806247
1092.0 71.61113402968121
1107.89 71.60994992378126
1124.0 71.61712860333743
1140.35 71.62562556224968
1156.94 71.62919006837005
1173.77 71.62399562214948
1190.84 71.61102736285768
1208.16 71.59222289005464
1225.73 71.57300997573465
1243.56 71.55965628883416
1261.65 71.55870719265596
1280.0 71.57268283004335
1298.62 71.60123689699905
1317.51 71.63978096457329
1336.67 71.68087823797767
1356.11 71.71745211105488
1375.84 71.74605526915549
1395.85 71.76460255248675
1416.15 71.77346171059573
1436.75 71.77373263302935
1457.65 71.7672183166748
1478.85 71.75878631138916
1500.36 71.75398964860409
1522.19 71.7584895938432
1544.33 71.77826788779267
1566.79 71.81176916138561
1589.58 71.85701234064126
1612.7 71.90735174741046
1636.16 71.95359436112777
1659.95 71.98652869332237
1684.1 71.99787372355496
1708.6 71.98357463514937
1733.45 71.94479803771978
1758.66 71.88755079179062
1784.24 71.82300538988345
1810.19 71.76126855963402
1836.52 71.70891304101119
1863.24 71.66615093385279
1890.34 71.6281489635608
1917.83 71.59123972245595
1945.73 71.54765773360809
1974.03 71.49341814941488
2002.74 71.42795819275969
2031.87 71.35240800400011
2061.43 71.26603867021534
2091.41 71.16538756989422
2121.83 71.0489231856988
2152.69 70.91943384301786
2184.01 70.78228296654183
2215.77 70.6536478459819
2248.0 70.55532602506337
2280.7 70.5037106583887
2313.87 70.50283232820092
2347.53 70.54474437529846
2381.68 70.60727960943326
2416.32 70.6661414143723
2451.46 70.70712672282345
2487.12 70.72397587877171
2523.3 70.71751462016731
2560.0 70.69545348833323
2597.24 70.66537203128767
2635.01 70.63284533713352
2673.34 70.6038901526793
2712.23 70.5751427588266
2751.68 70.54120233274219
2791.7 70.50086683265285
2832.31 70.44716659317473
2873.5 70.38595679155249
2915.3 70.32960909315092
2957.7 70.28528880787835
3000.72 70.26268813723817
3044.37 70.2626583636252
3088.65 70.27646513457474
3133.58 70.29579013674693
3179.16 70.30375848813566
3225.4 70.28575604570541
3272.31 70.23645793799852
3319.91 70.15754335400102
3368.2 70.06246368385983
3417.19 69.96853025390844
3466.89 69.88709003939856
3517.32 69.81875334445182
3568.48 69.75248439127374
3620.39 69.67306993393038
3673.05 69.58461365749945
3726.47 69.51301085290389
3780.67 69.49771266720278
3835.67 69.57429021082933
3891.46 69.75191487972191
3948.06 70.00040600130053
4005.49 70.26426883893895
4063.75 70.48721651910445
4122.86 70.62751912258642
4182.82 70.66948589934633
4243.66 70.62986406030336
4305.39 70.54264200462289
4368.01 70.4456176607608
4431.55 70.36383678031395
4496.01 70.30242439026794
4561.4 70.26013302548024
4627.75 70.238221821652
4695.06 70.24404601902938
4763.35 70.28532121367984
4832.64 70.3539839461835
4902.93 70.42779202327945
4974.24 70.47704916181141
5046.6 70.47254807252297
5120.0 70.40251343052233
5194.47 70.27765988896327
5270.03 70.12572877710467
5346.68 69.99140953537068
5424.45 69.91622228854669
5503.35 69.92665437739716
5583.4 70.02138220372778
5664.61 70.14246866549023
5747.01 70.18709710621208
5830.6 70.12096381539284
5915.41 69.99505742654594
6001.45 69.86298356792422
6088.74 69.74885213072595
6177.3 69.65928521348269
6267.15 69.59642745311614
6358.31 69.55899453663373
6450.8 69.5403310612885
6544.62 69.53309966975011
6639.82 69.53600065570932
6736.4 69.5470440628406
6834.38 69.56043347179815
6933.79 69.57933910955299
7034.64 69.60857830355482
7136.96 69.64474138248521
7240.77 69.68320407992394
7346.09 69.71331900160857
7452.94 69.72790133898651
7561.35 69.7177073310107
7671.33 69.68007759087807
7782.91 69.62049690673282
7896.12 69.54445006941401
8010.97 69.46774836379939
8127.49 69.40918267722289
8245.71 69.37325015201426
8365.65 69.36088485927037
8487.33 69.36741491017047
8610.78 69.37907556884674
8736.03 69.38112553558284
8863.09 69.35996207962228
8992.01 69.30731534232946
9122.8 69.23066739208085
9255.5 69.14688423210373
9390.12 69.07964424986648
9526.7 69.0668600713911
9665.27 69.122478355198
9805.86 69.21670606939928
9948.49 69.31784548185954
10093.2 69.40887394735226
10240.0 69.4829245349069
10388.9 69.55909863810298
10540.1 69.66077365166548
10693.4 69.78403998532134
10848.9 69.8943644862867
11006.7 69.94831712382667
11166.8 69.91323321535158
11329.2 69.78094685780825
11494.0 69.5776166367523
11661.2 69.35835573091275
11830.8 69.16778773795862
12002.9 69.02613418314931
12177.5 68.93236989245241
12354.6 68.86367757829193
12534.3 68.80877142102067
12716.6 68.77299679728857
12901.6 68.7714880090408
13089.2 68.81384068876635
13279.6 68.89941349088733
13472.8 69.01386884209954
13668.8 69.13060450445461
13867.6 69.21779944686791
14069.3 69.23553531250039
14273.9 69.16365332335188
14481.5 69.00833026774653
14692.2 68.80355895677131
14905.9 68.61092834724789
15122.7 68.48391180459954
15342.7 68.4413580427416
15565.8 68.46945863103656
15792.2 68.52852475814112
16021.9 68.58148902098608
16255.0 68.59773994827903
16491.4 68.55646355532237
16731.3 68.45479127507924
16974.7 68.29814373210702
17221.6 68.10836123173937
17472.1 67.9198917770616
17726.2 67.75434643137218
17984.0 67.62020779074895
18245.6 67.51178387443791
18511.0 67.41885966558725
18780.2 67.34725813780659
19053.4 67.31107128496147
19330.5 67.31529453893857
19611.7 67.36004446231861
19897.0 67.42146578813646
