Freq "Listening Window"
22.4 -3.8466044692235783
23.0 -2.7893805629561115
23.6 -1.2880696190817247
24.0 0.4676306109421233
25.0 2.3371625284452335
25.8 4.208810081835949
26.5 6.065676614118232
27.2 7.965676614118209
28.0 9.825400306401676
29.0 11.72540030640171
30.0 13.588888072890839
30.7 15.477565026308028
31.5 18.07756502630805
32.5 20.198675773262536
33.5 21.763029729699937
34.5 23.670366047781314
35.5 25.623077196628046
36.5 27.588472451692766
37.5 29.585948517893357
38.7 31.52897277121589
40.0 33.450314553599625
41.2 35.32846251922878
42.5 37.17306744033475
43.7 39.07430674188164
45.0 41.363457541142324
46.2 42.99669494574603
47.5 44.48662284444386
48.7 46.165453284457
50.0 47.876050963239294
51.5 49.5760509632393
53.0 51.2760509632393
54.5 52.9760509632393
56.0 55.09741440116994
58.0 56.90746153479462
60.0 58.38488286467026
61.5 59.86218619586539
63.0 61.37303856907826
65.0 62.771781392117404
67.0 64.0271750787776
69.0 65.29341708528442
71.0 66.23786646171881
73.0 66.9271750787776
75.0 67.4604311573518
77.5 67.9159573678733
80.0 68.22718088667371
82.5 68.43863588703935
85.0 68.51621912742002
87.5 68.53863588703935
90.0 68.49342293850157
92.5 68.43863588703935
95.0 68.37128791155293
97.5 68.30496720747082
100.0 68.29342293850158
103.0 68.30496720747082
106.0 68.31621912742
109.0 68.37128791155293
112.0 68.39420027745403
115.0 68.34954719475327
118.0 68.32718682984505
122.0 68.31621912742
125.0 68.34954719475327
128.0 68.47179302310771
132.0 68.63863588703934
136.0 68.79342293850156
140.0 68.87179302310771
145.0 68.74954719475328
150.0 68.4495471947533
155.0 68.0281956900718
160.0 67.5720514389481
165.0 67.32819569007178
170.0 67.25133592452498
175.0 67.25133592452498
180.0 67.33048022106873
185.0 67.43048022106873
190.0 67.57408922037025
195.0 67.75133592452497
200.0 67.896729914533
206.0 67.82995232490677
212.0 67.65281763355542
218.0 67.46447019898166
224.0 67.3851636994814
230.0 67.59621001056081
236.0 67.76323947554296
240.0 67.46326360397154
250.0 66.99751876906355
258.0 66.59977923362715
265.0 66.59977923362715
272.0 67.07688419489179
280.0 67.3879515582009
290.0 67.37609158302647
300.0 67.08741846685719
307.0 66.80800316862616
315.0 66.7622034826873
325.0 66.70571886455355
335.0 66.68464240896223
345.0 66.73244474777441
355.0 66.96720762652738
365.0 67.25582783844783
375.0 67.53297234108128
387.0 67.65334275785129
400.0 67.60774688323444
412.0 67.40648817035331
425.0 67.10648817035332
437.0 66.7416602578367
450.0 66.40222579773172
462.0 66.30647072918852
475.0 66.44225887014635
487.0 66.83079477688139
500.0 67.33935064571892
515.0 67.78414459117646
530.0 67.98574600587952
545.0 67.92949135854984
560.0 67.79744026583379
580.0 67.68759938446291
600.0 67.48458623308777
615.0 67.18550163475341
630.0 66.89052942831765
650.0 66.99052942831766
670.0 67.21756029943766
690.0 66.9818795612074
710.0 66.48081153799744
730.0 66.45553378032541
750.0 66.7357179692617
775.0 66.77673259934059
800.0 66.88055440236245
825.0 67.31380684766926
850.0 67.51885663746762
875.0 67.42812070755035
900.0 67.60313992855728
925.0 67.71604951863151
950.0 67.47662082168087
975.0 67.43527878254223
1000.0 67.06098540220577
1030.0 66.75851736239453
1060.0 66.95781518476197
1090.0 66.52897171474446
1120.0 66.57482047014531
1150.0 66.64307276248792
1180.0 67.16601980109905
1220.0 67.5590252447336
1250.0 67.41501763876322
1280.0 66.87949884666499
1320.0 67.58798383460253
1360.0 68.19450741388103
1400.0 68.76260776687566
1450.0 68.50988987547733
1500.0 68.56678961654102
1550.0 68.64587335038966
1600.0 68.00186185834725
1650.0 68.22352976078095
1700.0 67.94655849705389
1750.0 67.77075932589369
1800.0 68.15546815663983
1850.0 67.80518513872583
1900.0 67.28979445770732
1950.0 66.51821212441254
2000.0 65.83981970283736
2060.0 65.41509092786589
2120.0 65.85897909143706
2180.0 66.56648380432641
2240.0 67.09143124109268
2300.0 67.17770500876924
2360.0 67.76051462250906
2400.0 67.96118630930158
2500.0 67.89894983808234
2580.0 66.8625412368958
2650.0 65.67467496714032
2720.0 64.04377662914766
2800.0 64.10062468386546
2900.0 63.58802611257863
3000.0 63.63213198400199
3070.0 64.93756884369968
3150.0 65.47393690985486
3250.0 65.8339489417493
3350.0 66.32154310257829
3450.0 66.39935658329743
3550.0 65.72321220316364
3650.0 65.66756071668465
3750.0 65.88033173636103
3870.0 66.01356199501221
4000.0 65.23017459473805
4120.0 65.45518805427155
4250.0 65.53173664379376
4370.0 66.08835672644025
4500.0 66.57502314150814
4620.0 66.31120262340413
4750.0 66.19367546968029
4870.0 66.20595152951121
5000.0 66.34882136771131
5150.0 66.89612299091279
5300.0 67.44966963974268
5450.0 68.11776323144846
5600.0 68.50126712830298
5800.0 68.40063674499335
6000.0 68.45375076955531
6150.0 67.97981283407576
6300.0 67.73384999539033
6500.0 67.24442500289975
6700.0 67.09396105244268
6900.0 67.33899182898942
7100.0 67.57443318040734
7300.0 67.45590999162928
7500.0 67.48607765462883
7750.0 66.72610020792878
8000.0 66.13118201918122
8250.0 65.68726519853936
8500.0 66.6892676496055
8750.0 68.95980215756737
9000.0 68.95463254485473
9250.0 68.07374768196267
9500.0 67.64018410492952
9750.0 67.92487604066683
10000.0 68.0155003131372
10300.0 67.71504054329311
10600.0 68.16468502040001
10900.0 67.81349246807993
11200.0 65.91223681909327
11500.0 64.7703046132665
11800.0 66.47003431644262
12200.0 66.21684450858935
12500.0 66.49114317308171
12800.0 65.84454322402101
13200.0 66.39008295851637
13600.0 66.51189596192586
14000.0 66.02666242347179
14500.0 64.88352573862201
15000.0 63.10952235261041
15500.0 64.57888465206045
16000.0 63.53056052838731
16500.0 60.45877211532944
17000.0 67.25756948671075
17500.0 66.23744885959424
18000.0 64.95762033808789
18500.0 66.73576504434172
19000.0 66.6001731743316
19500.0 65.94858500934079
