Freq "Estimated In-Room Response"
23.6 60.08650579160643
24.3 60.111118235142186
25.0 60.13508547160461
25.8 60.16172975913865
26.5 60.18443029475405
27.2 60.206577126930526
28.0 60.23125013934256
29.0 60.26284735315734
30.0 60.298746769118594
30.7 60.32545778945472
31.5 60.35607677128148
32.5 60.39339244120707
33.5 60.42970700977443
34.5 60.46588732386313
35.5 60.50441822345766
36.5 60.54585588569027
37.5 60.58787943830515
38.7 60.637035054905496
40.0 60.689176057012745
41.2 60.738857303184616
42.5 60.79629589277904
43.7 60.849816799874716
45.0 60.90640242617188
46.2 60.9585010020145
47.5 61.016804779329036
48.7 61.0722986712605
50.0 61.132392750421346
51.5 61.20046151042156
53.0 61.26939195927477
54.5 61.34033150892405
56.0 61.411371191363415
58.0 61.504993287975935
60.0 61.600125596714776
61.5 61.671725780150226
63.0 61.74286465105605
65.0 61.8376850546655
67.0 61.93323139632035
69.0 62.028120852686456
71.0 62.1226512549851
73.0 62.21720183959113
75.0 62.311175022596004
77.5 62.427750030265145
80.0 62.54339096866646
82.5 62.65779318736672
85.0 62.7711881278225
87.5 62.88321460977947
90.0 62.99390286467879
92.5 63.10313624227699
95.0 63.21078320709324
97.5 63.31684926670964
100.0 63.42130143444656
103.0 63.54445569358491
106.0 63.6651646424565
109.0 63.78339170654455
112.0 63.8990875240942
115.0 64.01225990585114
118.0 64.1229146210381
122.0 64.26649555538917
125.0 64.37125100037582
128.0 64.47347302876399
132.0 64.60589790365053
136.0 64.73406208183395
140.0 64.85794793668622
145.0 65.00674856472122
150.0 65.14919852938495
155.0 65.28551829876655
160.0 65.4158689909065
165.0 65.54046010314266
170.0 65.65935837952003
175.0 65.77264771730809
180.0 65.88054736561142
185.0 65.9834002824948
190.0 66.0813443152218
195.0 66.17457673128064
200.0 66.26312982959993
206.0 66.36338143595692
212.0 66.45741580007895
218.0 66.54550811665074
224.0 66.62785747501877
230.0 66.70472217664725
236.0 66.77625644732723
243.0 66.8534216962842
250.0 66.9242959948692
258.0 66.99810990030512
265.0 67.05671565313553
272.0 67.11013937082527
280.0 67.16557440927458
290.0 67.22764750231754
300.0 67.28304186991754
307.0 67.31836355524332
315.0 67.35566904394342
325.0 67.3988198349135
335.0 67.43891707233642
345.0 67.47651101082106
355.0 67.51198559461459
365.0 67.54549036529404
375.0 67.57684217521394
387.0 67.61109823959961
400.0 67.64315453182994
412.0 67.66678625396702
425.0 67.68447098158595
437.0 67.6920888542681
450.0 67.68971465541706
462.0 67.67676075436148
475.0 67.65052370922929
487.0 67.61504516113797
500.0 67.5648211765384
515.0 67.49428617910102
530.0 67.41365310860307
545.0 67.32726685514152
560.0 67.24070076154429
580.0 67.13414596217508
600.0 67.04706401985064
615.0 66.99892680210729
630.0 66.96757438815239
650.0 66.9479608692773
670.0 66.9471005959522
690.0 66.9569854639217
710.0 66.96918388722486
730.0 66.97757832933016
750.0 66.97889014611614
775.0 66.97144930611096
800.0 66.95917828379905
825.0 66.94840974042741
850.0 66.94315699790577
875.0 66.94238430770854
900.0 66.94085123826424
925.0 66.93199002780142
950.0 66.91156652412742
975.0 66.87996436692568
1000.0 66.84242650484335
1030.0 66.80004649524572
1060.0 66.76984067170555
1090.0 66.75171794207623
1120.0 66.73376586548001
1150.0 66.69773065859702
1180.0 66.62732389065441
1220.0 66.48077900143761
1250.0 66.34652286523013
1280.0 66.20960781379286
1320.0 66.04742670329428
1360.0 65.90851012939736
1400.0 65.76633091243778
1450.0 65.55539597358289
1500.0 65.32531667714589
1550.0 65.1240525057829
1600.0 64.96241399038317
1650.0 64.80561237584583
1700.0 64.63900483727237
1750.0 64.50097547184774
1800.0 64.43230676301182
1850.0 64.4210329529733
1900.0 64.42700334637925
1950.0 64.44170613151825
2000.0 64.4883068356827
2060.0 64.58981796398442
2120.0 64.70094044526783
2180.0 64.80544760653676
2240.0 64.93303859583101
2300.0 65.09391833078823
2360.0 65.26695378260078
2430.0 65.47756293179471
2500.0 65.7131094884259
2580.0 65.9943932450192
2650.0 66.21769463211366
2720.0 66.4108166610573
2800.0 66.60242182121921
2900.0 66.80607327935114
3000.0 66.94541940718112
3070.0 67.0025483342503
3150.0 67.03516458897056
3250.0 67.04702443060559
3350.0 67.04557630835346
3450.0 67.03654465692281
3550.0 67.01129481214926
3650.0 66.98905738681454
3750.0 66.99718618747255
3870.0 67.05637852844055
4000.0 67.17418024369759
4120.0 67.32106204725442
4250.0 67.50853654369213
4370.0 67.65308501850122
4500.0 67.70843087828835
4620.0 67.66929416900577
4750.0 67.54361656030422
4870.0 67.33935964541772
5000.0 67.0411108766448
5150.0 66.68043125551598
5300.0 66.45522441340138
5450.0 66.43129011439042
5600.0 66.51216255807724
5800.0 66.46083960368436
6000.0 66.15579506572658
6150.0 65.98310641332068
6300.0 65.93482546506934
6500.0 65.94210977049636
6700.0 65.91487405840003
6900.0 65.87893742107761
7100.0 65.82295356677257
7300.0 65.75195186883441
7500.0 65.67268551393572
7750.0 65.47448247287547
8000.0 65.23186506687692
8250.0 65.20198491138503
8500.0 65.1926166213115
8750.0 65.04369773558986
9000.0 64.9848907911586
9250.0 64.93250244599389
9500.0 64.66712830343944
9750.0 64.41344253719812
10000.0 64.28936880436169
10300.0 64.05717014682303
10600.0 63.74279555058304
10900.0 63.52577321333257
11200.0 63.28367207109669
11500.0 63.05420036243562
11800.0 62.96794061208878
12200.0 62.863792870877305
12500.0 62.76840581166262
12800.0 62.686649176936655
13200.0 62.587029412531265
13600.0 62.46815373837812
14000.0 62.33632920452597
14500.0 62.21248959473647
15000.0 62.261790449069935
15500.0 62.22587100500411
16000.0 61.80067219403816
16500.0 61.06610526402312
17000.0 61.15207181662335
17500.0 62.27646836465652
18000.0 62.872931049873046
18500.0 62.69214071337906
19000.0 62.43680492912688
19500.0 62.10147109697242
