Freq "On Axis"
22.4 -14.700000000000017
23.0 -11.799999999999983
23.6 -10.099999999999994
24.0 -8.5
25.0 -6.599999999999994
25.8 -4.400000000000006
26.5 -1.0
27.2 2.5
28.0 4.799999999999983
29.0 6.799999999999983
30.0 7.200000000000017
30.7 7.099999999999994
31.5 7.299999999999983
32.5 7.700000000000017
33.5 10.400000000000006
34.5 13.000000000000028
35.5 15.400000000000006
36.5 16.599999999999994
37.5 18.099999999999994
38.7 19.799999999999983
40.0 21.799999999999983
41.2 23.599999999999994
42.5 24.799999999999983
43.7 26.0
45.0 27.900000000000006
46.2 30.599999999999994
47.5 34.20000000000002
48.7 36.099999999999994
50.0 37.599999999999994
51.5 38.5
53.0 39.79999999999998
54.5 40.900000000000006
56.0 42.79999999999998
58.0 45.70000000000002
60.0 47.599999999999994
61.5 49.0
63.0 50.79999999999998
65.0 52.7
67.0 54.69999999999999
69.0 56.7
71.0 58.900000000000006
73.0 61.0
75.0 62.900000000000006
77.5 64.8
80.0 66.80000000000001
82.5 68.6
85.0 70.5
87.5 72.4
90.0 74.0
92.5 75.4
95.0 76.5
97.5 77.5
100.0 78.20000000000002
103.0 78.7
106.0 79.0
109.0 79.2
112.0 79.1
115.0 79.1
118.0 79.0
122.0 78.8
125.0 78.6
128.0 78.5
132.0 78.4
136.0 78.20000000000002
140.0 78.20000000000002
145.0 78.1
150.0 78.0
155.0 77.9
160.0 77.7
165.0 77.5
170.0 77.19999999999999
175.0 76.80000000000001
180.0 76.4
185.0 76.1
190.0 75.9
195.0 75.6
200.0 75.3
206.0 75.1
212.0 74.9
218.0 74.8
224.0 74.69999999999999
230.0 74.6
236.0 74.6
240.0 74.6
250.0 74.6
258.0 74.69999999999999
265.0 74.6
272.0 74.5
280.0 74.30000000000001
290.0 74.1
300.0 73.9
307.0 73.8
315.0 73.9
325.0 74.1
335.0 74.30000000000001
345.0 74.4
355.0 74.6
365.0 74.6
375.0 74.69999999999999
387.0 74.69999999999999
400.0 74.8
412.0 74.9
425.0 75.0
437.0 75.0
450.0 75.1
462.0 75.0
475.0 74.9
487.0 74.69999999999999
500.0 74.4
515.0 74.1
530.0 73.8
545.0 73.6
560.0 73.7
580.0 74.1
600.0 74.5
615.0 74.9
630.0 75.2
650.0 75.2
670.0 75.0
690.0 74.9
710.0 74.8
730.0 74.9
750.0 75.1
775.0 75.2
800.0 75.2
825.0 75.1
850.0 75.2
875.0 75.5
900.0 75.9
925.0 76.2
950.0 76.5
975.0 76.6
1000.0 76.5
1030.0 76.3
1060.0 76.0
1090.0 76.1
1120.0 76.5
1150.0 77.0
1180.0 77.4
1220.0 77.5
1250.0 77.4
1280.0 77.19999999999999
1320.0 77.0
1360.0 76.80000000000001
1400.0 76.5
1450.0 76.3
1500.0 76.2
1550.0 75.9
1600.0 75.79999999999998
1650.0 75.5
1700.0 75.4
1750.0 75.6
1800.0 75.79999999999998
1850.0 76.1
1900.0 76.2
1950.0 76.3
2000.0 76.3
2060.0 76.1
2120.0 76.1
2180.0 76.2
2240.0 76.4
2300.0 76.4
2360.0 76.5
2400.0 76.7
2500.0 77.3
2580.0 77.8
2650.0 78.1
2720.0 78.1
2800.0 77.8
2900.0 77.5
3000.0 77.3
3070.0 77.19999999999999
3150.0 77.1
3250.0 77.0
3350.0 77.0
3450.0 77.0
3550.0 76.9
3650.0 76.4
3750.0 76.2
3870.0 76.2
4000.0 76.1
4120.0 76.1
4250.0 76.2
4370.0 76.3
4500.0 76.7
4620.0 77.0
4750.0 76.7
4870.0 76.0
5000.0 75.5
5150.0 75.2
5300.0 75.6
5450.0 76.1
5600.0 76.2
5800.0 75.4
6000.0 74.5
6150.0 74.1
6300.0 74.4
6500.0 74.1
6700.0 74.0
6900.0 73.7
7100.0 73.4
7300.0 73.29999999999998
7500.0 73.5
7750.0 73.29999999999998
8000.0 73.20000000000002
8250.0 73.5
8500.0 73.7
8750.0 74.1
9000.0 74.30000000000001
9250.0 74.1
9500.0 74.0
9750.0 73.6
10000.0 73.4
10300.0 73.29999999999998
10600.0 73.1
10900.0 73.4
11200.0 73.6
11500.0 73.4
11800.0 73.7
12200.0 73.8
12500.0 73.6
12800.0 73.5
13200.0 73.1
13600.0 73.1
14000.0 73.20000000000002
14500.0 73.1
15000.0 72.6
15500.0 72.3
16000.0 72.5
16500.0 72.9
17000.0 73.4
17500.0 73.1
18000.0 72.7
18500.0 71.6
19000.0 71.0
19500.0 69.8
