Freq "Sound Power DI"
20.0 30.896895735011697
20.2909 30.900329599787938
20.586 30.903765326546647
20.8855 30.90826619607475
21.1893 30.912510523487413
21.4975 30.91714526376842
21.8102 30.92132108033431
22.1274 30.92550673826574
22.4492 30.929641651486747
22.7758 30.93309937950326
23.1071 30.93594850060302
23.4432 30.937979568019756
23.7841 30.938905487330686
24.1301 30.938815147752933
24.4811 30.93728817096303
24.8372 30.935208899963186
25.1984 30.93181514261994
25.5649 30.92723428596645
25.9368 30.922663785386277
26.3141 30.9174673290006
26.6968 30.912015016090464
27.0851 30.907347102164323
27.4791 30.902393893923033
27.8788 30.898664607019953
28.2843 30.896487499595878
28.6957 30.895604703300734
29.1131 30.89612563689562
29.5365 30.898409514013252
29.9661 30.9020954303017
30.402 30.907850326206443
30.8442 30.914519131372202
31.2929 30.92257837715087
31.748 30.93070135631345
32.2098 30.9389597073924
32.6783 30.946508430103933
33.1536 30.95325692989718
33.6359 30.95839399519741
34.1251 30.96203312631269
34.6215 30.963747737490976
35.125 30.964341777786274
35.6359 30.963082120799584
36.1543 30.96068737541509
36.6802 30.95742583644089
37.2137 30.953687390817734
37.755 30.950265004767815
38.3041 30.947019799603893
38.8613 30.944454658926404
39.4265 30.942963388341184
40.0 30.941806010148937
40.5818 30.94121997654696
41.1721 30.940673810679087
41.771 30.940488942443892
42.3785 30.938835912867802
42.9949 30.937329804732144
43.6203 30.935200939808837
44.2548 30.931872818186832
44.8985 30.929218639957185
45.5515 30.927070773665548
46.2141 30.925624601365612
46.8863 30.926023600710636
47.5683 30.92837905810306
48.2602 30.93259576926421
48.9621 30.937466362912588
49.6743 30.943123891849055
50.3968 30.94879476849104
51.1299 30.95275134388787
51.8736 30.954136671165458
52.6281 30.953490336642503
53.3936 30.949796161800293
54.1702 30.944751141291007
54.9581 30.938575074860566
55.7575 30.93359439033388
56.5685 30.930351100424318
57.3914 30.93075546013874
58.2261 30.93465863531688
59.073 30.942474547337326
59.9323 30.951754625624417
60.804 30.96140204439328
61.6884 30.96858908189475
62.5857 30.973454290578474
63.496 30.973898753816258
64.4196 30.97076208180397
65.3566 30.965432915656407
66.3073 30.959989193117252
67.2717 30.95549452769579
68.2502 30.95385631792894
69.2429 30.95522502248795
70.2501 30.958610855466503
71.2719 30.9629859971881
72.3086 30.966930362256548
73.3603 30.969390249902588
74.4274 30.970802284207778
75.5099 30.97248037502436
76.6083 30.975097855258085
77.7226 30.98007534159558
78.8531 30.986537768496547
80.0 30.993213566330027
81.1636 30.996394151679866
82.3442 30.99490871134185
83.5419 30.987110890502535
84.757 30.97480643387415
85.9899 30.959981983699606
87.2406 30.946843939171174
88.5096 30.93756997555272
89.797 30.934159117536126
91.1031 30.936668746086667
92.4282 30.94364691814097
93.7726 30.95384677690393
95.1366 30.964320116807244
96.5204 30.97156514082343
97.9243 30.97275832132088
99.3486 30.96619728392662
100.794 30.953487698269228
102.26 30.94129978570477
103.747 30.935200962557673
105.256 30.93813174270113
106.787 30.947858163730075
108.34 30.955952583633362
109.916 30.95734969183296
111.515 30.950206955592364
113.137 30.940250340221013
114.783 30.933357307094298
116.452 30.93169091599667
118.146 30.93217000449887
119.865 30.931748202209562
121.608 30.929399491703123
123.377 30.927466835858894
125.171 30.927699706205644
126.992 30.92964766006014
128.839 30.929954856114264
130.713 30.927949071713115
132.615 30.925027025877966
134.543 30.92183088239524
136.5 30.919939044073686
138.486 30.920059570889904
140.5 30.921520140551166
142.544 30.923712596623176
144.617 30.923377593132585
146.721 30.92069841432874
148.855 30.918305175944425
151.02 30.917969556917413
153.217 30.91860520888295
155.445 30.917614586446234
157.706 30.9159862355518
160.0 30.914461612319684
162.327 30.913464328754117
164.688 30.913649209898026
167.084 30.915494820960276
169.514 30.917447375950914
171.98 30.914974020847865
174.481 30.911022619895974
177.019 30.910850356452357
179.594 30.913843836522688
182.206 30.91413187885071
184.856 30.9061003138968
187.545 30.899761859428082
190.273 30.90373133421386
193.041 30.91080321376458
195.849 30.906725189371954
198.697 30.89920642028106
201.587 30.90251673323405
204.52 30.910435055071957
207.494 30.91226685751643
210.512 30.913200164844497
213.574 30.91255136189318
216.681 30.908853649006545
219.833 30.910185961028986
223.03 30.916636208153108
226.274 30.919696035762982
229.565 30.921539885845036
232.905 30.922349691519386
236.292 30.921524824462182
239.729 30.922850113312847
243.216 30.924555687472804
246.754 30.92957176069997
250.343 30.93527109651764
253.984 30.93611017857917
257.678 30.942887579431186
261.426 30.955267825147985
265.229 30.959009209033496
269.087 30.96295347275516
273.001 30.973545494551146
276.972 30.981536526753587
281.0 30.992604793431397
285.088 31.005071859954057
289.234 31.017713830292422
293.441 31.03839206841633
297.709 31.05626768072213
302.04 31.0827087577467
306.433 31.110406409398095
310.89 31.136312149489356
315.412 31.164470030853536
320.0 31.20186103320036
324.655 31.247792053557276
329.377 31.291783574017927
334.168 31.352112638708874
339.028 31.41035872433308
343.959 31.482527017281342
348.962 31.554299497004138
354.038 31.635900637819674
359.188 31.726272622711434
364.412 31.814676191919048
369.713 31.91071607552567
375.09 32.01447797853761
380.546 32.11173256572603
386.081 32.20427370718531
391.697 32.29757740599648
397.394 32.386439182087315
403.175 32.44808251113642
409.039 32.51057663677945
414.989 32.558491729053344
421.025 32.59333754391169
427.149 32.61714612180502
433.362 32.632582337496814
439.665 32.64361513873422
446.06 32.653402348607926
452.548 32.65523475988937
459.131 32.65633137369723
465.809 32.664784831762404
472.584 32.67017359209528
479.458 32.6774391111809
486.432 32.67827854194347
493.507 32.69212650836238
500.686 32.71092687611798
507.968 32.74060520123216
515.357 32.781098025632645
522.853 32.82265159071251
530.458 32.86940038851783
538.174 32.929690753944655
546.002 32.99762688719504
553.943 33.07547777671847
562.001 33.15336578029509
570.175 33.240780426664045
578.469 33.32334334336282
586.883 33.40488451401218
595.419 33.46886321162883
604.08 33.51910665129897
612.866 33.54206946789769
621.78 33.53597524535732
630.824 33.49350708779566
640.0 33.41416672883243
649.309 33.30236608302985
658.753 33.15323731160139
668.335 32.9777859815958
678.056 32.771684233836126
687.919 32.550206114328134
697.925 32.314798711352125
708.077 32.083713792880246
718.376 31.855101657084546
728.825 31.63484029549926
739.426 31.43617703710177
750.181 31.257746076708557
761.093 31.115246739297547
772.163 31.017845134381474
783.394 30.971285486811283
794.789 30.982358793191096
806.349 31.04370909798105
818.078 31.17572392318202
829.977 31.367992181153568
842.05 31.606438882607222
854.298 31.883291321172294
866.724 32.18994716272613
879.33 32.52278487810307
892.12 32.85007808009985
905.097 33.16291303942661
918.262 33.451711553220264
931.618 33.68850262983037
945.169 33.87670137679912
958.917 34.010164907885326
972.864 34.08379530382906
987.015 34.11181141518962
1001.37 34.11348436512151
1015.94 34.093644317462775
1030.71 34.083019756215535
1045.71 34.08729131617092
1060.92 34.11247190308299
1076.35 34.170292062258525
1092.0 34.2611683377592
1107.89 34.38154310876362
1124.0 34.52579787479873
1140.35 34.691707427955365
1156.94 34.8666716797607
1173.77 35.03835135061725
1190.84 35.192944152240756
1208.16 35.31789739178768
1225.73 35.40014704401894
1243.56 35.44245772874132
1261.65 35.446954840329624
1280.0 35.42530420684015
1298.62 35.39674798451591
1317.51 35.370039188353005
1336.67 35.34920888566988
1356.11 35.34324297251898
1375.84 35.3510635598755
1395.85 35.36207350337234
1416.15 35.376540241069506
1436.75 35.3883028463203
1457.65 35.403802470401104
1478.85 35.427732368397244
1500.36 35.47310801949166
1522.19 35.54944951580178
1544.33 35.65876421801451
1566.79 35.80494948126177
1589.58 35.97651126006059
1612.7 36.15032551784522
1636.16 36.30310840827052
1659.95 36.40471255425096
1684.1 36.450477013072344
1708.6 36.458843039103115
1733.45 36.45748501573769
1758.66 36.489697329961615
1784.24 36.57885913559177
1810.19 36.72865461305936
1836.52 36.929394277877265
1863.24 37.14641317604254
1890.34 37.32930516561946
1917.83 37.440671997700576
1945.73 37.48168410747661
1974.03 37.47525228145494
2002.74 37.46962631855685
2031.87 37.49931635829972
2061.43 37.57703523381116
2091.41 37.677674310403916
2121.83 37.77124226758467
2152.69 37.83474504859285
2184.01 37.881025919850714
2215.77 37.93155684549893
2248.0 37.99038390830633
2280.7 38.03700358544515
2313.87 38.03339393280922
2347.53 37.95629184632442
2381.68 37.82267957809299
2416.32 37.66882637475702
2451.46 37.54682561968144
2487.12 37.48758157081717
2523.3 37.50291602217864
2560.0 37.567333260976696
2597.24 37.650831500961786
2635.01 37.72887982298808
2673.34 37.77347214891698
2712.23 37.76513790329058
2751.68 37.71312131848315
2791.7 37.64997995896378
2832.31 37.606570745785575
2873.5 37.585962165157184
2915.3 37.554963718115914
2957.7 37.47017129193924
3000.72 37.33011590670807
3044.37 37.18558498993296
3088.65 37.07725893703257
3133.58 37.00580497059505
3179.16 36.93218088253208
3225.4 36.83340258695357
3272.31 36.71601099280278
3319.91 36.60159216801385
3368.2 36.48960573554322
3417.19 36.356810323982856
3466.89 36.200326813862176
3517.32 36.041731899390015
3568.48 35.91591561908284
3620.39 35.858155383284895
3673.05 35.86571249080427
3726.47 35.913609867892504
3780.67 35.970449130740505
3835.67 36.03708390893132
3891.46 36.1227821219959
3948.06 36.205589092952465
4005.49 36.257456008003814
4063.75 36.27151103478781
4122.86 36.25655542811627
4182.82 36.1957813512781
4243.66 36.06058739196804
4305.39 35.872842422106444
4368.01 35.69509367384964
4431.55 35.59143026141359
4496.01 35.56066402506008
4561.4 35.566525724396286
4627.75 35.615936697691694
4695.06 35.756001609687814
4763.35 35.9391547103221
4832.64 36.080582045888335
4902.93 36.20447245324593
4974.24 36.3407476084148
5046.6 36.43084444144033
5120.0 36.47634973909878
5194.47 36.53912513531648
5270.03 36.59000712959221
5346.68 36.59599906828822
5424.45 36.581933864147445
5503.35 36.546392783537286
5583.4 36.507273257310146
5664.61 36.51509086258184
5747.01 36.548864399084465
5830.6 36.59088537593588
5915.41 36.63932377367378
6001.45 36.694062959018666
6088.74 36.75117414863132
6177.3 36.790605420019205
6267.15 36.842011806348296
6358.31 36.887377620248884
6450.8 36.93702012786899
6544.62 36.989810886263854
6639.82 37.01004642124941
6736.4 37.00324714820333
6834.38 36.93775215224106
6933.79 36.92309692782109
7034.64 37.0596777117576
7136.96 37.34117149261597
7240.77 37.60142226593727
7346.09 37.82222674741328
7452.94 37.98864189704335
7561.35 38.09540516644776
7671.33 38.086960023804224
7782.91 37.97569844063588
7896.12 37.82708383894288
8010.97 37.78495702771423
8127.49 37.83779266571926
8245.71 37.82515430912734
8365.65 37.71048132139106
8487.33 37.513244325006326
8610.78 37.29557698057445
8736.03 36.98189372026407
8863.09 36.7913744717313
8992.01 37.13789190148577
9122.8 37.84563828047476
9255.5 38.5098801081175
9390.12 38.97105303368819
9526.7 39.25478329729896
9665.27 39.455782652425015
9805.86 39.62117727881596
9948.49 39.73003027673276
10093.2 39.78458275894617
10240.0 39.774901403217584
10388.9 39.704388628138645
10540.1 39.62986756552773
10693.4 39.52831460063183
10848.9 39.50124936343592
11006.7 39.67048439958046
11166.8 39.87098413684387
11329.2 39.99326229690119
11494.0 40.00634497880854
11661.2 39.93397000598699
11830.8 39.77232429369242
12002.9 39.50881525336948
12177.5 39.20451760696331
12354.6 38.95166293595295
12534.3 38.73240857863266
12716.6 38.49846968673705
12901.6 38.261354003983854
13089.2 38.12442290264299
13279.6 38.14543389260106
13472.8 38.32093424482203
13668.8 38.58367042595195
13867.6 38.81609862610348
14069.3 39.010241278373215
14273.9 39.18577348345674
14481.5 39.26199465003333
14692.2 39.16547002672013
14905.9 39.02632464856519
15122.7 38.95319624736376
15342.7 39.03243395259
15565.8 39.310451383608935
15792.2 39.65862211000315
16021.9 39.87013706276642
16255.0 39.92222554143383
16491.4 39.93268868093726
16731.3 40.01073182726732
16974.7 40.109694003705016
17221.6 40.17263778076665
17472.1 40.1654894330572
17726.2 40.07731565274203
17984.0 39.93608945957402
18245.6 39.80416681054746
18511.0 39.727905235436054
18780.2 39.76710941447861
19053.4 39.92206659513964
19330.5 40.16395921764976
19611.7 40.44856761971832
19897.0 40.74559922377236
