Freq "Side Wall Bounce"
20.5078 44.11670964758777
21.9727 44.174497479333255
23.4375 44.84036035293964
24.9023 47.033077468940675
26.3672 46.459796780489555
27.832 51.172923544636134
29.2969 51.52455764877179
30.7617 51.88442171410087
32.2266 53.86204330824653
33.6914 55.32729190326232
35.1562 56.807737303035026
36.6211 58.200280262566665
38.0859 59.88921893348872
39.5508 60.64906245113495
41.0156 62.0965400425665
42.4805 62.028680589023324
43.9453 63.52672145747819
45.4102 64.82627881948493
46.875 66.17828575757461
48.3398 67.23644503254006
51.2695 69.49494629435142
52.7344 70.64608314723135
54.1992 71.67084659458884
55.6641 72.65754034417255
58.5938 74.5245336221291
60.0586 75.30841078491092
62.9883 76.40181605795719
64.4531 76.75571991575735
67.3828 77.17888712391162
68.8477 77.298128803425
71.7773 77.32986144925454
74.707 77.20367854067233
77.6367 77.04042577396702
79.1016 76.92873146567133
82.0312 76.79977769105906
84.9609 76.76422621811116
87.8906 76.67277252354468
90.8203 76.64066747283896
95.2148 76.50661857553749
98.1445 76.65587901433953
101.074 76.72595556846784
105.469 76.78880105185155
108.398 76.79980321365234
112.793 76.85979775852208
117.188 77.10043868866957
120.117 77.16162801027225
124.512 77.16715948012319
128.906 77.43070732452436
133.301 77.79569179283253
139.16 78.04692016788543
143.555 78.14720512226816
147.949 78.41747169842455
153.809 78.63418970071798
159.668 78.7630799286831
165.527 79.17112782551212
171.387 79.33166233250186
177.246 79.46037745380862
183.105 79.68561188589227
188.965 79.96400884151
196.289 79.9047658936563
203.613 79.20500455960082
210.938 79.5864086751462
218.262 79.66028976276924
225.586 79.80705936654064
232.91 79.63825851681555
241.699 79.81565391505922
250.488 80.97151479003554
259.277 79.59533996869735
268.066 78.44153906972079
276.855 77.71149653636007
287.109 77.6409837797177
297.363 77.17664266044369
307.617 76.78228928162396
319.336 76.02493164259391
329.59 75.78654409737388
341.309 75.39675590661314
353.027 75.07770646949773
366.211 74.44541729406188
379.395 74.06363441186568
392.578 73.42591257262367
405.762 73.06356062888442
420.41 72.70956059285498
435.059 71.88259898938885
451.172 70.98452165905603
465.82 70.63452094044523
483.398 70.40645249239991
499.512 68.84036109829754
517.09 67.531759866836
536.133 67.33671004167356
555.176 66.49792006123863
574.219 65.2547617053096
594.727 65.0924577889902
615.234 64.07082242431768
637.207 64.0725203210157
659.18 62.37009056328348
682.617 62.988812426719946
707.52 64.5413375055838
732.422 63.82323608207345
757.324 65.70845544498086
785.156 66.53530335989954
811.523 68.82060550782462
840.82 70.2936819061377
870.117 71.15998614243743
900.879 72.1029594685871
933.105 74.48201139877658
965.332 75.03781475726515
1000.49 76.06517908141718
1035.64 76.17420048643706
1072.27 74.86543005619222
1108.89 74.42027610586013
1148.44 74.05672731748314
1189.45 71.14313152042985
1230.47 71.85245868505913
1274.41 70.28756177373711
1319.82 69.57238852953982
1366.7 70.9367459062672
1413.57 71.25400847569337
1463.38 71.59069441139663
1516.11 73.17727229728767
1568.85 73.70428227983335
1624.51 75.17748766789423
1681.64 76.2525336504247
1741.7 78.0860400360322
1803.22 78.33419986034134
1866.21 79.02527553447958
1932.13 79.89103387159088
1999.51 81.31648995916987
2069.82 82.41447597365263
2143.07 82.26016175411037
2219.24 80.78367546073676
2296.88 80.43979941273736
2378.91 81.72412652406798
2462.4 83.08595759098812
2548.83 82.73313941688416
2639.65 81.96611800431957
2731.93 81.3348664341533
2828.61 81.57655698075081
2928.22 82.03623991441835
3030.76 82.33483944431417
3137.7 82.26163548530141
3249.02 81.58536776623124
3363.28 81.69507489620464
3481.93 81.60102898440529
3604.98 82.07867383039013
3732.42 82.91843776602764
3864.26 82.03126828359234
4000.49 81.45075011539053
4141.11 82.27754627149353
4287.6 81.4633127014166
4438.48 81.64005943302884
4595.21 81.30266032277898
4756.35 82.07144749102318
4924.8 82.66625444498706
5097.66 82.2267482956287
5277.83 82.30881028083921
5463.87 82.74631763824739
5657.23 83.09545848772872
5856.45 82.94745703006616
6062.99 83.2824553639921
6276.86 83.12153069074358
6498.05 83.42345202866032
6726.56 83.09580669540654
6963.87 82.21827141051368
7209.96 83.2144032668848
7464.84 83.35283387261012
7727.05 82.94514946107832
7999.51 82.89954522860522
8282.23 82.97235071825993
8573.73 82.75895731311878
8876.95 82.07638752574438
9188.96 81.6711018034332
9514.16 81.29646645279239
9849.61 81.0213467686984
10196.8 80.94360266527933
10555.7 80.32082380128428
10927.7 79.66886190229606
11313.0 79.02682560937214
11712.9 78.0703445557958
12126.0 77.50371903991262
12553.7 77.47145205339027
12996.1 77.57070461179066
13454.6 78.01369393678083
13929.2 77.61661045203776
14419.9 79.34243762631014
14928.2 79.80672913216559
15455.6 79.53886887601203
16000.5 78.73674650432196
16564.5 77.67535287256206
17148.9 78.23436493408194
17752.4 79.43978002417641
18379.4 79.73965209223383
19026.9 79.37260621518786
19697.8 78.80233828194304
19999.5 78.630930138903
