Freq "Sound Power DI"
20.5078 41.62583381357575
21.9727 37.418056918605174
23.4375 41.48225800030579
24.9023 36.649769536794395
26.3672 38.74115733908198
27.832 37.932102944042754
29.2969 38.980935823041676
30.7617 39.126959496298355
32.2266 39.201628655996544
33.6914 39.32175531831096
35.1562 39.63214296513199
36.6211 39.653080606401204
38.0859 39.650989322504785
39.5508 39.597592453249504
41.0156 39.64637889056267
42.4805 39.7365118271788
43.9453 39.76111502990902
45.4102 39.69783890536428
46.875 39.56672103867564
48.3398 39.87934493018268
51.2695 40.181726174975836
52.7344 40.01196905279258
54.1992 39.963106698624046
55.6641 40.04710483426838
58.5938 39.92961937162056
60.0586 40.184232818648866
62.9883 40.28851450810407
64.4531 40.19501266291735
67.3828 40.01299723686621
68.8477 40.04735033578946
71.7773 39.880184811283755
74.707 40.0074729713936
77.6367 40.05796342618282
79.1016 40.21040472031979
82.0312 40.41679830048702
84.9609 40.187800657539995
87.8906 40.43991443993579
90.8203 40.38692484083664
95.2148 39.994783845051614
98.1445 40.1957342790208
101.074 40.082006520213156
105.469 40.34806582593575
108.398 40.47561237483622
112.793 40.487795544803234
117.188 40.647524068197924
120.117 40.63484497638163
124.512 40.39436031441312
128.906 40.42017431800217
133.301 40.43240010988475
139.16 40.40506055196457
143.555 40.40225222251976
147.949 40.501112808696305
153.809 40.52944569013195
159.668 40.45558597980762
165.527 40.41128060385583
171.387 40.679949181116015
177.246 40.64197090157329
183.105 40.623358935649335
188.965 40.63280143234249
196.289 40.796947229768634
203.613 40.797472469238144
210.938 40.75313509420903
218.262 40.67864958462687
225.586 40.84958870520383
232.91 41.02404319498871
241.699 40.99706744015431
250.488 41.18200743595587
259.277 41.28674884633
268.066 41.30068835720104
276.855 41.38827230852763
287.109 41.26568086544499
297.363 41.59205741301919
307.617 41.47979548210981
319.336 41.798926091865155
329.59 41.7407462007441
341.309 41.71644188104227
353.027 41.91404331006453
366.211 41.604028148318335
379.395 41.546326299892186
392.578 41.93514769171881
405.762 42.36990312899307
420.41 42.69198545881659
435.059 42.70498536965515
451.172 43.29541972545748
465.82 43.054738062008795
483.398 43.076576104258066
499.512 42.86428896990026
517.09 43.11546651094632
536.133 43.46706604398901
555.176 43.3111083120242
574.219 43.08934728444922
594.727 43.31427363107372
615.234 43.5280048283265
637.207 43.21534771916184
659.18 43.477817176581596
682.617 43.40035151527748
707.52 43.45467120387475
732.422 43.68257535856954
757.324 43.49074061852639
785.156 43.55669809210249
811.523 43.93598107564624
840.82 43.93686563305346
870.117 44.4859743593377
900.879 44.598168638644225
933.105 44.56383097677235
965.332 45.043192843360174
1000.49 45.06336053348453
1035.64 45.35077682352053
1072.27 45.08002453570697
1108.89 44.90971108361872
1148.44 45.134715406300415
1189.45 45.841816305718126
1230.47 45.624824383105704
1274.41 45.73730469297672
1319.82 45.98722852793914
1366.7 46.17079339394151
1413.57 46.10301882859109
1463.38 46.06058083823882
1516.11 46.13924091348514
1568.85 46.17477249313846
1624.51 46.730617014925755
1681.64 46.959687846375274
1741.7 47.30259803083764
1803.22 47.458199520523806
1866.21 47.55647908538356
1932.13 47.669883828222595
1999.51 47.77710479272166
2069.82 47.82139162224239
2143.07 47.94028515490592
2219.24 47.752000857461525
2296.88 47.356209207296104
2378.91 47.1054868151854
2462.4 47.05982322525978
2548.83 46.935203422979995
2639.65 46.08717647858954
2731.93 45.560020707369176
2828.61 45.64721657791358
2928.22 45.7750482499807
3030.76 45.89758031965971
3137.7 45.52616243181825
3249.02 44.853558314244964
3363.28 44.61283632540071
3481.93 44.637811691743025
3604.98 44.66403602845081
3732.42 45.31671869100465
3864.26 44.96258204687538
4000.49 44.45810354395236
4141.11 44.63891237888217
4287.6 43.899204473416674
4438.48 43.88520165123859
4595.21 44.44029637929536
4756.35 44.376975354541116
4924.8 44.868443515307746
5097.66 45.62078841043014
5277.83 45.522585415056966
5463.87 45.22550308218142
5657.23 45.619599109370114
5856.45 45.33852743373103
6062.99 45.26454822387535
6276.86 45.53894720773749
6498.05 45.759736696627485
6726.56 45.81245892359277
6963.87 45.94206115651801
7209.96 46.42278355745488
7464.84 46.73612400808169
7727.05 46.69908235540029
7999.51 46.96355949064073
8282.23 47.2764805682085
8573.73 47.30124010419608
8876.95 47.68297752820527
9188.96 47.89499677462322
9514.16 48.132218104471576
9849.61 48.13744562747762
10196.8 48.35418998798042
10555.7 48.33083809392889
10927.7 48.371332696739174
11313.0 48.598261823856134
11712.9 48.88365479508728
12126.0 48.988973048336845
12553.7 49.115295758626914
12996.1 49.25090434307066
13454.6 49.23407803028705
13929.2 49.25327615974766
14419.9 49.112738760686554
14928.2 49.08080375455006
15455.6 49.063166266585995
16000.5 49.291617254913305
16564.5 49.25750661715442
17148.9 49.1344426433586
17752.4 49.07067028903603
18379.4 48.97326994543778
19026.9 48.86755021142123
19697.8 48.82472583127979
19999.5 48.87817475877692
