Freq "Ceiling Bounce"
20.5078 60.31755608791947
21.2402 60.0399484606816
21.9727 61.43783367622375
22.7051 62.62134879885669
23.4375 64.68228956547038
24.1699 65.02315652747815
25.6348 66.90604232243543
26.3672 67.80143639026326
27.0996 69.2281708900616
27.832 70.21389553770406
29.2969 71.95652562261249
30.0293 72.92002446347495
31.4941 74.74680474365972
32.2266 75.56665537865506
33.6914 77.17212364443354
34.4238 77.85840425820726
35.8887 78.9014955119634
37.3535 79.81470347940562
38.8184 80.68160440622812
39.5508 80.92862678123018
41.0156 81.39619496378774
42.4805 81.72262934133519
43.9453 81.9087468071594
45.4102 82.01250617154616
47.6074 82.04471123750325
49.0723 82.1615547063683
50.5371 82.27400193406667
52.7344 82.29925484895139
54.1992 82.24334315147227
56.3965 82.56561741426606
58.5938 82.70017453292961
60.0586 82.71000339126151
62.2559 83.0962814298647
64.4531 83.09578754474208
66.6504 83.45222093079417
69.5801 83.5954759672948
71.7773 83.52566641433182
73.9746 83.62221446209988
76.9043 84.2753841369382
79.834 84.45256514374121
82.7637 84.69377426813047
85.6934 84.96774423621123
88.623 85.09000181639645
91.5527 85.71633795302566
94.4824 86.11208294926068
98.1445 86.44662489442734
101.807 86.5823231395553
105.469 86.77710796601873
109.131 86.47729390800323
112.793 86.2464448177471
116.455 86.21804376258962
120.85 86.28709879830036
125.244 86.59315717302475
129.639 87.04228082501015
134.033 86.4690941557398
138.428 86.19444984069945
143.555 86.36158012056573
148.682 86.62100942887403
153.809 86.73464781338232
159.668 86.49033604969314
164.795 86.31308208971517
170.654 86.77282331300923
176.514 86.89232210217706
183.105 86.6773425899606
189.697 87.26935832628993
196.289 87.35915581456015
202.881 86.61885216393549
210.205 86.58042521065668
217.529 86.84421641443687
225.586 86.78059440912052
232.91 86.652141681509
241.699 85.28916299891625
249.756 85.78772829614391
258.545 86.44790794028084
268.066 86.43641299623592
277.588 85.68047990928454
287.109 85.96736549472932
297.363 85.61584641256196
307.617 86.02007170125422
318.604 85.55180658446534
329.59 85.6012079090648
341.309 85.75252365229713
353.76 85.40204359247343
366.211 85.3316321092208
378.662 85.59012275395595
392.578 84.72141286101736
405.762 84.10226814838445
420.41 84.08566380526321
435.059 83.93409224285891
450.439 84.0662217955376
466.553 83.32397764130224
482.666 83.16578014038245
500.244 83.26792468541034
517.822 81.97719117095654
536.133 83.62485575432194
554.443 82.54780607045113
574.219 83.43527922314206
594.727 84.09020623843897
615.234 83.78157148796042
637.207 84.16366410563921
659.912 84.16768937866878
683.35 84.60933819643786
706.787 84.35719324654217
731.689 84.7519807529101
758.057 84.86612834079021
784.424 85.2035477912765
812.256 85.25041480581721
840.82 85.19379409909722
870.85 84.78055546160205
901.611 85.4601343867834
933.105 84.54195407302898
966.064 84.28153053804748
999.756 84.31380110041682
1034.91 84.17928470618398
1071.53 83.83071672552357
1109.62 85.5128596153784
1148.44 85.00049035961244
1189.45 85.10720159892625
1231.2 85.0960730772879
1274.41 85.40500470033744
1319.82 85.58157888065871
1365.97 84.55954531052883
1414.31 85.60154999386391
1464.11 84.1413154931073
1515.38 85.60968834371009
1568.85 85.39657044887588
1624.51 84.81378478457047
1681.64 85.06640493660542
1740.97 84.96175819350238
1802.49 84.15444727532335
1866.21 84.39900683137769
1932.13 83.01457560626699
2000.24 82.23310415536868
2070.56 80.88666130421346
2143.8 81.69013526723123
2219.24 81.12555663625321
2297.61 80.39397804035305
2378.17 80.8606542231304
2462.4 81.2237891946589
2548.83 82.55584883452316
2638.92 82.4445141482063
2731.93 82.20866130760719
2828.61 83.05762309539757
2928.22 84.01972745750128
3031.49 84.25839577345808
3138.43 84.0648129829844
3249.02 85.30556462856165
3363.28 85.9293784103525
3481.93 85.86538358482355
3604.98 86.01830588965049
3732.42 86.10912896474643
3863.53 85.57444050270557
3999.76 85.28722865674834
4141.11 85.60131524679313
4286.87 85.1836284122952
4438.48 85.57571551445395
4594.48 85.76892932336978
4757.08 85.65068184522593
4924.8 85.21983963586284
5098.39 85.20649186104386
5277.83 84.81541602428082
5463.87 85.35026636211074
5656.49 85.26430209394961
5856.45 84.99105439182968
6062.99 85.56237999287801
6276.86 85.22072201871939
6498.05 85.43940551918469
6727.29 84.76910862863896
6964.6 84.43424302378254
7209.96 84.48468495696686
7464.11 84.21790189399975
7727.78 83.78365998750864
8000.24 83.65004344259533
8282.23 83.1329622256848
8574.46 82.46305859054563
8876.22 81.79010486690159
9189.7 81.4459028361714
9513.43 81.23760871865606
9848.88 81.3007629517735
10196.8 81.32466707060301
10556.4 81.10595416433553
10928.5 80.4592626554061
11313.7 79.60663743350756
11712.9 78.67577293459928
12126.0 78.06475212200067
12553.7 76.86112674307286
12996.1 75.54962217257615
13454.6 73.70414075185163
13928.5 71.2943104842393
14419.9 70.13937917605878
14928.2 68.78760460252157
15454.8 66.3910087206674
15999.8 67.73497455725098
16564.5 68.9337116907841
17148.2 68.51579002662069
17753.2 66.91470284204915
18379.4 64.22702952158691
19027.6 63.40475750127216
19698.5 62.641455636397964
19999.5 60.470806991509065
