Freq "Total Early Reflection"
22.4 8.352360312858167
23.0 8.433937359369907
23.6 8.867400434610829
24.0 10.049729233362484
25.0 11.64160472835934
25.8 13.913867672856526
26.5 18.978719081697903
27.2 22.60156015400011
28.0 22.94598703330834
29.0 23.714624795785056
30.0 24.48688001100348
30.7 24.845554889402678
31.5 25.442895665617414
32.5 26.209469084051364
33.5 27.900278171158675
34.5 30.1454531106082
35.5 31.098382228943223
36.5 28.674488003162708
37.5 31.46903631907722
38.7 34.1223556461473
40.0 33.11908459668274
41.2 35.360605317234786
42.5 41.16596656354736
43.7 43.50888882120208
45.0 44.508349054569095
46.2 42.960242936606136
47.5 42.59898555798469
48.7 46.35775804537536
50.0 50.469073838458314
51.5 49.66905087441606
53.0 50.78809824683897
54.5 52.220790312329186
56.0 53.654279155479486
58.0 55.13445382504899
60.0 56.40673055461558
61.5 57.16985978308678
63.0 58.05678865048529
65.0 59.066554234685796
67.0 60.46853982135126
69.0 61.41307799383122
71.0 61.89100225716686
73.0 62.961455016415854
75.0 63.65288605536716
77.5 64.12847088439426
80.0 64.58192861379935
82.5 65.04900196489089
85.0 65.47345633560086
87.5 65.69190150222576
90.0 65.7047925480517
92.5 65.97353637735775
95.0 66.1310248771899
97.5 66.32794047886188
100.0 66.48819845488387
103.0 66.80592774029051
106.0 67.07465737267619
109.0 67.37568299905743
112.0 67.64948285853045
115.0 67.91968690844946
118.0 68.31707813690707
122.0 68.56297528517973
125.0 68.83371727742175
128.0 68.95761789272285
132.0 68.80661582043508
136.0 68.77019310509307
140.0 68.70915026983589
145.0 68.43809343342741
150.0 68.19869114436521
155.0 68.2677170974853
160.0 68.43707486801463
165.0 68.53291246165111
170.0 68.79429014578369
175.0 69.00930464624462
180.0 69.1699723523383
185.0 69.38741642549168
190.0 69.38650367145338
195.0 69.35013457305567
200.0 69.32295686332142
206.0 69.17597571715294
212.0 69.12760748885952
218.0 68.97748280437733
224.0 68.89485409818143
230.0 68.9079811767998
236.0 68.76223339005843
240.0 68.68298552336864
250.0 68.79372646724454
258.0 68.89521634233543
265.0 69.02542239267152
272.0 68.96181842957726
280.0 68.97139964415929
290.0 68.96903718897754
300.0 69.24972157575536
307.0 69.50499075323123
315.0 69.56122754717494
325.0 69.30315692736875
335.0 68.98732874648773
345.0 68.57509046383068
355.0 68.77458411032131
365.0 69.0572253740649
375.0 69.07885281528661
387.0 68.8341398563288
400.0 68.8432199981235
412.0 68.7250541446918
425.0 68.61140198211608
437.0 68.58857590262028
450.0 68.46212078981512
462.0 68.47173367780245
475.0 68.49342776159415
487.0 68.39407625414289
500.0 67.87116849930321
515.0 67.69486266308753
530.0 67.91986221746455
545.0 68.1402787592434
560.0 68.15167844842304
580.0 68.16141670575291
600.0 68.69169321716186
615.0 68.89443807193129
630.0 68.39177121723539
650.0 68.18390341946342
670.0 67.89366261039187
690.0 67.13580827175493
710.0 66.55546399680955
730.0 66.37116280166057
750.0 66.17346428344563
775.0 65.83085687537886
800.0 65.2021831301559
825.0 64.83906426607888
850.0 65.36361590069599
875.0 66.35815473268784
900.0 66.85884070315434
925.0 66.94318140057123
950.0 66.74665296452378
975.0 66.4657720350571
1000.0 66.53021558345256
1030.0 65.8180746378839
1060.0 65.07470108553949
1090.0 64.57684262364592
1120.0 65.03466952317135
1150.0 65.50240558937115
1180.0 66.16281898136943
1220.0 66.85806387187785
1250.0 67.15374431917108
1280.0 67.51038662677219
1320.0 67.73379670841072
1360.0 67.4831217662024
1400.0 67.72235396230765
1450.0 67.3593969492353
1500.0 66.39834929210653
1550.0 66.01022982903646
1600.0 65.99372622760632
1650.0 66.10256614412427
1700.0 65.86547072385487
1750.0 65.8375564489687
1800.0 65.76910121959344
1850.0 65.28526977834329
1900.0 65.5097994109734
1950.0 65.60997528480132
2000.0 65.36306301544104
2060.0 65.80749855622946
2120.0 66.41920452579112
2180.0 66.21550451155576
2240.0 66.45992074109729
2300.0 66.07980989058656
2360.0 66.01029786377401
2400.0 65.99959940286193
2500.0 65.88352514285258
2580.0 65.93154505388216
2650.0 65.2029989146405
2720.0 64.41650741228676
2800.0 63.532507033239156
2900.0 63.2233682799784
3000.0 62.36137309359046
3070.0 61.8001009200422
3150.0 62.63705208955582
3250.0 63.08434328718364
3350.0 63.39749268044764
3450.0 64.20482903532624
3550.0 65.32384242612231
3650.0 66.84220543792603
3750.0 67.49492894399005
3870.0 64.44545309506552
4000.0 63.13156396231982
4120.0 62.75826402098485
4250.0 64.69228585999818
4370.0 65.45541934711059
4500.0 65.91286732765448
4620.0 65.50383223627054
4750.0 64.46673901493348
4870.0 62.978882513636506
5000.0 64.15767938285884
5150.0 64.67622221614734
5300.0 64.29523497706677
5450.0 64.1130864476907
5600.0 66.30735026316624
5800.0 73.75102854014501
6000.0 72.8911999494384
6150.0 70.72988716396951
6300.0 69.20538063528721
6500.0 68.4006003331636
6700.0 68.0227035794203
6900.0 67.55322483545386
7100.0 66.26619148795075
7300.0 66.30679739493908
7500.0 66.9164623871792
7750.0 66.27286867914111
8000.0 66.00116475016597
8250.0 65.98603188440957
8500.0 64.75405639952476
8750.0 64.16672089309247
9000.0 63.72187114308083
9250.0 62.002816984012384
9500.0 58.56592075707928
9750.0 65.08835801672016
10000.0 64.9670561510876
10300.0 62.04720834954023
10600.0 64.30097807850458
10900.0 71.50268825696865
11200.0 67.36959214978783
11500.0 64.50640221038506
11800.0 63.44259695435434
12200.0 62.91724892978111
12500.0 63.36579377842442
12800.0 61.734665839217016
13200.0 60.18184106556329
13600.0 59.743093543494524
14000.0 59.349187411194706
14500.0 54.037042391900556
15000.0 53.417909626649546
15500.0 62.4767989894349
16000.0 65.39298962039635
16500.0 64.67292764966103
17000.0 61.81636407012677
17500.0 54.90405582804564
18000.0 55.60529236443189
18500.0 56.91328730664492
19000.0 55.97271352409655
19500.0 51.48757258056848
