Freq "Total Early Reflection"
22.4 32.288122735785635
23.0 29.897027657126728
23.6 31.7972664714637
24.0 32.20074978228374
25.0 26.634330491466017
25.8 32.13485844969048
26.5 38.92861307756439
27.2 41.66787264733705
28.0 43.76789601116624
29.0 46.045016502066915
30.0 47.86446382485147
30.7 49.98366493228616
31.5 52.69733818318804
32.5 54.36073861693592
33.5 55.89321540337917
34.5 57.88377617955504
35.5 59.90081596741268
36.5 61.85044850421397
37.5 63.66357863202367
38.7 65.37374007183882
40.0 67.0239655913754
41.2 68.54658447219197
42.5 69.92137893585424
43.7 71.09715234285116
45.0 72.3000963723079
46.2 73.8747646731907
47.5 75.01538523341328
48.7 75.9233895141522
50.0 77.14591398596501
51.5 77.9569341399868
53.0 78.86310911104712
54.5 79.94616245569647
56.0 80.81494946973162
58.0 81.5815898601267
60.0 82.25542565352119
61.5 82.84658410471638
63.0 83.3725695482793
65.0 83.98878081693613
67.0 84.43246844408364
69.0 84.78449191344066
71.0 85.1289110691187
73.0 85.31275171523073
75.0 85.37658943045396
77.5 85.55133990647622
80.0 86.04969986010987
82.5 86.49321703925149
85.0 86.29086647289274
87.5 86.29310645439082
90.0 87.15469939616494
92.5 87.1397460825573
95.0 86.78341587030567
97.5 86.65835153048691
100.0 86.46120157446293
103.0 86.18053079190356
106.0 85.88681629648298
109.0 85.55305089662531
112.0 84.9771164882762
115.0 84.0694897570135
118.0 83.39726043776182
122.0 83.86034492948139
125.0 84.9359774759973
128.0 85.12420812865703
132.0 85.26938438105536
136.0 85.51723031281128
140.0 85.48231130567687
145.0 85.89606750835311
150.0 86.17793450571074
155.0 85.8413914834082
160.0 85.49428201324153
165.0 86.00800486848769
170.0 86.594887384859
175.0 86.49016164504627
180.0 85.74295277178474
185.0 85.26911073951447
190.0 85.74562528651148
195.0 86.09600089392355
200.0 85.67478746638002
206.0 86.10185598717544
212.0 85.77197346779808
218.0 84.7512063397853
224.0 84.45826797314106
230.0 83.75179588872572
236.0 82.50808518946121
240.0 81.051857861163
250.0 80.0585422656128
258.0 80.60688985848381
265.0 82.95512536019719
272.0 85.60584278868583
280.0 87.32345121281655
290.0 88.29586785143344
300.0 87.24987714309182
307.0 84.69525249807333
315.0 82.82092156284057
325.0 82.28506069529512
335.0 82.12689200763757
345.0 82.64191995141867
355.0 84.37305503904344
365.0 86.07958393318103
375.0 86.79084153211943
387.0 86.44469849327493
400.0 85.48969419278504
412.0 84.13096323640235
425.0 83.4173517935358
437.0 84.61356913365181
450.0 86.3006235300166
462.0 86.15399382764735
475.0 85.69001106996298
487.0 86.07150588556362
500.0 86.51725650367656
515.0 86.31898125548165
530.0 86.0076655055226
545.0 86.30434407286204
560.0 86.26777061311164
580.0 84.55339685302411
600.0 83.50762439981936
615.0 83.9713019487742
630.0 84.77478690167621
650.0 85.42438406162245
670.0 86.07603970713254
690.0 86.71276519999887
710.0 86.91676817889766
730.0 86.18600697517056
750.0 84.55948834804735
775.0 83.77097214669335
800.0 84.18564969016316
825.0 82.77888756279302
850.0 82.79734716069336
875.0 84.27088072839396
900.0 84.12985701163967
925.0 83.18197124175062
950.0 83.74330052587109
975.0 84.1972542644579
1000.0 83.1127097028801
1030.0 83.58555864801275
1060.0 83.18027369331337
1090.0 82.48897043772368
1120.0 83.36430764179366
1150.0 83.04746464018174
1180.0 82.9123668817674
1220.0 82.86620619668017
1250.0 81.94885438074967
1280.0 81.93709282745654
1320.0 81.91118655016078
1360.0 81.61437705450211
1400.0 81.74444526658209
1450.0 82.03278345143022
1500.0 82.20060648734139
1550.0 82.04017361847403
1600.0 81.68577983171497
1650.0 81.68830120513444
1700.0 81.96414253106897
1750.0 82.22174879834964
1800.0 82.2110021916188
1850.0 81.89210858752149
1900.0 81.75502988970399
1950.0 81.98767195466664
2000.0 82.4019981990195
2060.0 82.73912933481573
2120.0 83.32178611328008
2180.0 84.05129876156676
2240.0 84.47827815398527
2300.0 84.54830393306983
2360.0 84.580732029368
2400.0 84.64157346703433
2500.0 84.74202967597842
2580.0 85.02000663893344
2650.0 84.70721415385555
2720.0 84.11252943216363
2800.0 83.8017378194461
2900.0 83.15234870113643
3000.0 82.16802095917618
3070.0 81.43132919999518
3150.0 81.34632891194504
3250.0 81.83455751255376
3350.0 81.9661885414119
3450.0 81.60109125765916
3550.0 81.37772152010884
3650.0 81.6460103030534
3750.0 82.11733979925532
3870.0 82.96727301214193
4000.0 83.98943839420534
4120.0 84.32477471942975
4250.0 84.30754944705389
4370.0 84.08098337548425
4500.0 83.61189103188877
4620.0 83.04312171956498
4750.0 82.4995624641271
4870.0 82.38148356952559
5000.0 83.14772358977987
5150.0 84.31936827525827
5300.0 84.77117814042847
5450.0 84.42227836631218
5600.0 83.88212171314991
5800.0 83.6227332936203
6000.0 83.75789108875229
6150.0 83.98536199214438
6300.0 84.26300969625719
6500.0 84.83156361648265
6700.0 85.44267774389394
6900.0 85.73370329020098
7100.0 85.5179135657104
7300.0 85.42142445074458
7500.0 85.75003506640903
7750.0 85.75542939355432
8000.0 84.70418358461846
8250.0 82.65169796773216
8500.0 82.51920489616273
8750.0 84.34046583530906
9000.0 85.46929012474067
9250.0 85.53360525596446
9500.0 85.83138107831755
9750.0 86.16780475013806
10000.0 85.79621033674368
10300.0 84.9427484192998
10600.0 82.60514710482377
10900.0 81.06432300379308
11200.0 81.43159071811297
11500.0 80.71878972067972
11800.0 79.84344859453671
12200.0 79.72292236611055
12500.0 80.34189289195989
12800.0 81.69187224607634
13200.0 82.99604236406135
13600.0 83.8434836731005
14000.0 84.47988196251444
14500.0 84.28930412012554
15000.0 83.83348597119623
15500.0 82.66775880130709
16000.0 80.46932592760683
16500.0 79.60177583447243
17000.0 80.48459507075529
17500.0 81.3525021563449
18000.0 80.73685359352413
18500.0 80.10441620468279
19000.0 79.44159276244325
19500.0 77.85002025338204
