Freq "Sound Power"
20.0 39.598083484827114
20.2909 40.315548579198364
20.586 40.94434310734876
20.8855 41.54776379428476
21.1893 42.20827262131145
21.4975 42.94153235013509
21.8102 43.720762223371096
22.1274 44.51520149214237
22.4492 45.29833134006158
22.7758 46.05780846929248
23.1071 46.79860408729438
23.4432 47.53486994322303
23.7841 48.27950581437911
24.1301 49.026428953617526
24.4811 49.7638402962768
24.8372 50.48238460218862
25.1984 51.18268321206759
25.5649 51.86981878236733
25.9368 52.553499300319274
26.3141 53.23485014957414
26.6968 53.905812658210294
27.0851 54.55645452591996
27.4791 55.17956096546173
27.8788 55.78051829729661
28.2843 56.36849622565562
28.6957 56.94846766134452
29.1131 57.51384661812918
29.5365 58.04851438007836
29.9661 58.537825714346084
30.402 58.977362355447895
30.8442 59.37802796327584
31.2929 59.76695596839632
31.748 60.155051296929
32.2098 60.54233426898416
32.6783 60.914681515548764
33.1536 61.26404480854572
33.6359 61.5901786917981
34.1251 61.89767581462904
34.6215 62.195264090777655
35.125 62.48520649168806
35.6359 62.76697773455608
36.1543 63.036108348666275
36.6802 63.288930317289356
37.2137 63.53095534574442
37.755 63.77028373338109
38.3041 64.01472078532841
38.8613 64.26462285285677
39.4265 64.51123231531977
40.0 64.75766376874822
40.5818 65.01299959617764
41.1721 65.27373072501865
41.771 65.51006326962052
42.3785 65.67845076910557
42.9949 65.79923845484655
43.6203 65.92491091424921
44.2548 66.10303643970447
44.8985 66.30699173166218
45.5515 66.49404874985565
46.2141 66.6641002095682
46.8863 66.84364743993326
47.5683 67.04380181849106
48.2602 67.25024438201508
48.9621 67.46226479248115
49.6743 67.68821706795067
50.3968 67.92232091588322
51.1299 68.15673189918155
51.8736 68.39938019423083
52.6281 68.64686798286421
53.3936 68.89117737145764
54.1702 69.13146740441326
54.9581 69.36754735507247
55.7575 69.59543543779834
56.5685 69.8156664396905
57.3914 70.03005692367911
58.2261 70.23159834957873
59.073 70.42077033681336
59.9323 70.61406475710614
60.804 70.82705978783547
61.6884 71.07271369289042
62.5857 71.340893399297
63.496 71.60107630497875
64.4196 71.84667835885523
65.3566 72.09156706253061
66.3073 72.33089057155645
67.2717 72.54462349202258
68.2502 72.74190667594019
69.2429 72.93910265295078
70.2501 73.14534240851904
71.2719 73.36305273299038
72.3086 73.59335647375272
73.3603 73.8175465286047
74.4274 74.03135256391182
75.5099 74.23566360468702
76.6083 74.40253795237123
77.7226 74.56680769114162
78.8531 74.76391022004795
80.0 74.97122430606584
81.1636 75.18736461014575
82.3442 75.39058095910522
83.5419 75.58117048494398
84.757 75.74720887217401
85.9899 75.89556476535128
87.2406 76.02144272584442
88.5096 76.15497975875611
89.797 76.31737237734316
91.1031 76.46728310873955
92.4282 76.58593545179718
93.7726 76.64950001941631
95.1366 76.66076661853258
96.5204 76.6671546725815
97.9243 76.69649063483446
99.3486 76.7476413365754
100.794 76.81424601921366
102.26 76.88580457994071
103.747 76.95581293114559
105.256 77.01399318573623
106.787 77.05491415795319
108.34 77.07007764248348
109.916 77.03259223390465
111.515 76.9702417380771
113.137 76.95354055962532
114.783 76.96010591185146
116.452 76.96134291437993
118.146 76.94932706166944
119.865 76.93400975009828
121.608 76.9229279209807
123.377 76.91131477118314
125.171 76.90154161559478
126.992 76.89647399504882
128.839 76.87942779878817
130.713 76.84678685322513
132.615 76.79400043038459
134.543 76.73636540229145
136.5 76.69222496870131
138.486 76.65341577135264
140.5 76.59412144002647
142.544 76.52459927069908
144.617 76.45041026470865
146.721 76.35797753296782
148.855 76.32695804535213
151.02 76.32821382758908
153.217 76.26258335472473
155.445 76.18348405820028
157.706 76.16063101069697
160.0 75.94913919404748
162.327 75.73443863122675
164.688 75.66915182637918
167.084 75.73383974212749
169.514 75.8427715301466
171.98 75.59026484658507
174.481 75.238307620151
177.019 75.10458809774923
179.594 75.03289294901053
182.206 75.00478135520352
184.856 75.1015114374254
187.545 75.19921897572452
190.273 75.2948041831309
193.041 75.3479722231037
195.849 75.30048746130024
198.697 75.30954212172955
201.587 75.29262766969539
204.52 75.1009363568087
207.494 74.86798622060539
210.512 74.7338762186058
213.574 74.78368372062478
216.681 74.62825095878343
219.833 74.56485138400735
223.03 74.53042444202015
226.274 74.61346690003218
229.565 74.64779217722227
232.905 74.48768721847021
236.292 74.38559171324178
239.729 74.4362037114215
243.216 74.58697143921779
246.754 74.65490891593238
250.343 74.56234749655258
253.984 74.47918291478675
257.678 74.42352580015628
261.426 74.41159691612452
265.229 74.41429536763984
269.087 74.36655065873838
273.001 74.11498284769586
276.972 74.08206982447734
281.0 74.06985245783363
285.088 74.2389227717091
289.234 74.44380840274465
293.441 74.62850132597484
297.709 74.58451821017886
302.04 74.56236097691836
306.433 74.18193734541886
310.89 74.2350303466245
315.412 74.50123929266981
320.0 74.38922634858393
324.655 74.28051177365492
329.377 74.13158594309115
334.168 74.39187114044967
339.028 74.48979618478269
343.959 74.64202650253416
348.962 74.49414900860334
354.038 74.40626592727934
359.188 74.52216238768581
364.412 74.53682968621287
369.713 74.49604629117798
375.09 74.59689207692516
380.546 74.5956023385478
386.081 74.59518333445251
391.697 74.42386718422259
397.394 74.31707625887857
403.175 74.17089547597139
409.039 74.02665627675961
414.989 73.85560931265927
421.025 73.66951737331763
427.149 73.46732980725135
433.362 73.25249967925613
439.665 73.0276733808532
446.06 72.8052286798901
452.548 72.58817208783101
459.131 72.37418556953193
465.809 72.1661678077189
472.584 71.97651420029166
479.458 71.8105622683208
486.432 71.66242734796678
493.507 71.54024201317763
500.686 71.44549750558828
507.968 71.38135199392677
515.357 71.3495541294736
522.853 71.34259702293265
530.458 71.3610780073846
538.174 71.4008432008628
546.002 71.45453971447598
553.943 71.51847459274013
562.001 71.5892937196836
570.175 71.65814784488614
578.469 71.72188914571628
586.883 71.77472558804054
595.419 71.81111038653258
604.08 71.83204341351278
612.866 71.83252527169488
621.78 71.81122308255877
630.824 71.7660946073339
640.0 71.70009304628961
649.309 71.61034181524154
658.753 71.502337077964
668.335 71.37412356469527
678.056 71.23327996369319
687.919 71.08195547275697
697.925 70.92874836647039
708.077 70.78346609040177
718.376 70.64737302652762
728.825 70.5331615105664
739.426 70.44507157103557
750.181 70.38916050401983
761.093 70.3654261706871
772.163 70.3766629995901
783.394 70.41534380412234
794.789 70.47852193762834
806.349 70.55525998200095
818.078 70.63701547570182
829.977 70.71689508040446
842.05 70.78398987307881
854.298 70.83507947098288
866.724 70.86280207937268
879.33 70.86423125220317
892.12 70.83626069665031
905.097 70.78062452127062
918.262 70.69744235510639
931.618 70.59396677452722
945.169 70.47252105155691
958.917 70.34431688727136
972.864 70.21681576346471
987.015 70.1008204330923
1001.37 69.99723660505326
1015.94 69.91903014033466
1030.71 69.87074896987077
1045.71 69.84594029424706
1060.92 69.83992653712228
1076.35 69.8428751235197
1092.0 69.84392540538099
1107.89 69.8310208263078
1124.0 69.79441252322081
1140.35 69.7240304507636
1156.94 69.61351624613114
1173.77 69.46281113793448
1190.84 69.27492311538222
1208.16 69.05833464660698
1225.73 68.82379932521106
1243.56 68.59119492631584
1261.65 68.38526528937034
1280.0 68.22337481380536
1298.62 68.12104157631985
1317.51 68.08119997211034
1336.67 68.09383865190841
1356.11 68.14326369086129
1375.84 68.20749917602244
1395.85 68.26523392189873
1416.15 68.30302857834096
1436.75 68.31047737532062
1457.65 68.28900608103497
1478.85 68.23891427861089
1500.36 68.16829337190107
1522.19 68.08441912641281
1544.33 67.99252126882271
1566.79 67.89323997103871
1589.58 67.78776058885387
1612.7 67.67846204691031
1636.16 67.56441762830167
1659.95 67.45464017209184
1684.1 67.35808755531708
1708.6 67.2885733722815
1733.45 67.25072050172555
1758.66 67.2442561701297
1784.24 67.25539662723723
1810.19 67.27012696456032
1836.52 67.26963816995718
1863.24 67.24648116461522
1890.34 67.19968229315619
1917.83 67.13750170608667
1945.73 67.07016485263819
1974.03 67.00319735914148
2002.74 66.93930411914987
2031.87 66.87249804909277
2061.43 66.80329153004881
2091.41 66.73250288224448
2121.83 66.66428178700495
2152.69 66.598815527997
2184.01 66.52303801588634
2215.77 66.41089928516547
2248.0 66.23373565006122
2280.7 65.97572591465452
2313.87 65.64963888140088
2347.53 65.29977470064398
2381.68 64.9934173700174
2416.32 64.77840795433288
2451.46 64.65477112125035
2487.12 64.589072349855
2523.3 64.55376564263906
2560.0 64.56893006315569
2597.24 64.68254821834381
2635.01 64.91767879130964
2673.34 65.22676054606093
2712.23 65.51710901114743
2751.68 65.72147539898606
2791.7 65.82658037267628
2832.31 65.86887337119865
2873.5 65.88990902881152
2915.3 65.89749527324587
2957.7 65.87158578729678
3000.72 65.80600368903411
3044.37 65.73270080491272
3088.65 65.69765671811982
3133.58 65.7112430544831
3179.16 65.73022532205667
3225.4 65.71411520266733
3272.31 65.6707086732137
3319.91 65.64478032128787
3368.2 65.66119687093922
3417.19 65.69378098107076
3466.89 65.70779971614397
3517.32 65.70864085655022
3568.48 65.72473509132656
3620.39 65.75627791142179
3673.05 65.77411606587296
3726.47 65.77324502050612
3780.67 65.77954877853455
3835.67 65.79528452571962
3891.46 65.77149650778325
3948.06 65.68931559664078
4005.49 65.59195184164024
4063.75 65.51318502074791
4122.86 65.44816244206234
4182.82 65.42743483117303
4243.66 65.51350775099704
4305.39 65.66452213234366
4368.01 65.77146675787282
4431.55 65.81192302920469
4496.01 65.82393395051494
4561.4 65.81631562947084
4627.75 65.81316697422166
4695.06 65.86381213571401
4763.35 65.95371403232566
4832.64 66.0413859297342
4902.93 66.1508784077664
4974.24 66.29396482840679
5046.6 66.41659709858304
5120.0 66.4754734473254
5194.47 66.48587318581204
5270.03 66.43155906677565
5346.68 66.31526685620787
5424.45 66.25991266680798
5503.35 66.29012530713545
5583.4 66.32345753417735
5664.61 66.37260013197867
5747.01 66.36710260208244
5830.6 66.30539041543264
5915.41 66.28245628132146
6001.45 66.24159556253754
6088.74 66.22596905269253
6177.3 66.20292497609385
6267.15 66.20662298428529
6358.31 66.26274055270083
6450.8 66.32842546473765
6544.62 66.48684730674921
6639.82 66.62479534695277
6736.4 66.7677559004414
6834.38 66.82365860803849
6933.79 66.8244405046817
7034.64 66.77694002423787
7136.96 66.71416966684112
7240.77 66.59322771009724
7346.09 66.5189697982256
7452.94 66.46630270527085
7561.35 66.43870737465497
7671.33 66.41063034981526
7782.91 66.48151075254275
7896.12 66.56756246983787
8010.97 66.63022211179931
8127.49 66.63741563173839
8245.71 66.58800859414806
8365.65 66.51027325940329
8487.33 66.42881147710723
8610.78 66.37613883820467
8736.03 66.28303768085446
8863.09 66.15491596381854
8992.01 65.97773966058266
9122.8 65.77637018805387
9255.5 65.57652671792714
9390.12 65.36955690096737
9526.7 65.19581469227424
9665.27 65.0889051911429
9805.86 65.0540473961353
9948.49 65.1004158674942
10093.2 65.20811308216001
10240.0 65.31296280581407
10388.9 65.32391867418593
10540.1 65.21920330690546
10693.4 65.05555260894971
10848.9 64.9232070200401
11006.7 64.84542249066675
11166.8 64.81834372104395
11329.2 64.895060605723
11494.0 65.01187289110985
11661.2 65.07314269440077
11830.8 65.06599113743037
12002.9 65.00801641005735
12177.5 64.93861433867653
12354.6 64.85842499692852
12534.3 64.76444410478385
12716.6 64.66439921755926
12901.6 64.58427220700014
13089.2 64.56102463046848
13279.6 64.64826080902205
13472.8 64.74838956576838
13668.8 64.71481363532133
13867.6 64.57972100549536
14069.3 64.45584728581115
14273.9 64.34536792480333
14481.5 64.22068757817267
14692.2 64.1244175989853
14905.9 64.12041966705938
15122.7 64.19087182802205
15342.7 64.14747732947295
15565.8 63.990860887075954
15792.2 63.66557513828428
16021.9 63.307230430757286
16255.0 63.15546841138733
16491.4 63.02947393980854
16731.3 62.96884000471631
16974.7 62.86270921074534
17221.6 62.65586675274568
17472.1 62.392292208870316
17726.2 62.14592609343235
17984.0 61.983123892490156
18245.6 61.84838483113468
18511.0 61.64236569638392
18780.2 61.39068391463
19053.4 61.18251411486462
19330.5 61.0694750713773
19611.7 60.989289721561505
19897.0 60.90926402023646
