Freq "Sound Power DI"
22.4 39.90531416590724
23.0 40.17740993389026
23.6 40.6693823144162
24.0 41.164115450363624
25.0 41.43317209432621
25.8 41.514999733469665
26.5 41.62779154170644
27.2 41.71210567246533
28.0 41.81356906125626
29.0 41.885498809027894
30.0 41.94729148681327
30.7 41.958600448915234
31.5 41.93288014870947
32.5 41.88846999257612
33.5 41.824558546116464
34.5 41.78022836056769
35.5 41.74026612748267
36.5 41.63444808108039
37.5 41.578593466007135
38.7 41.535656477136
40.0 41.47570564540345
41.2 41.38601605104563
42.5 41.310056441794316
43.7 41.16368407789277
45.0 41.035736610843514
46.2 40.85962637197835
47.5 40.737546117137995
48.7 40.896397858099476
50.0 41.54282531741785
51.5 42.44587281636409
53.0 42.991213289233684
54.5 43.06990651264627
56.0 42.87080491917378
58.0 42.584586287540475
60.0 42.316098067570465
61.5 42.13931323351575
63.0 42.038850494617634
65.0 42.06285307067046
67.0 42.153443950722036
69.0 42.310790085072455
71.0 42.47203994920494
73.0 42.66080885320538
75.0 42.887502235414644
77.5 42.980198319821596
80.0 42.97701592822834
82.5 42.721118039734435
85.0 42.45205445714569
87.5 42.18552199301057
90.0 42.12910288701458
92.5 42.221732644563275
95.0 42.51863924480493
97.5 42.734905124337274
100.0 42.71582710447119
103.0 42.72370065163132
106.0 42.678093860315556
109.0 42.77525145438183
112.0 42.76600770698667
115.0 42.744014932636304
118.0 42.822313707402174
122.0 43.0534247174765
125.0 43.204871791553614
128.0 43.22124714496772
132.0 43.244795460051805
136.0 43.33193951519051
140.0 43.36749864293327
145.0 43.2779919657593
150.0 43.27904814012294
155.0 43.30444661302451
160.0 43.393229677008904
165.0 43.636483728823634
170.0 43.86177763905776
175.0 44.01827309402873
180.0 43.9960380548666
185.0 43.92948471890196
190.0 43.95504693939202
195.0 44.11745639376811
200.0 44.26205000102344
206.0 44.320747145660064
212.0 44.410451650220864
218.0 44.53353766569157
224.0 44.571072885181934
230.0 44.747813270387155
236.0 44.985370152349034
240.0 44.56894141107627
250.0 44.11988240475061
258.0 44.187925435498286
265.0 44.294875470567234
272.0 44.477990044330085
280.0 44.68688967323412
290.0 44.77082049316647
300.0 44.891471071274296
307.0 44.973374704814404
315.0 45.036387763079304
325.0 45.10781884325594
335.0 45.236522525753486
345.0 45.55420183623599
355.0 45.8399041428176
365.0 45.99289986624284
375.0 46.143502371331536
387.0 46.33401804220796
400.0 46.61725708673674
412.0 46.66170254036504
425.0 46.708217612392374
437.0 46.821127141021165
450.0 46.96532236241596
462.0 47.072732973130215
475.0 47.08558746440369
487.0 46.56085311954084
500.0 45.88711872840108
515.0 45.73277216444751
530.0 45.798459817668146
545.0 45.82747971294164
560.0 45.86091870346371
580.0 45.877828907379424
600.0 45.9372108157996
615.0 46.01813716512582
630.0 46.32754434153918
650.0 46.52111646493428
670.0 46.58634746991655
690.0 46.73576643442007
710.0 46.97680341942777
730.0 47.33029566724551
750.0 46.48222601738536
775.0 46.320780191929884
800.0 46.55364707870332
825.0 46.75271510760783
850.0 47.08559870702639
875.0 47.42605254223477
900.0 47.6577353432336
925.0 47.709180535125824
950.0 47.90427193210492
975.0 47.95401801448885
1000.0 48.153592803042486
1030.0 47.11463945995551
1060.0 46.668121320774446
1090.0 47.383588439074444
1120.0 47.98949614846171
1150.0 48.4228243709552
1180.0 48.03814067795041
1220.0 48.61564587128504
1250.0 48.39044035490109
1280.0 49.000157604186484
1320.0 50.168407697351086
1360.0 50.216997723297496
1400.0 49.87833635562704
1450.0 49.60677419369597
1500.0 49.95215702788961
1550.0 49.77654742505639
1600.0 49.21423744463122
1650.0 49.23611790492903
1700.0 49.121249064663175
1750.0 48.85522112863663
1800.0 49.13382662225217
1850.0 49.155663624693915
1900.0 48.56057939249877
1950.0 48.50363198039291
2000.0 48.665905760457875
2060.0 48.60389114227027
2120.0 48.96056124890127
2180.0 49.13900181479998
2240.0 49.063804822711404
2300.0 49.23546680447363
2360.0 49.197671323571086
2400.0 49.317174232661486
2500.0 49.302608178734616
2580.0 48.71833255264828
2650.0 48.19950355989221
2720.0 48.8546899829235
2800.0 49.078483917133255
2900.0 49.324976399530954
3000.0 49.642768096401795
3070.0 50.04045870483907
3150.0 50.225248679553175
3250.0 50.24961358540237
3350.0 50.19285556221182
3450.0 50.09435570228301
3550.0 49.75384590720748
3650.0 49.66229865009559
3750.0 49.31475857350685
3870.0 49.43675984703793
4000.0 49.80844178671249
4120.0 50.04757855759247
4250.0 50.27775727856752
4370.0 50.478346799653806
4500.0 50.475038871839715
4620.0 50.29953279100846
4750.0 50.067811019274885
4870.0 49.859251811673076
5000.0 49.76003581034493
5150.0 49.80253493637095
5300.0 50.166444042432886
5450.0 50.798352503778816
5600.0 50.830379456147895
5800.0 50.62280203075231
6000.0 50.382599559644405
6150.0 50.39865223550741
6300.0 50.262023313998796
6500.0 50.02188574266087
6700.0 49.97517386762732
6900.0 49.80521864178297
7100.0 49.85401467804799
7300.0 50.09571595367528
7500.0 50.207936534823205
7750.0 50.10690392410167
8000.0 49.899696032966574
8250.0 50.31053674338199
8500.0 50.62661336655947
8750.0 50.00354454366037
9000.0 49.325722052429825
9250.0 49.13003756934303
9500.0 49.379357799886535
9750.0 49.42903333674856
10000.0 50.043405768111754
10300.0 49.967282587855195
10600.0 49.9381997301718
10900.0 50.12205065286297
11200.0 50.37400316458046
11500.0 50.4335086152235
11800.0 50.66454359231004
12200.0 50.42293591598181
12500.0 49.94370167087776
12800.0 50.822510260816216
13200.0 51.54938747736779
13600.0 52.12398716552262
14000.0 52.2574613373223
14500.0 52.59379269249462
15000.0 51.21559093326604
15500.0 50.464275468658755
16000.0 51.48061546508154
16500.0 50.54585263106132
17000.0 49.00126390596266
17500.0 48.54638700991596
18000.0 50.938026841060434
18500.0 50.61464747520287
19000.0 49.830588956308375
19500.0 49.20726852537199
