Freq "Ceiling Bounce"
22.4 9.718702329552897
23.0 11.328592403509262
23.6 9.9697609825606
24.0 14.866840782119382
25.0 9.497360519760079
25.8 13.111129031285898
26.5 19.715759180088796
27.2 16.8997833817037
28.0 18.28448379734037
29.0 19.237801004804865
30.0 26.132689956103107
30.7 24.096435684207236
31.5 20.355565022862137
32.5 21.975676040300684
33.5 29.671833549722734
34.5 40.36194867563766
35.5 38.338854782740626
36.5 41.87546798265997
37.5 41.954775261844915
38.7 39.94935077381054
40.0 43.99460388746276
41.2 49.474684951706635
42.5 52.51837626972828
43.7 49.69257011413609
45.0 52.176440701927405
46.2 55.25260953202218
47.5 57.87783080594569
48.7 59.40690501035459
50.0 60.43663575667186
51.5 61.33358982687997
53.0 62.33358982687996
54.5 63.133589826879984
56.0 63.63358982687997
58.0 64.10076749445561
60.0 65.06769521305294
61.5 66.23513059177984
63.0 67.23513059177982
65.0 68.30076749445563
67.0 69.4669218511605
69.0 70.30076749445561
71.0 70.80076749445563
73.0 71.13435140868502
75.0 71.40076749445561
77.5 71.96845083805432
80.0 72.40076749445562
82.5 72.70076749445562
85.0 72.90076749445562
87.5 72.90076749445562
90.0 72.60076749445562
92.5 72.30076749445563
95.0 72.33435140868504
97.5 72.2007674944556
100.0 72.23358982687996
103.0 72.50076749445562
106.0 72.80076749445561
109.0 72.83358982687997
112.0 72.7669218511605
115.0 72.80076749445561
118.0 72.83358982687997
122.0 72.93513059177984
125.0 72.93513059177984
128.0 72.70306957104252
132.0 72.60306957104252
136.0 72.80306957104251
140.0 72.83513059177983
145.0 72.70306957104252
150.0 72.30306957104251
155.0 72.00306957104252
160.0 71.70306957104252
165.0 71.13821129888744
170.0 70.90690501035459
175.0 70.94283030471973
180.0 70.94283030471973
185.0 70.81227178315618
190.0 70.54283030471974
195.0 70.11227178315617
200.0 69.24283030471975
206.0 68.3792873260743
212.0 67.57928732607431
218.0 67.24898514879551
224.0 66.88623512455239
230.0 66.62402487026021
236.0 66.29471929119204
240.0 66.13331023801675
250.0 66.10473530118574
258.0 66.27662798253905
265.0 67.17662798253905
272.0 68.23752777300028
280.0 69.26588846059688
290.0 70.02758719283592
300.0 70.92402487026023
307.0 71.59471929119204
315.0 72.32402487026023
325.0 72.74898514879551
335.0 72.80690501035458
345.0 72.67001488257476
355.0 72.37387961222818
365.0 72.17928732607432
375.0 71.73331023801676
387.0 71.01627783177749
400.0 70.88888547155004
412.0 70.90265450340341
425.0 71.40942248426019
437.0 71.692378988098
450.0 71.16726558859612
462.0 70.34258273663016
475.0 69.17584607527148
487.0 68.2944886893229
500.0 68.37106744273918
515.0 68.82812100489949
530.0 68.15177437534742
545.0 66.91832544184972
560.0 66.54258273663014
580.0 67.44258273663014
600.0 68.06136837622763
615.0 67.98161208533422
630.0 67.41832544184972
650.0 67.14258273663016
670.0 68.14258273663016
690.0 69.62875610128313
710.0 70.26226741403312
730.0 69.68509485802376
750.0 69.31394942912605
775.0 69.44520516099381
800.0 69.2844476236301
825.0 69.5927276533821
850.0 70.96338775251361
875.0 71.1596203420011
900.0 70.6694198636673
925.0 70.94743899086734
950.0 71.39179815677407
975.0 71.1361070797735
1000.0 71.35522280896299
1030.0 71.88528746757073
1060.0 71.9952170720008
1090.0 71.78866490030833
1120.0 71.19348099807185
1150.0 70.92129830443604
1180.0 69.51145938100322
1220.0 69.22320753866265
1250.0 67.88201452057557
1280.0 66.93749164860505
1320.0 66.12680426515607
1360.0 66.1503860982826
1400.0 66.52680426515607
1450.0 66.22294362715998
1500.0 65.29682786047022
1550.0 65.91755713588665
1600.0 65.04850588118668
1650.0 63.54827552839255
1700.0 63.045831471573976
1750.0 63.6369601259437
1800.0 64.05768127821953
1850.0 64.18219967332304
1900.0 64.69506458035829
1950.0 65.2019023549985
2000.0 67.01655999317606
2060.0 67.71202127627812
2120.0 68.10574923004847
2180.0 66.98051352069254
2240.0 66.752976291648
2300.0 66.75721290186294
2360.0 66.58422821633101
2400.0 65.20464358834793
2500.0 65.73453485078976
2580.0 67.17579331079968
2650.0 66.28881761960128
2720.0 66.54298983639973
2800.0 64.99674865152284
2900.0 65.84332306616359
3000.0 64.83976520486287
3070.0 65.25551626795611
3150.0 64.73508614678241
3250.0 63.84634382359077
3350.0 63.27761243527617
3450.0 62.34584324012093
3550.0 63.39867748547333
3650.0 63.6114593810032
3750.0 63.47821671207984
3870.0 63.60727345323035
4000.0 62.53094714327504
4120.0 63.45879789022855
4250.0 61.11910883387431
4370.0 61.62121590679622
4500.0 60.47470033730757
4620.0 60.086168766155524
4750.0 60.85041632630865
4870.0 60.997033451112344
5000.0 60.8364527178191
5150.0 60.48463785979068
5300.0 61.65019550933049
5450.0 61.9957322838428
5600.0 62.701856821100236
5800.0 63.45150759847331
6000.0 63.687657560099325
6150.0 62.656997644320114
6300.0 63.90634540620516
6500.0 62.89189629359963
6700.0 62.10567516592914
6900.0 60.39096356898986
7100.0 60.23749266009874
7300.0 59.811258808679185
7500.0 60.65866884175253
7750.0 60.03663334913202
8000.0 60.60036736655677
8250.0 59.467049613602754
8500.0 59.22499949351884
8750.0 57.10211934447133
9000.0 55.318741459044844
9250.0 57.71321937972792
9500.0 57.86005632206404
9750.0 59.09271726765628
10000.0 58.063043922559075
10300.0 59.006855277763094
10600.0 58.02230661526495
10900.0 60.112775768823326
11200.0 61.4935088348513
11500.0 60.46410210350321
11800.0 59.99747972101041
12200.0 58.54352541965579
12500.0 57.63887165614405
12800.0 61.41277576882334
13200.0 56.886859022811564
13600.0 54.06373414448355
14000.0 54.20996457901528
14500.0 56.84816131025545
15000.0 54.03118440960746
15500.0 57.963052809637205
16000.0 57.43960509732581
16500.0 55.29576982566573
17000.0 54.07033642560343
17500.0 55.12724921111254
18000.0 55.01595317422739
18500.0 55.91963538715383
19000.0 54.99764936533005
19500.0 53.863929740866055
