Freq "Sound Power DI"
20.5078 42.375029691412834
21.9727 21.748596416242947
23.4375 26.710898210410562
24.9023 35.80779350749796
26.3672 35.49945651520966
27.832 37.05465557738961
29.2969 37.200646800504046
30.7617 37.61911993936414
32.2266 37.4789374608591
33.6914 37.93438903081244
35.1562 37.94420712373942
36.6211 38.25910354094083
38.0859 38.47316960772042
39.5508 38.697094627724724
41.0156 38.82698071937027
42.4805 38.950991795501125
43.9453 39.0163583372852
45.4102 39.07775357190985
46.875 39.15412881971022
48.3398 39.253479747494964
51.2695 39.33187500340894
52.7344 39.384054589643455
54.1992 39.43293644086721
55.6641 39.483641348219635
58.5938 39.54612615384315
60.0586 39.59406891252715
62.9883 39.656719791877606
64.4531 39.67950229020278
67.3828 39.716230779629484
68.8477 39.74254278575104
71.7773 39.79131125306118
74.707 39.83952748004886
77.6367 39.86555129927805
79.1016 39.87451752558924
82.0312 39.900432235689294
84.9609 39.92356307002788
87.8906 40.00601131094926
90.8203 40.02918513113272
95.2148 40.01632372867661
98.1445 40.02327085812148
101.074 40.046861312919276
105.469 40.14217024383595
108.398 40.1534070488803
112.793 40.15442251797421
117.188 40.18813414859821
120.117 40.211082680351765
124.512 40.22313490352191
128.906 40.217861859774175
133.301 40.22313739179985
139.16 40.27634297781057
143.555 40.30205127867144
147.949 40.32772106558488
153.809 40.378905102574265
159.668 40.367223136378
165.527 40.403908931320174
171.387 40.462318467786446
177.246 40.50741754126675
183.105 40.47054475172
188.965 40.55080692253834
196.289 40.58549854443416
203.613 40.70543238230444
210.938 40.7404523442533
218.262 40.66071103576233
225.586 40.69319870742757
232.91 40.8683769965552
241.699 40.96185975323061
250.488 40.98341631559151
259.277 41.168851168646455
268.066 41.16464727666873
276.855 41.2315911183271
287.109 41.25626887112185
297.363 41.33001533490297
307.617 41.62829443356368
319.336 41.70760518012497
329.59 41.72426305549686
341.309 41.86911044412916
353.027 42.0342320803629
366.211 42.09854091423914
379.395 42.32396569023757
392.578 42.40608322952514
405.762 42.444909046838305
420.41 42.79089945175096
435.059 42.607845913958215
451.172 43.112441745174124
465.82 43.16412606316753
483.398 43.18274966605645
499.512 43.13993554473822
517.09 43.5321629797413
536.133 43.33631836331219
555.176 43.71529306408988
574.219 43.58411372997932
594.727 43.08539481055038
615.234 43.244825577040245
637.207 43.32587313818385
659.18 43.32122924280333
682.617 43.202423495258586
707.52 43.483847079202604
732.422 43.166104948390114
757.324 43.317389036478346
785.156 43.97902156323282
811.523 43.48931861543973
840.82 43.776234945024555
870.117 43.66059469057441
900.879 44.78726766576992
933.105 44.32676828621807
965.332 45.07182042150876
1000.49 45.302497852385656
1035.64 45.48725390801725
1072.27 44.646138089959805
1108.89 44.9980964559779
1148.44 44.97234182725846
1189.45 44.960588850814844
1230.47 45.03782245188587
1274.41 45.142103545836264
1319.82 45.08955252391459
1366.7 45.60666385289494
1413.57 45.817765701965584
1463.38 45.313454037417
1516.11 45.014414161892375
1568.85 44.7987985539129
1624.51 44.34090681880453
1681.64 44.66076028516295
1741.7 45.75923231954802
1803.22 46.11692278540974
1866.21 46.30428538810418
1932.13 46.27700959617995
1999.51 46.460284945782504
2069.82 46.67304030933663
2143.07 47.52082933210414
2219.24 47.564149139831486
2296.88 47.53519644525983
2378.91 47.73530542496701
2462.4 48.307814489731996
2548.83 48.658480403931364
2639.65 48.57307322874806
2731.93 48.67815048271396
2828.61 48.51291234184417
2928.22 48.54841961782435
3030.76 48.244345514703184
3137.7 47.90640397701006
3249.02 47.394175538427874
3363.28 46.99416902622899
3481.93 47.06252441777565
3604.98 46.82331679197537
3732.42 46.827926916079974
3864.26 47.107913147064295
4000.49 46.677752645164986
4141.11 46.763506666860295
4287.6 47.01670938403872
4438.48 47.119640838038364
4595.21 47.015014542693876
4756.35 46.903834325181876
4924.8 47.38474831211104
5097.66 47.273392502018396
5277.83 47.23354254799112
5463.87 47.55236371917697
5657.23 47.46879078169927
5856.45 47.35594153292922
6062.99 47.39108270160108
6276.86 47.28447041837504
6498.05 47.38474534819676
6726.56 47.63652107021149
6963.87 47.57684108654033
7209.96 47.749607476157664
7464.84 47.66795960531394
7727.05 47.454886746216474
7999.51 47.618931491922794
8282.23 47.405797523119176
8573.73 47.58505135594996
8876.95 47.237046797526304
9188.96 47.184520805887146
9514.16 46.918231340132294
9849.61 47.21182298431856
10196.8 47.20561400418704
10555.7 47.279436309937495
10927.7 47.16383312929146
11313.0 47.32906709862333
11712.9 47.511490503292265
12126.0 47.591083211210844
12553.7 47.58518158854291
12996.1 47.7154970753426
13454.6 47.948205663683936
13929.2 48.03142116937613
14419.9 48.376679010546965
14928.2 48.57964398141114
15455.6 48.70749938382616
16000.5 48.77678573410758
16564.5 48.80478886587227
17148.9 48.75522396366617
17752.4 48.638346727345905
18379.4 48.4663237281725
19026.9 48.10336064217046
19697.8 48.30527959581559
19999.5 48.52043418713774
