Freq "On Axis"
22.4 31.300000000000026
23.0 32.500000000000014
23.6 33.70000000000003
24.0 35.000000000000014
25.0 36.300000000000026
25.8 37.800000000000026
26.5 39.40000000000002
27.2 41.20000000000003
28.0 42.90000000000002
29.0 44.70000000000003
30.0 46.20000000000003
30.7 47.70000000000003
31.5 49.300000000000026
32.5 50.800000000000026
33.5 52.300000000000026
34.5 53.800000000000026
35.5 55.10000000000001
36.5 56.500000000000014
37.5 57.800000000000026
38.7 59.10000000000002
40.0 60.50000000000003
41.2 61.70000000000003
42.5 62.90000000000002
43.7 63.90000000000002
45.0 65.00000000000004
46.2 66.10000000000004
47.5 67.10000000000002
48.7 68.10000000000002
50.0 69.10000000000002
51.5 69.90000000000002
53.0 70.60000000000002
54.5 71.30000000000003
56.0 71.90000000000002
58.0 72.50000000000004
60.0 73.20000000000003
61.5 73.70000000000003
63.0 74.10000000000002
65.0 74.50000000000003
67.0 74.80000000000003
69.0 75.10000000000001
71.0 75.30000000000003
73.0 75.40000000000002
75.0 75.50000000000003
77.5 75.50000000000003
80.0 75.50000000000003
82.5 75.40000000000002
85.0 75.20000000000003
87.5 75.10000000000001
90.0 74.90000000000002
92.5 74.60000000000002
95.0 74.30000000000003
97.5 74.20000000000003
100.0 74.10000000000002
103.0 74.00000000000001
106.0 74.10000000000002
109.0 74.20000000000003
112.0 74.30000000000003
115.0 74.40000000000002
118.0 74.50000000000003
122.0 74.50000000000003
125.0 74.50000000000003
128.0 74.50000000000003
132.0 74.40000000000002
136.0 74.20000000000003
140.0 74.10000000000002
145.0 73.90000000000002
150.0 73.80000000000003
155.0 73.80000000000003
160.0 74.00000000000001
165.0 74.10000000000002
170.0 74.30000000000003
175.0 74.50000000000003
180.0 74.70000000000003
185.0 74.70000000000003
190.0 74.50000000000003
195.0 74.30000000000003
200.0 73.90000000000002
206.0 73.50000000000003
212.0 73.10000000000002
218.0 73.00000000000003
224.0 73.30000000000003
230.0 73.90000000000002
236.0 74.60000000000002
240.0 75.20000000000003
250.0 75.50000000000003
258.0 75.50000000000003
265.0 75.20000000000003
272.0 74.70000000000003
280.0 74.10000000000002
290.0 73.70000000000003
300.0 73.60000000000004
307.0 73.90000000000002
315.0 74.30000000000003
325.0 74.80000000000003
335.0 75.00000000000004
345.0 75.10000000000001
355.0 75.20000000000003
365.0 75.30000000000003
375.0 75.40000000000002
387.0 75.30000000000003
400.0 75.50000000000003
412.0 75.90000000000002
425.0 76.10000000000004
437.0 76.00000000000003
450.0 75.80000000000003
462.0 75.90000000000002
475.0 76.00000000000003
487.0 76.00000000000003
500.0 76.10000000000004
515.0 76.30000000000003
530.0 76.50000000000001
545.0 76.90000000000002
560.0 77.40000000000002
580.0 77.40000000000002
600.0 77.10000000000002
615.0 76.70000000000003
630.0 76.30000000000003
650.0 75.90000000000002
670.0 75.70000000000003
690.0 75.40000000000002
710.0 75.20000000000003
730.0 75.20000000000003
750.0 75.20000000000003
775.0 75.40000000000002
800.0 75.50000000000003
825.0 75.40000000000002
850.0 75.60000000000002
875.0 75.60000000000002
900.0 75.50000000000003
925.0 75.10000000000001
950.0 74.80000000000003
975.0 74.90000000000002
1000.0 75.20000000000003
1030.0 75.30000000000003
1060.0 75.10000000000001
1090.0 74.60000000000002
1120.0 74.30000000000003
1150.0 74.10000000000002
1180.0 74.40000000000002
1220.0 74.80000000000003
1250.0 75.20000000000003
1280.0 75.70000000000003
1320.0 75.90000000000002
1360.0 75.80000000000003
1400.0 75.50000000000003
1450.0 75.30000000000003
1500.0 75.10000000000001
1550.0 74.90000000000002
1600.0 75.20000000000003
1650.0 75.20000000000003
1700.0 75.20000000000003
1750.0 75.30000000000003
1800.0 75.40000000000002
1850.0 75.30000000000003
1900.0 75.50000000000003
1950.0 75.90000000000002
2000.0 76.20000000000003
2060.0 76.60000000000002
2120.0 77.10000000000002
2180.0 77.20000000000003
2240.0 76.90000000000002
2300.0 76.80000000000003
2360.0 76.70000000000003
2400.0 76.50000000000001
2500.0 76.60000000000002
2580.0 76.60000000000002
2650.0 76.30000000000003
2720.0 76.20000000000003
2800.0 76.10000000000004
2900.0 76.40000000000002
3000.0 76.80000000000003
3070.0 76.20000000000003
3150.0 74.90000000000002
3250.0 74.50000000000003
3350.0 74.80000000000003
3450.0 75.20000000000003
3550.0 75.50000000000003
3650.0 75.50000000000003
3750.0 75.30000000000003
3870.0 75.00000000000004
4000.0 75.10000000000001
4120.0 75.20000000000003
4250.0 74.60000000000002
4370.0 74.20000000000003
4500.0 74.60000000000002
4620.0 74.80000000000003
4750.0 74.80000000000003
4870.0 75.00000000000004
5000.0 75.10000000000001
5150.0 75.50000000000003
5300.0 75.30000000000003
5450.0 75.00000000000004
5600.0 75.20000000000003
5800.0 75.60000000000002
6000.0 75.50000000000003
6150.0 74.90000000000002
6300.0 75.10000000000001
6500.0 75.20000000000003
6700.0 75.10000000000001
6900.0 75.00000000000004
7100.0 75.40000000000002
7300.0 75.70000000000003
7500.0 76.30000000000003
7750.0 75.90000000000002
8000.0 75.60000000000002
8250.0 75.00000000000004
8500.0 74.10000000000002
8750.0 74.30000000000003
9000.0 74.80000000000003
9250.0 74.80000000000003
9500.0 74.70000000000003
9750.0 75.60000000000002
10000.0 76.70000000000003
10300.0 76.60000000000002
10600.0 76.10000000000004
10900.0 76.30000000000003
11200.0 75.80000000000003
11500.0 75.80000000000003
11800.0 76.00000000000003
12200.0 76.60000000000002
12500.0 78.10000000000002
12800.0 78.10000000000002
13200.0 75.20000000000003
13600.0 72.10000000000002
14000.0 73.50000000000003
14500.0 73.70000000000003
15000.0 76.00000000000003
15500.0 76.80000000000003
16000.0 79.70000000000003
16500.0 75.50000000000003
17000.0 73.30000000000003
17500.0 71.00000000000003
18000.0 70.10000000000001
18500.0 68.10000000000002
19000.0 68.90000000000002
19500.0 73.80000000000003
