Freq "Front Wall Bounce"
20.507812 35.059122834908536
21.240234 35.59756176604999
22.705078 35.78101185415615
23.4375 35.79079165763268
24.169922 35.75782766894541
25.634766 35.948358226472166
26.367188 36.3969279533887
27.099609 37.17713796396073
28.564453 39.57079578271633
29.296875 40.98140305815291
30.761719 43.82058203073832
32.226562 46.50134354289047
32.958984 47.771873832336595
34.423828 50.16069990347226
35.888672 52.27949110649523
37.353516 54.02173844229243
38.818359 55.322597739244756
40.283203 56.242980536980966
41.748047 57.074559177342124
43.212891 58.330307920324586
45.410156 61.53484676045615
46.875 64.08799582344464
48.339844 66.54101462973587
50.537109 69.7938383032549
52.734375 72.55575471170859
54.199219 74.1497518876123
56.396484 76.16392993682246
58.59375 77.72344420146257
60.791016 78.90221512946822
62.988281 80.02553824626635
65.185547 80.8192722867292
68.115234 82.13718512684555
70.3125 83.06787355696413
73.242188 84.11278130915294
75.439453 84.77785720568738
78.369141 85.58204019865971
81.298828 86.29575464864078
84.228516 86.9439674913673
87.158203 87.58817835248273
90.820312 88.33935918081507
93.75 88.8780081656756
97.412109 89.50776939290209
101.074219 90.01395290965645
104.736328 90.43437246421813
108.398438 90.82292327883887
112.792969 91.28088554329668
116.455078 91.65510210910598
120.849609 92.08593667807659
125.244141 92.43570217823707
129.638672 92.68822975630425
134.765625 92.92870577351844
139.160156 93.10025562081071
144.287109 93.20162992222193
149.414062 93.31355886712163
155.273438 93.41490190733359
160.400391 93.38018625941275
166.259766 93.29128182677108
172.119141 93.19512091716696
178.710938 93.04539017467884
185.302734 92.88265648636893
191.894531 92.77400671609537
198.486328 92.72671308266818
205.810547 92.72379315881294
213.134766 92.80890701859103
220.458984 92.94709875393463
228.515625 93.17043632058032
236.572266 93.40986959431392
245.361328 93.45893202435421
254.150391 93.24968630050428
262.939453 93.40235175666817
272.460938 93.39995533854166
281.982422 93.33291094869938
292.236328 93.15573800277646
302.490234 92.88423294131081
313.476562 93.48388729735389
324.462891 94.05774372165573
336.181641 94.1258152569924
348.632812 93.93861561255645
361.083984 93.62813392124322
373.535156 93.61670442432187
386.71875 93.70569208179913
400.634766 93.60694242101921
415.283203 93.43378131319928
429.931641 93.07846723842825
445.3125 92.76411460428824
460.693359 92.82016990243238
477.539062 92.92319292212375
494.384766 92.69342241460234
511.962891 92.39487902142348
529.541016 92.3941542658565
548.583984 92.6221446288683
568.359375 92.63921715683036
588.134766 92.25593615849793
609.375 91.88332087773831
630.615234 92.07557323725067
653.320312 92.30226930803015
676.025391 92.42196514889837
700.195312 92.6391132979951
725.097656 92.69549571409682
750.732422 92.46884537272439
777.832031 92.50299582771784
804.931641 92.73023010226079
833.496094 92.59564844286166
862.792969 92.83330003897449
893.554688 92.9468032153952
925.048828 92.72984018700801
958.007812 92.4172763157735
991.699219 91.68154959880995
1026.855469 91.65122307158033
1063.476562 91.11891856416538
1100.830078 91.67313096976554
1140.380859 91.44024459341703
1180.664062 91.74007277185463
1222.412109 91.39364008855583
1265.625 91.75862836468869
1310.302734 91.59946365009118
1356.445312 92.0485320038383
1404.785156 92.01110489883126
1453.857422 91.90573466060427
1505.859375 91.77076144735905
1558.59375 91.73513128332185
1613.525391 91.50844201735842
1670.654297 91.56431142798778
1729.980469 91.43935103321252
1790.771484 91.64267168509856
1854.492188 91.87564332297627
1919.677734 92.10814440865602
1987.792969 92.39039168136138
2058.105469 92.45940625223308
2130.615234 92.74995897619652
2206.054688 92.21742372037225
2283.691406 91.7705669785237
2364.257812 91.38475928016477
2447.753906 91.03359878213654
2534.179688 90.75235052604727
2624.267578 91.16254765437203
2716.552734 91.48344426052991
2812.5 91.41409272250945
2912.109375 91.4993905563418
3014.648438 90.99488155112765
3120.849609 90.21768211029838
3231.445312 90.20138753435451
3345.703125 89.8182348721601
3463.623047 90.63370550541701
3585.9375 91.25281555774127
3712.646484 91.84815935565304
3843.75 91.99445401495034
3979.248047 91.27894089349094
4119.873047 91.00075156227459
4264.892578 91.18362286739433
4415.771484 91.8344381439107
4571.044922 92.01945145392392
4732.910156 91.77460338846385
4899.902344 90.47502377130155
5072.753906 89.9857262604103
5251.464844 90.00701103925752
5436.767578 90.62863658801666
5628.662109 90.92901613704085
5827.148438 90.20588492453133
6032.958984 90.41051178800969
6246.09375 90.96067709179425
6466.552734 90.99538966379887
6694.335938 89.99180183742132
6930.908203 90.28142361321008
7175.537109 90.74538743258447
7428.222656 91.14406158637057
7690.429688 91.05276917048927
7962.158203 91.83285705177788
8242.675781 92.30822356501183
8533.447266 91.61921267937875
8834.472656 91.07921461103228
9146.484375 90.78612725905514
9468.75 90.37275338826606
9802.734375 91.12951125006764
10149.169922 92.40551440249241
10506.591797 92.23859605724682
10877.929688 91.74611810617056
11260.986328 90.63632047391228
11658.691406 91.89441969837331
12069.580078 93.47422783755273
12495.849609 93.60309842227923
12936.767578 93.0192706980392
13393.066406 92.0508987181388
13865.478516 91.14875959602826
14354.003906 90.0158705388795
14860.839844 89.85714669259836
15384.521484 90.3353400094547
15927.246094 90.99491821170317
16489.013672 91.41176502927001
17070.556641 91.412809449094
17673.339844 90.57905420071368
18296.630859 89.13518583442773
18941.894531 86.85804272747296
19609.863281 85.57459848493383
