Freq "Early Reflections"
22.4 36.7530249543812
23.0 38.77022540295681
23.6 41.67218276656337
24.0 43.48701587635858
25.0 43.36822231463239
25.8 46.102636263487085
26.5 47.52355065725885
27.2 47.81595822749358
28.0 50.00760238894745
29.0 48.29460452374536
30.0 51.896882079814816
30.7 53.87327506309711
31.5 55.090142987061654
32.5 57.15083158895109
33.5 55.66488321516937
34.5 59.275780502557694
35.5 58.57171651033926
36.5 61.49083027073624
37.5 60.74485434623321
38.7 63.31541628629495
40.0 64.12332182829834
41.2 66.32487219074162
42.5 67.62865559086882
43.7 68.84882037567061
45.0 70.67306771580903
46.2 71.56152625110028
47.5 69.96394526207641
48.7 71.75646788299258
50.0 74.46651497428454
51.5 75.7540065176245
53.0 80.19672162708596
54.5 83.67895327454333
56.0 86.65274705739691
58.0 89.36793158799273
60.0 92.09678781173915
61.5 94.768854647164
63.0 97.08366465005076
65.0 98.99353794936863
67.0 100.68270921573043
69.0 102.18806108549998
71.0 103.49932391413427
73.0 104.7377045647863
75.0 105.89237598102184
77.5 106.81454569828033
80.0 107.48007918314866
82.5 107.91623504756339
85.0 108.12369356015721
87.5 108.06286070946966
90.0 107.85285068396243
92.5 107.39185986438082
95.0 106.77357394268037
97.5 106.13160847431294
100.0 105.61693648230931
103.0 105.26513370940499
106.0 105.15523671016649
109.0 105.16977939765822
112.0 105.2750577662212
115.0 105.3493223524622
118.0 105.35718664826021
122.0 105.26303476827671
125.0 105.15074463121525
128.0 105.02909506566385
132.0 104.9362793121329
136.0 104.84123970519045
140.0 104.66586000063585
145.0 104.51926617066624
150.0 104.560961461621
155.0 104.78011272601412
160.0 104.91391478858583
165.0 104.98879343262855
170.0 105.12323235072029
175.0 105.25537548097203
180.0 105.25903848073855
185.0 105.09106616388496
190.0 104.81105541176129
195.0 104.74075735088256
200.0 104.81608545482842
206.0 104.86693217036161
212.0 104.91233432526631
218.0 104.98800758246993
224.0 104.9880757683348
230.0 104.86927448152431
236.0 104.58893424537197
240.0 104.15098510860275
250.0 103.54136633647832
258.0 102.80187724140238
265.0 102.22497784451599
272.0 102.03630624499381
280.0 102.3243947428726
290.0 103.01059996302402
300.0 103.35836861603767
307.0 103.34514054131964
315.0 103.37302481280273
325.0 103.3796195283872
335.0 103.11203914203463
345.0 102.83054050892012
355.0 102.779801081059
365.0 102.97842583740929
375.0 103.3429203829875
387.0 103.77296061091508
400.0 103.91072675847485
412.0 103.74035347833595
425.0 103.39406690707807
437.0 102.89729540742539
450.0 102.67409111793404
462.0 103.0361933205301
475.0 103.69752059406648
487.0 103.86935926075643
500.0 103.37792043906147
515.0 102.68511914716406
530.0 102.46743000506652
545.0 102.78790067508504
560.0 102.8657812749764
580.0 102.5683817821418
600.0 102.39521369680367
615.0 102.35356737434086
630.0 102.00857631601131
650.0 101.79658858268145
670.0 102.04602455996871
690.0 103.00165249124294
710.0 104.4096493880212
730.0 104.1969531788705
750.0 101.84372152874971
775.0 101.0992700175432
800.0 102.55921453136683
825.0 103.34693734075753
850.0 103.37449254948574
875.0 103.22613466390037
900.0 103.28073591671121
925.0 103.15302004602434
950.0 103.1740277522771
975.0 103.87585104356863
1000.0 103.97567993744167
1030.0 102.86884842595265
1060.0 101.29388507914425
1090.0 100.72214066462499
1120.0 101.50837974981886
1150.0 101.77576808841457
1180.0 101.24358251350381
1220.0 100.8128558335455
1250.0 100.5121006981976
1280.0 100.35733355652145
1320.0 99.87424103173961
1360.0 99.33181153010909
1400.0 99.16006153302541
1450.0 98.87377885805803
1500.0 98.37309285450152
1550.0 98.65673120105137
1600.0 99.79380489959807
1650.0 100.78298369519605
1700.0 100.89028343083467
1750.0 100.53647244524105
1800.0 100.83462757106429
1850.0 101.46054183188657
1900.0 101.45028148145128
1950.0 100.9518023131123
2000.0 100.50114867963605
2060.0 100.30499253239306
2120.0 100.12243518496867
2180.0 100.1891651760428
2240.0 100.04466387082493
2300.0 99.40185654633771
2360.0 99.3920889635682
2400.0 100.07119174372555
2500.0 100.4462913003153
2580.0 100.73588011780633
2650.0 100.84696769244033
2720.0 101.05311919406816
2800.0 101.1003298316188
2900.0 100.79190974188035
3000.0 100.87550997470954
3070.0 100.45611943123416
3150.0 99.8433560835273
3250.0 99.76396061449866
3350.0 99.61494816160359
3450.0 99.46346313923047
3550.0 99.91903783752016
3650.0 100.46237763364957
3750.0 101.04707404465252
3870.0 102.2234745734999
4000.0 102.48801029881979
4120.0 102.20205254271022
4250.0 102.04851074576285
4370.0 102.14186440507977
4500.0 102.51933789613011
4620.0 102.59383212580326
4750.0 101.89223068134187
4870.0 101.30559443826147
5000.0 100.8346925099846
5150.0 100.19692077857553
5300.0 99.49375927315339
5450.0 99.67306184957569
5600.0 101.29506842254156
5800.0 102.49623551713235
6000.0 103.33997645803116
6150.0 103.04150790347325
6300.0 102.21878194425767
6500.0 101.75699908715697
6700.0 100.96474018555625
6900.0 99.21070332725247
7100.0 97.78124295487522
7300.0 98.67399894275832
7500.0 100.22531498211457
7750.0 101.52462169553459
8000.0 103.09291046364035
8250.0 103.65520286575031
8500.0 102.79704532649167
8750.0 101.01467595343922
9000.0 99.92018382294984
9250.0 100.05833565498973
9500.0 101.51269135669344
9750.0 103.46048765665239
10000.0 103.55369356589888
10300.0 102.1830610445077
10600.0 101.01899135925598
10900.0 100.20887173937443
11200.0 100.2146390063335
11500.0 102.13458663811389
11800.0 103.71830504096656
12200.0 102.79049692116828
12500.0 103.47081827416483
12800.0 104.09129607636862
13200.0 101.98517082172202
13600.0 102.76524986031995
14000.0 103.98355010392585
14500.0 102.82792777352302
15000.0 102.25405890270346
15500.0 99.5904155905755
16000.0 97.11374852100695
16500.0 99.6637129229686
17000.0 100.3919361593508
17500.0 97.62376489860657
18000.0 98.49140571054419
18500.0 98.57469088931934
19000.0 83.59223443737301
19500.0 75.15003324153255
