Freq "Listening Window"
20.5078 51.14653454038188
21.9727 57.55526738757945
23.4375 57.83395654614225
24.9023 57.82883641871962
26.3672 59.65190537253039
27.832 62.62641950701553
29.2969 64.20257515245004
30.7617 67.73372150895955
32.2266 69.84722479587461
33.6914 71.82402134016627
35.1562 73.47914713635956
36.6211 75.13409932944701
38.0859 76.89255121265668
39.5508 78.39006206622868
41.0156 79.14123081712304
42.4805 80.01856494602202
43.9453 81.40148826811489
45.4102 82.49923660029316
46.875 83.62312052755087
48.3398 84.77103298371864
51.2695 86.60180158660133
52.7344 87.53256690018559
54.1992 88.41478651225597
55.6641 89.32980511363482
58.5938 90.88674922028522
60.0586 91.61042136563279
62.9883 92.98852129500403
64.4531 93.58873463355052
67.3828 94.56496176692127
68.8477 94.98253854966748
71.7773 95.56561940807539
74.707 96.12029660330288
77.6367 96.59633363362336
79.1016 96.82053316377576
82.0312 97.15883331320475
84.9609 97.40941159681545
87.8906 97.59515570007711
90.8203 97.85438434311125
95.2148 98.30164897783334
98.1445 98.2898792484637
101.074 98.22383552397817
105.469 98.17533489476543
108.398 98.16049999179594
112.793 98.16906580340816
117.188 97.93045799160421
120.117 97.86721927842301
124.512 97.73169351350745
128.906 97.29871910845975
133.301 97.04379779624175
139.16 96.8547725874196
143.555 96.73942301618672
147.949 96.57118703884994
153.809 96.10024184916666
159.668 95.93396867036864
165.527 95.74936821505133
171.387 95.61931152440735
177.246 95.4596947389997
183.105 95.2622826388471
188.965 94.87400560221623
196.289 94.79973953116156
203.613 94.66523485286217
210.938 94.39328516759169
218.262 94.20870856811507
225.586 94.39876848090057
232.91 94.42538565888965
241.699 94.38698847784931
250.488 94.51431515038449
259.277 94.44418199708474
268.066 94.29765677059228
276.855 94.35257065751046
287.109 94.16323839841931
297.363 94.59177394006636
307.617 94.43210397160485
319.336 94.4995099328909
329.59 94.18871650088596
341.309 94.28926723431694
353.027 94.16654507408167
366.211 94.24419302530436
379.395 94.27498830239043
392.578 93.75786879875575
405.762 93.74613298261343
420.41 93.79039773226128
435.059 93.62900579784787
451.172 93.95875035524983
465.82 94.64848050852117
483.398 95.23283855351441
499.512 95.15805844741008
517.09 94.39175463290954
536.133 94.24999852432265
555.176 93.95478699028865
574.219 94.12189282059924
594.727 94.3665573119062
615.234 94.8793206958461
637.207 94.5396783966106
659.18 94.45525889151298
682.617 94.94876138734836
707.52 94.5744765369277
732.422 93.69453033967763
757.324 92.65319161568094
785.156 91.42873195104033
811.523 91.70727771222721
840.82 94.05255688465297
870.117 95.74262022417959
900.879 96.07149051911784
933.105 95.33298495342063
965.332 96.65886163502921
1000.49 96.57782361751666
1035.64 96.31727155875637
1072.27 95.85253541264882
1108.89 95.75427617812326
1148.44 95.21658774092096
1189.45 94.57457826388945
1230.47 93.07418705155598
1274.41 93.0136177496116
1319.82 94.10248126356399
1366.7 95.54614454462934
1413.57 95.49845979488815
1463.38 94.22299527836438
1516.11 93.08160881199342
1568.85 94.7598001589767
1624.51 95.91323944311296
1681.64 95.99235119103932
1741.7 95.78331869358483
1803.22 94.62342539749307
1866.21 93.01026212720627
1932.13 91.70993106522444
1999.51 92.29228681652219
2069.82 92.72549249532702
2143.07 92.24231958161472
2219.24 90.54437664023102
2296.88 89.40273059452966
2378.91 89.3825915475283
2462.4 90.11767109401715
2548.83 89.72001506516291
2639.65 88.49801110956
2731.93 88.68556073776227
2828.61 90.33393748823376
2928.22 91.98500204229607
3030.76 93.01150927647916
3137.7 93.28185053913315
3249.02 92.89123279975769
3363.28 92.56098699791809
3481.93 92.02367186971834
3604.98 91.81409305101755
3732.42 92.31774641287257
3864.26 92.06367108227457
4000.49 92.81925606755158
4141.11 93.91123000885369
4287.6 94.22052908867656
4438.48 93.8975191109351
4595.21 92.54131993033063
4756.35 92.69573882173773
4924.8 94.22492781251668
5097.66 93.48583117734198
5277.83 92.98309463933006
5463.87 92.29557533848848
5657.23 92.0069395525401
5856.45 91.56917023199232
6062.99 92.06331253518806
6276.86 92.03585522499428
6498.05 92.94560134239137
6726.56 93.5042737179466
6963.87 93.88278754162559
7209.96 94.34828968667706
7464.84 93.86156492565617
7727.05 94.90053739314868
7999.51 94.66787125811712
8282.23 94.42861459239172
8573.73 93.18354867784912
8876.95 92.54361524362201
9188.96 93.05259591896707
9514.16 94.12391811356875
9849.61 94.37281676450033
10196.8 93.77081817663333
10555.7 93.09934030566161
10927.7 92.72351884551603
11313.0 92.10222919154573
11712.9 91.57582940060128
12126.0 91.97261821001824
12553.7 93.25407822409863
12996.1 93.75447392748032
13454.6 93.37828431443013
13929.2 92.83080747546424
14419.9 92.28690910279593
14928.2 92.08700140517064
15455.6 92.01305404270178
16000.5 91.61404005260934
16564.5 91.35368865037108
17148.9 91.38307027000454
17752.4 91.52807153293953
18379.4 91.46510911933389
19026.9 91.16662724783805
19697.8 90.61939399313408
19999.5 90.17736272044039
