Freq "Total Early Reflection"
20.5078 65.5228933110311
21.2402 65.33565010603986
21.9727 66.7975911007518
22.7051 67.1826289604685
23.4375 68.39799038291072
24.1699 69.15560585680977
25.6348 70.87772730823265
26.3672 71.60060284871237
27.0996 72.43104970256452
27.832 72.98135735506963
29.2969 74.25263778630868
30.0293 74.91715633042139
31.4941 76.53945668015523
32.2266 77.0608567220292
33.6914 78.30493746027673
34.4238 78.87956231239107
35.8887 79.79254771348937
37.3535 80.93879008050958
38.8184 81.87822217328717
39.5508 82.09082811610946
41.0156 82.75698851194296
42.4805 83.64959219692341
43.9453 84.28795238277014
45.4102 84.65131478171776
47.6074 85.55634053905966
49.0723 86.0312669059842
50.5371 86.41859018623362
52.7344 87.0383694609473
54.1992 87.43087769534803
56.3965 87.94670794345619
58.5938 88.39150989487874
60.0586 88.651140900049
62.2559 88.97459703258072
64.4531 89.24077317810837
66.6504 89.44367888237248
69.5801 89.80107316766605
71.7773 89.97434951285146
73.9746 90.19826380901745
76.9043 90.36962677843863
79.834 90.52349081945171
82.7637 90.6425153901392
85.6934 90.72269663844071
88.623 90.76657579006645
91.5527 90.72044441363202
94.4824 90.69513837453363
98.1445 90.64670000775533
101.807 90.5465838127519
105.469 90.4675246856098
109.131 90.43586629922731
112.793 90.47364928236907
116.455 90.36520851244444
120.85 90.32729407161744
125.244 90.27958085803839
129.639 90.15260050661935
134.033 90.0092918105115
138.428 89.74367242424155
143.555 89.46736376377028
148.682 89.30539065397735
153.809 89.23362036732918
159.668 89.36001369151155
164.795 89.63059226697473
170.654 89.75887479410544
176.514 89.3597073123446
183.105 88.92129514021198
189.697 89.0567575132704
196.289 89.28326890377282
202.881 89.37599645413887
210.205 88.8936863219839
217.529 88.93939533429311
225.586 89.04821010002097
232.91 88.83527897365751
241.699 88.74422623164166
249.756 88.51170979735886
258.545 89.47454314751508
268.066 88.93232132187477
277.588 89.11380213820078
287.109 88.8639642082679
297.363 88.50762583865543
307.617 88.86248128917747
318.604 88.48794934269068
329.59 88.50213054633609
341.309 89.17106433913378
353.76 89.25990069473359
366.211 88.92819665440278
378.662 88.74345597345435
392.578 88.41459716812179
405.762 87.93062714085028
420.41 88.491445378933
435.059 88.56794707277483
450.439 88.01361891147937
466.553 87.76926212904085
482.666 88.07430376622308
500.244 87.8567598684529
517.822 87.58672615427086
536.133 87.77796000732054
554.443 87.13484389942775
574.219 87.63895267398976
594.727 87.45482582795151
615.234 87.47463060259842
637.207 88.15052446366569
659.912 88.46939798696962
683.35 89.02435113204557
706.787 89.09055911556788
731.689 88.8096394889026
758.057 88.82793797070921
784.424 88.4887374709554
812.256 88.37237947467604
840.82 88.10402777840962
870.85 88.0454155679148
901.611 88.50457508396066
933.105 87.94523479104907
966.064 87.92074935688885
999.756 88.56113778380744
1034.91 87.47112247882934
1071.53 87.18558872955883
1109.62 87.2797732382657
1148.44 87.74719344885376
1189.45 87.73160868275366
1231.2 87.31902258421674
1274.41 87.8122734714839
1319.82 87.34918502479108
1365.97 86.51721663136857
1414.31 85.66718250820311
1464.11 85.60244368016053
1515.38 85.50213436105008
1568.85 84.78382577056718
1624.51 83.97798157869833
1681.64 83.48127502245733
1740.97 83.79602540302142
1802.49 84.12179853713711
1866.21 83.82745554949781
1932.13 83.04363196813823
2000.24 83.97210767054486
2070.56 84.60513477557069
2143.8 84.06242096683609
2219.24 83.76958337079712
2297.61 84.62673820679599
2378.17 85.00435186090768
2462.4 84.46345772184219
2548.83 84.57829988351868
2638.92 84.99366541631784
2731.93 85.21278589766
2828.61 85.44395120714177
2928.22 85.29654112142835
3031.49 85.54860102632065
3138.43 86.02689562465297
3249.02 86.0490997891829
3363.28 85.91469608789153
3481.93 86.17907015965648
3604.98 86.24136672767126
3732.42 86.37593896700511
3863.53 86.61427199254585
3999.76 86.63075204250529
4141.11 86.54550532588435
4286.87 86.69624927177354
4438.48 86.4883267145028
4594.48 86.79699795942268
4757.08 86.6972386850528
4924.8 86.77114581817243
5098.39 86.7090621857594
5277.83 86.56406068142734
5463.87 86.66923732163879
5656.49 86.54869149158672
5856.45 86.55740734992398
6062.99 86.63802384307887
6276.86 86.74787584896916
6498.05 86.72810085895789
6727.29 86.57374353011296
6964.6 86.34220607998762
7209.96 86.06659009504139
7464.11 85.79357571002198
7727.78 85.67157838053483
8000.24 85.86422012006952
8282.23 86.2360683554278
8574.46 86.3076415647438
8876.22 86.01467360114962
9189.7 85.47477029928986
9513.43 85.1350523414173
9848.88 85.20207767528557
10196.8 85.33847578842277
10556.4 85.32336585616103
10928.5 85.14454491541846
11313.7 84.74428473524445
11712.9 84.23284581083045
12126.0 83.91262760073842
12553.7 83.59481490087458
12996.1 83.1952253689831
13454.6 82.773499417183
13928.5 82.37435555188843
14419.9 82.36181664747467
14928.2 82.58436821689487
15454.8 82.75929826036445
15999.8 82.41549038092703
16564.5 82.25155503014823
17148.2 82.27490771724621
17753.2 82.08803250500819
18379.4 81.33502627014676
19027.6 80.41063491020327
19698.5 79.6310015223495
19999.5 79.21326458396135
