Freq "Early Reflections DI"
20.5078 49.500517866195196
21.9727 50.247821892493675
23.4375 50.357928607510274
24.9023 50.691030813400914
26.3672 49.292273844325905
27.832 49.16959893435356
29.2969 49.237243071672964
30.7617 49.30577774109729
32.2266 49.370434114182814
33.6914 49.38699282348067
35.1562 49.408731810856665
36.6211 49.43035324636274
38.0859 49.48716863617476
39.5508 49.4961836945304
41.0156 49.51721259129138
42.4805 49.54246478119825
43.9453 49.55612615658603
45.4102 49.586575888478805
46.875 49.57766646669454
48.3398 49.62303427388713
51.2695 49.68922243169348
52.7344 49.71497870351334
54.1992 49.73043471126914
55.6641 49.74983714339129
58.5938 49.798062942269155
60.0586 49.82244345465821
62.9883 49.88277618244621
64.4531 49.91731723907431
67.3828 49.93398373885168
68.8477 49.93837950398212
71.7773 49.96485892446347
74.707 49.98892297213652
77.6367 49.98581561612296
79.1016 49.998069209390664
82.0312 50.023403025759066
84.9609 50.049235930728656
87.8906 50.08268268260646
90.8203 50.12861988802369
95.2148 50.154850881362904
98.1445 50.18365561476446
101.074 50.224977186639705
105.469 50.27312534590999
108.398 50.258254536719875
112.793 50.25380126325622
117.188 50.31969180871518
120.117 50.44013430366249
124.512 50.43247941351626
128.906 50.49226016240749
133.301 50.55988879150641
139.16 50.52933217036771
143.555 50.580912113154426
147.949 50.676459514618855
153.809 50.73871662520597
159.668 50.694403999986974
165.527 50.80553236139323
171.387 50.85786815617813
177.246 50.7888179424951
183.105 50.91286437534431
188.965 50.97545852973394
196.289 50.98724590617124
203.613 51.06021080251685
210.938 51.2226446025025
218.262 51.23718325264521
225.586 51.1669576732163
232.91 51.38470588982655
241.699 51.419970740506955
250.488 51.64106731199814
259.277 51.60638517481691
268.066 51.33969869483259
276.855 51.54875474813916
287.109 51.5658611754838
297.363 51.71717330128638
307.617 51.56191010506376
319.336 51.63747340175024
329.59 51.65674048349203
341.309 51.7699863901253
353.027 51.850942432734016
366.211 51.78325586462442
379.395 51.705407365496086
392.578 51.75722586118039
405.762 51.43358721469379
420.41 51.634885178814955
435.059 51.627548839879765
451.172 51.75304137540492
465.82 52.20020349257483
483.398 52.03658825231115
499.512 51.79189644164501
517.09 51.8324472407443
536.133 51.81545508595907
555.176 52.04060468332948
574.219 52.81658431780703
594.727 52.43206438499024
615.234 52.491139169526534
637.207 52.20551876041968
659.18 52.345580097996745
682.617 52.96971198220069
707.52 52.637963206297016
732.422 52.31683168086194
757.324 52.184055448074844
785.156 52.00331289276755
811.523 52.320984417202396
840.82 52.13312611605092
870.117 52.57013915447152
900.879 52.76886692774117
933.105 52.14976211439824
965.332 52.33201082311214
1000.49 52.524733312600205
1035.64 52.8016418802933
1072.27 52.571509327184515
1108.89 52.707338317309265
1148.44 52.723096304136234
1189.45 52.78103880792315
1230.47 52.489507326065905
1274.41 52.373273632709186
1319.82 52.59239490808605
1366.7 52.45828182538595
1413.57 52.771749969867884
1463.38 52.96047852786782
1516.11 52.89470572861913
1568.85 52.52471942992075
1624.51 52.86742943905422
1681.64 52.96125209135266
1741.7 52.80047764147916
1803.22 52.94698352986434
1866.21 53.14893053121973
1932.13 53.42941355786232
1999.51 53.49926583027059
2069.82 53.89829287942055
2143.07 54.53687599681406
2219.24 54.80016547513959
2296.88 54.648266236372095
2378.91 55.1533086321776
2462.4 55.33163151226711
2548.83 55.41557744827297
2639.65 55.87908300613951
2731.93 55.911786217599555
2828.61 55.700540426335465
2928.22 55.813471625006315
3030.76 55.76949208811287
3137.7 55.775204514969104
3249.02 55.67085362767051
3363.28 55.0555634706364
3481.93 54.66525794581655
3604.98 54.143363843577475
3732.42 53.806041543928885
3864.26 53.307912713317194
4000.49 53.02513745763551
4141.11 52.47731011958706
4287.6 52.3291079526397
4438.48 52.15246376872494
4595.21 51.91302329126245
4756.35 51.932896391323666
4924.8 51.76704167191477
5097.66 51.91041600145088
5277.83 52.08286779313393
5463.87 52.3664115879764
5657.23 52.3387754304929
5856.45 52.473111293262264
6062.99 52.73602456402651
6276.86 52.96095301574758
6498.05 53.19026554651789
6726.56 53.18108736519818
6963.87 53.14815147183673
7209.96 53.18115732328661
7464.84 53.30971928382621
7727.05 53.57067326008227
7999.51 53.69843983492811
8282.23 53.85540764810527
8573.73 54.00381918853827
8876.95 54.13137637222421
9188.96 54.23081881171332
9514.16 54.134094863319206
9849.61 53.96498206151108
10196.8 53.79922480244262
10555.7 53.94361413587609
10927.7 54.068038698666456
11313.0 54.291808989877055
11712.9 54.48400145593715
12126.0 54.74219221009898
12553.7 54.928980629612454
12996.1 55.121627912565586
13454.6 55.2986866484442
13929.2 55.41518766865161
14419.9 55.44765723093484
14928.2 55.47580529984738
15455.6 55.582056370169596
16000.5 55.74161643362103
16564.5 56.009985311936106
17148.9 56.264056926523054
17752.4 56.35170263806786
18379.4 56.3574624106875
19026.9 56.45411473836464
19697.8 56.52826410619579
19999.5 56.605745763945905
