Freq "Rear Wall Bounce"
20.5078 38.60331737707152
21.2402 40.703183369987855
21.9727 48.64711055466928
22.7051 50.281594681281334
23.4375 53.028196589121436
24.1699 53.93798529003591
25.6348 55.73237841420628
26.3672 57.13833660173664
27.0996 59.0837706649058
27.832 60.34438242999029
29.2969 62.001219116143645
30.0293 63.59833971191175
31.4941 65.45526792727445
32.2266 66.36020089429002
33.6914 68.07254912961551
34.4238 68.8954820031043
35.8887 70.52876505595513
37.3535 72.02433033373985
38.8184 73.46636323448534
39.5508 74.14726037911622
41.0156 75.44601406194046
42.4805 76.65943433914661
43.9453 77.71241035044828
45.4102 78.64271140446503
47.6074 79.73961462516198
49.0723 80.42208439366634
50.5371 80.8526064906526
52.7344 81.30839627600434
54.1992 81.61390599714068
56.3965 81.94475078249128
58.5938 82.1111057251088
60.0586 82.2586257456381
62.2559 82.518887805581
64.4531 82.56034328932458
66.6504 82.73270249070555
69.5801 82.89713616615714
71.7773 83.04471655618634
73.9746 83.16755985463828
76.9043 83.29953465601291
79.834 83.51054501957023
82.7637 83.63083017441905
85.6934 83.81459193196568
88.623 84.03769418357751
91.5527 84.23400654353378
94.4824 84.41103031156804
98.1445 84.48369945715454
101.807 84.58379037030805
105.469 84.70481462452611
109.131 84.86635411430595
112.793 85.06659619286351
116.455 85.07676878674607
120.85 85.06574077378147
125.244 85.1567026550858
129.639 85.44896555348005
134.033 85.39097695160322
138.428 85.40473397774886
143.555 85.3774856102046
148.682 85.69360430373152
153.809 85.63422237570876
159.668 85.4625954204926
164.795 85.29388607278356
170.654 85.35261979676405
176.514 85.41618949083774
183.105 85.26933848029137
189.697 85.09705770530911
196.289 84.93376018507301
202.881 84.59516926025748
210.205 84.4543781812738
217.529 84.36228138251903
225.586 84.0344321216321
232.91 83.52633532238278
241.699 83.03546232958463
249.756 82.61998164407314
258.545 83.37393875057596
268.066 83.10705250236178
277.588 83.01644693234546
287.109 82.60293777827583
297.363 82.3236975976041
307.617 82.15011411838516
318.604 80.99828348567279
329.59 81.23694007962669
341.309 81.47837910967662
353.76 81.068130240175
366.211 80.28480778754106
378.662 79.91342450137792
392.578 80.1114333296935
405.762 79.66924962055528
420.41 79.80659563018781
435.059 79.5221281627448
450.439 78.65104621058255
466.553 77.09974462234788
482.666 78.08008894360366
500.244 77.8355243802526
517.822 76.41216019591339
536.133 74.75193727638172
554.443 75.64945336087239
574.219 77.53732030583262
594.727 81.13539770983469
615.234 82.07898176109174
637.207 81.8023248190903
659.912 81.23559630542584
683.35 79.86828579004231
706.787 79.67327429194731
731.689 80.39037651720304
758.057 79.81014523799999
784.424 79.5873386655626
812.256 79.5022956632766
840.82 76.4136636954923
870.85 75.64846569357503
901.611 75.72261796865794
933.105 78.62096085976994
966.064 78.96904429387818
999.756 79.9998806848791
1034.91 79.0310854494624
1071.53 76.58427453840304
1109.62 77.39960974238724
1148.44 76.9599782154764
1189.45 75.91303815049953
1231.2 76.70045299173344
1274.41 74.95581223804349
1319.82 75.68342056480996
1365.97 74.34793774652438
1414.31 74.81976821011983
1464.11 74.06231537397035
1515.38 74.55380924970626
1568.85 73.62499134948256
1624.51 73.59582161355543
1681.64 72.84495952747517
1740.97 73.53232991449465
1802.49 73.7019768232148
1866.21 74.14773984430231
1932.13 73.62423807056625
2000.24 74.30797808637273
2070.56 74.67480192890454
2143.8 74.73464383548186
2219.24 74.90253671455208
2297.61 74.65647501087086
2378.17 74.87806548241478
2462.4 73.83010849884016
2548.83 74.03196247167683
2638.92 74.45538779446316
2731.93 73.86078127155399
2828.61 74.43857569118606
2928.22 74.47738680947472
3031.49 74.7762441227368
3138.43 75.11003817856614
3249.02 74.79736669556223
3363.28 74.6007355964277
3481.93 73.72450562306992
3604.98 73.681550424091
3732.42 73.95424117830994
3863.53 73.33928343216128
3999.76 73.6856895251088
4141.11 73.80593083209318
4286.87 73.347817408567
4438.48 72.81295336362557
4594.48 72.94922912597869
4757.08 72.33674619661824
4924.8 71.84223305260853
5098.39 71.87661070069464
5277.83 71.76146915097168
5463.87 71.52266003194353
5656.49 71.66461515733808
5856.45 71.58806474418394
6062.99 72.09039304702421
6276.86 71.77298208470432
6498.05 71.05856951950936
6727.29 70.59886657457204
6964.6 70.1193891186812
7209.96 69.2804978709837
7464.11 68.59021164921889
7727.78 67.28601591883765
8000.24 66.15377594325892
8282.23 65.64480524026338
8574.46 65.75631109186021
8876.22 65.20268180463191
9189.7 65.0432742778841
9513.43 65.21813813039971
9848.88 65.10707451048054
10196.8 64.41344187003033
10556.4 63.58157224665402
10928.5 62.33876622508767
11313.7 62.568363915556475
11712.9 62.59420049822435
12126.0 62.144822960199306
12553.7 62.295250564771024
12996.1 62.044269326268065
13454.6 61.52075945382184
13928.5 61.085187215543286
14419.9 60.79917304836282
14928.2 59.49981745708901
15454.8 59.024548222305256
15999.8 58.944193662811
16564.5 58.05762271709766
17148.2 56.085176639069985
17753.2 53.68634454413554
18379.4 49.80229348890619
19027.6 44.915704016546
19698.5 42.40962723221689
19999.5 44.381801755654536
