Freq "Listening Window"
22.4 -14.20301329225947
23.0 -14.27765815252232
23.6 -14.324327668377862
24.0 -14.263708774642026
25.0 -13.665373410322871
25.8 -12.573495278061245
26.5 -10.515672172063347
27.2 -5.5994716959565665
28.0 -1.7421003657689198
29.0 1.1252736753895078
30.0 3.834201115630634
30.7 5.880300715122502
31.5 7.871169048332689
32.5 9.92468877200426
33.5 12.62498038354957
34.5 16.170589663552704
35.5 19.17263801057777
36.5 20.189173128779743
37.5 22.048907135300396
38.7 23.25189641521024
40.0 23.409125467559193
41.2 23.51344748471638
42.5 29.57135611385658
43.7 36.381338351063704
45.0 31.982638609487793
46.2 28.575868319203494
47.5 32.05148706629939
48.7 36.02601756502867
50.0 35.1496096960889
51.5 34.87769985701635
53.0 35.98559848789287
54.5 37.967503076890125
56.0 40.249837340930014
58.0 42.54856002489845
60.0 44.80040625280057
61.5 46.31551920305529
63.0 48.16969381681642
65.0 50.284350953633805
67.0 52.00155882201008
69.0 53.545241283934104
71.0 55.09002781022308
73.0 56.633849615662825
75.0 58.06795310641208
77.5 59.414323752237294
80.0 60.680858411105916
82.5 61.83568021547043
85.0 62.957666814017074
87.5 63.89081526062088
90.0 64.71358174091526
92.5 65.42346393421522
95.0 66.06717965375995
97.5 66.72319152961714
100.0 67.27954266362143
103.0 67.94498807390715
106.0 68.45583957685777
109.0 68.84498217571202
112.0 69.18900192004665
115.0 69.51148068598391
118.0 69.83384370232102
122.0 70.25609215500938
125.0 70.62317980880078
128.0 70.87822721186673
132.0 71.14498217571202
136.0 71.38900192004664
140.0 71.7114806859839
145.0 71.93358982687998
150.0 72.07797591781377
155.0 72.28925841531061
160.0 72.55609803813525
165.0 72.70077345300582
170.0 72.64551230904299
175.0 72.612525188829
180.0 72.69056469391148
185.0 72.69238390861253
190.0 72.5910477580943
195.0 72.5356206840857
200.0 72.53665939792248
206.0 72.40509783474936
212.0 72.40509783474936
218.0 72.54981624106152
224.0 72.61778246766357
230.0 72.6616943214741
236.0 72.89884244887442
240.0 72.92488232851517
250.0 73.01343112096166
258.0 73.16690609261732
265.0 73.13801238415887
272.0 73.17924979826319
280.0 73.0910302470618
290.0 73.11475123645124
300.0 73.1917648465414
307.0 73.22318560174546
315.0 73.38004505592413
325.0 73.48700860750057
335.0 73.62240020941863
345.0 73.62017807691143
355.0 73.77249821587469
365.0 73.83920322092233
375.0 73.8820601584665
387.0 73.74753759997563
400.0 73.5699738260637
412.0 73.36090170960878
425.0 73.26090170960879
437.0 73.16090170960878
450.0 73.16063752019826
462.0 73.14980404287098
475.0 73.20483022867688
487.0 73.14980404287098
500.0 73.14037254002034
515.0 73.14037254002034
530.0 73.09428176701228
545.0 73.09487592132677
560.0 73.05061006445948
580.0 73.29202714924536
600.0 73.46792963490005
615.0 73.45737274056711
630.0 73.2247130936202
650.0 73.09258062355043
670.0 73.06529709023512
690.0 73.09810938902478
710.0 73.15394006558691
730.0 73.28636447716993
750.0 73.40465582650373
775.0 73.456076695912
800.0 73.54370602539379
825.0 73.5604919331695
850.0 73.35226967970527
875.0 73.18439010359262
900.0 73.12080123993981
925.0 72.98257972698724
950.0 73.30861143295255
975.0 73.43696244017056
1000.0 73.73374103336191
1030.0 73.86487153781916
1060.0 73.75049724347018
1090.0 73.42646613306997
1120.0 73.51212963441891
1150.0 73.62359547731091
1180.0 73.7062051900167
1220.0 73.65780857362562
1250.0 73.60452897263666
1280.0 73.63671820317208
1320.0 73.51966450338418
1360.0 73.55317499739712
1400.0 73.47929748791952
1450.0 73.62152221491135
1500.0 73.652457439678
1550.0 73.42462355805435
1600.0 73.33912322586917
1650.0 73.00483118520064
1700.0 73.01529178605166
1750.0 73.23503768887393
1800.0 73.32335663180436
1850.0 73.43698874876652
1900.0 73.40402527651008
1950.0 73.6928395601816
2000.0 73.51311958297048
2060.0 73.46368366529441
2120.0 73.4029703474469
2180.0 73.33684128524914
2240.0 73.46207031327316
2300.0 73.78952413233777
2360.0 73.83871631564088
2400.0 73.86600392690931
2500.0 74.03788104433953
2580.0 73.96226320400704
2650.0 73.71825240527367
2720.0 73.54602466910342
2800.0 73.47831386617548
2900.0 73.33572940889967
3000.0 73.3992772943184
3070.0 73.7649147854493
3150.0 73.96236714145796
3250.0 74.3906242099816
3350.0 74.52186488497574
3450.0 74.63892378640044
3550.0 74.65931578391891
3650.0 74.51883939581636
3750.0 74.48721159222369
3870.0 74.55596791302285
4000.0 74.78785684574164
4120.0 75.10638870727007
4250.0 75.30254881304468
4370.0 74.82294830283399
4500.0 74.69677499780639
4620.0 74.57699244609908
4750.0 74.67686069990307
4870.0 75.05786214443302
5000.0 75.53983645009845
5150.0 75.6562997932972
5300.0 75.42974190087054
5450.0 75.09069459824404
5600.0 75.06444830020519
5800.0 75.32070403843778
6000.0 75.76352538301506
6150.0 76.01080969317938
6300.0 75.96621612040559
6500.0 75.79944496413755
6700.0 75.85035016207571
6900.0 75.91160473907951
7100.0 75.84154366984839
7300.0 75.88919815309605
7500.0 75.70700859981841
7750.0 75.7691121747396
8000.0 76.20873053229923
8250.0 76.64828091218769
8500.0 77.30613305596432
8750.0 77.46835656243672
9000.0 77.23585701483147
9250.0 76.3655596622039
9500.0 76.06293555835141
9750.0 76.13593255575357
10000.0 77.20570339861294
10300.0 77.09795527551209
10600.0 76.49303269535659
10900.0 76.17986261629153
11200.0 75.73446546298752
11500.0 75.35235752785934
11800.0 75.57843623016471
12200.0 74.90373648043453
12500.0 74.12071205345514
12800.0 74.01033643674731
13200.0 75.03708532633308
13600.0 75.83119090845207
14000.0 74.85280241786407
14500.0 74.41732265691013
15000.0 74.8536316612487
15500.0 75.09113132710834
16000.0 74.79251328182708
16500.0 73.55401695644535
17000.0 72.95923914395794
17500.0 72.62879358707221
18000.0 72.14779671810173
18500.0 70.61358608438175
19000.0 68.82721093686806
19500.0 67.93938716344779
