Freq "Ceiling Bounce"
20.5078 60.716073085191255
21.9727 56.180269445414524
23.4375 66.88162818012523
24.9023 68.12990842591816
26.3672 71.64231577854667
27.832 75.09265765909312
29.2969 78.7082813478678
30.7617 81.5303579000944
32.2266 83.86713187680188
33.6914 85.21389599085319
35.1562 85.47453065014676
36.6211 85.2735057869626
38.0859 84.96344526678635
39.5508 84.73809170589499
41.0156 84.6250718535911
42.4805 84.40587253446758
43.9453 84.31357746605171
45.4102 84.32919785803819
46.875 84.44263285690778
48.3398 84.59777443986916
51.2695 84.94513456950087
52.7344 85.09767212948813
54.1992 85.32985774027942
55.6641 85.66492595303086
58.5938 86.29153754465796
60.0586 86.48203184265809
62.9883 86.87516207257633
64.4531 87.14694612682835
67.3828 87.70060821015693
68.8477 87.93052761761471
71.7773 88.34100684504038
74.707 88.75820039441314
77.6367 89.04640195054405
79.1016 89.15973454762253
82.0312 89.37804841005328
84.9609 89.51743145798625
87.8906 89.5102174695031
90.8203 89.55766768891849
95.2148 89.58852358621203
98.1445 89.51628195279727
101.074 89.53414015735923
105.469 89.74535514521087
108.398 89.81361109354128
112.793 89.71789858712738
117.188 89.64866601261744
120.117 89.75084469854316
124.512 89.73783715569496
128.906 89.52123874023715
133.301 89.3442288143068
139.16 88.84180191094642
143.555 88.51330976171059
147.949 88.1681385060821
153.809 87.92176809422544
159.668 87.69160718645126
165.527 87.81001457582232
171.387 87.75152178423689
177.246 87.61282329942003
183.105 87.37396784620223
188.965 87.67699888424703
196.289 88.09836040775491
203.613 87.9158867851769
210.938 88.30309257508382
218.262 88.55205781974732
225.586 88.54496291442146
232.91 88.59693042924675
241.699 88.29207264039404
250.488 87.66689387131629
259.277 87.74450466449403
268.066 87.0839364731869
276.855 87.20042045710947
287.109 87.5698608575528
297.363 87.34373960057931
307.617 86.70116745115237
319.336 86.47250006696945
329.59 86.38438825959754
341.309 85.92805115678061
353.027 86.04113809611049
366.211 86.01184139321998
379.395 85.27988602673587
392.578 85.73410489493789
405.762 85.29059630790846
420.41 85.1106786426299
435.059 85.08701375475874
451.172 84.91009713006947
465.82 85.12890499383518
483.398 85.00045933634375
499.512 85.96282495708492
517.09 85.3384932250861
536.133 84.5570543467086
555.176 85.45773952126001
574.219 85.17747079029135
594.727 85.44316833386367
615.234 86.09863371450362
637.207 84.41721511984026
659.18 86.19989885489443
682.617 86.02553246640804
707.52 85.74787520121119
732.422 86.939237500498
757.324 86.67736297910758
785.156 87.8165521520435
811.523 87.07861999702243
840.82 88.02500355634916
870.117 87.54734412513741
900.879 89.25846196805
933.105 87.85230375750345
965.332 87.28475806994531
1000.49 86.85057373051627
1035.64 87.0322094795641
1072.27 86.9544087572645
1108.89 87.08555962929823
1148.44 86.35101267811262
1189.45 86.83896303991519
1230.47 86.85756624463386
1274.41 86.10769814014161
1319.82 86.64263940483491
1366.7 86.3339093046348
1413.57 86.71204344147682
1463.38 86.47497567483951
1516.11 86.33339698526913
1568.85 85.57807626073077
1624.51 85.0912552887293
1681.64 85.49206663115746
1741.7 85.37103369220675
1803.22 84.37295462052248
1866.21 86.32876707006133
1932.13 86.34137346614615
1999.51 87.12767199718945
2069.82 85.87840184731861
2143.07 87.47598013253352
2219.24 85.60808697278559
2296.88 86.75015880451599
2378.91 85.88451858497011
2462.4 86.21109214554627
2548.83 85.8290238690627
2639.65 85.79900289359497
2731.93 84.99482564891633
2828.61 86.4272322908242
2928.22 83.91565117176498
3030.76 85.5139865448278
3137.7 83.51501992412054
3249.02 84.4536375485435
3363.28 84.26712169110388
3481.93 83.23272649313424
3604.98 83.20821412667952
3732.42 83.16182469474867
3864.26 82.54118715732149
4000.49 82.41659588304834
4141.11 82.45538084094736
4287.6 82.41968768664918
4438.48 82.40356119228743
4595.21 81.60047862017493
4756.35 81.60137782106135
4924.8 81.842984793524
5097.66 81.78767651486866
5277.83 81.85441800749446
5463.87 81.49479653997288
5657.23 81.79139454311905
5856.45 81.63196636113702
6062.99 82.72107784619608
6276.86 82.4019426499703
6498.05 82.50706489370731
6726.56 82.67481031042888
6963.87 82.85850983747643
7209.96 82.7744964722536
7464.84 83.44383002143698
7727.05 83.16218507217671
7999.51 82.70264491447035
8282.23 81.70685499807675
8573.73 81.57144515740231
8876.95 81.16830060231733
9188.96 81.4900388938593
9514.16 81.67331783125505
9849.61 81.6512667801908
10196.8 81.38894447639768
10555.7 81.56809531702734
10927.7 81.64441450339797
11313.0 81.67716486431556
11712.9 81.463033461538
12126.0 81.22668547317048
12553.7 81.0118339043032
12996.1 81.21211811723057
13454.6 81.48244147155452
13929.2 81.35848113164572
14419.9 81.23236100833924
14928.2 81.07799001398911
15455.6 80.95456472655641
16000.5 80.96070023466373
16564.5 80.80759898178539
17148.9 80.26123689017817
17752.4 79.58487328629334
18379.4 79.23349043448084
19026.9 78.74904782402864
19697.8 78.10218169751067
19999.5 78.25363952677787
