Freq "Floor Bounce"
20.5078 71.3051109786343
21.9727 74.2846689683947
23.4375 75.26696972708304
24.9023 75.99994420755743
26.3672 77.06064015204439
27.832 77.13767387528596
29.2969 77.45386729182344
30.7617 78.03510217394603
32.2266 78.48603620817183
33.6914 78.9585106293121
35.1562 79.29305635259777
36.6211 79.75725053892037
38.0859 80.1221632661564
39.5508 80.64059893631546
41.0156 81.19821546529859
42.4805 81.3613631783961
43.9453 81.94480850549728
45.4102 82.19284272492777
46.875 82.75372250234115
48.3398 83.24293988059301
51.2695 83.96946931972352
52.7344 84.34910247569692
54.1992 84.74503594021077
55.6641 85.28754019787982
58.5938 85.99315209017246
60.0586 86.3316748606479
62.9883 87.14926439732845
64.4531 87.50549387130022
67.3828 88.12384835008577
68.8477 88.32120125843733
71.7773 88.90716435653096
74.707 89.42478790462505
77.6367 89.87197283205353
79.1016 90.06319389435191
82.0312 90.46262720319102
84.9609 90.6656349143579
87.8906 91.03486304296368
90.8203 91.34963111811808
95.2148 91.45952820501432
98.1445 91.39761836935861
101.074 91.24440655855966
105.469 91.28117137682581
108.398 91.118142823118
112.793 90.55535270086254
117.188 90.23900129509596
120.117 90.58660425007612
124.512 90.49120582028769
128.906 90.26125632577278
133.301 90.03124735480043
139.16 89.31765649400805
143.555 89.01351289418758
147.949 89.31193156547158
153.809 88.836313789816
159.668 87.69139303379974
165.527 87.6667917026457
171.387 88.2154205681994
177.246 87.88698238807102
183.105 87.87086598687158
188.965 87.89656288690918
196.289 87.43167256019669
203.613 87.16025161938647
210.938 87.46543506232901
218.262 87.19406849770391
225.586 86.90683517071082
232.91 86.6776052216999
241.699 86.55509382410204
250.488 86.94832674184897
259.277 87.71172326471937
268.066 86.97423690871855
276.855 85.82436781361567
287.109 88.2708990549978
297.363 87.9909294022317
307.617 87.35205473099542
319.336 86.57752784203399
329.59 86.5306592187075
341.309 86.02942057672661
353.027 86.85844233273025
366.211 86.71184186336423
379.395 86.42322095765485
392.578 85.28836288294082
405.762 85.31780099520746
420.41 84.59439348930292
435.059 84.68456550792042
451.172 84.11314519368469
465.82 85.26245568874249
483.398 84.59656834690608
499.512 84.57463860922525
517.09 84.63706510185655
536.133 85.64410706885855
555.176 85.52461666320605
574.219 86.92055878228673
594.727 87.17173254707686
615.234 86.56950659754844
637.207 86.28150345193352
659.18 85.66062048604795
682.617 86.0047901284139
707.52 84.89944668196391
732.422 84.929216443868
757.324 84.66509874463854
785.156 83.18717511312309
811.523 84.23163050238462
840.82 83.20903999532769
870.117 83.55442575760773
900.879 83.00341572283281
933.105 82.19718879967412
965.332 81.03736288942717
1000.49 79.80281865419036
1035.64 78.85665321938535
1072.27 77.8743132535762
1108.89 77.75618545488116
1148.44 77.26821204538186
1189.45 76.56173463701452
1230.47 75.89042227016992
1274.41 73.44320415949095
1319.82 72.6929654306577
1366.7 73.53101518262237
1413.57 74.80636732389254
1463.38 76.57791232578188
1516.11 78.01237714758324
1568.85 78.60431000978778
1624.51 78.81294683897676
1681.64 79.29729906358433
1741.7 80.33267237153282
1803.22 81.27227488814812
1866.21 81.89513157818756
1932.13 81.53355356422631
1999.51 81.69360498417991
2069.82 82.75695020657079
2143.07 83.65287074793926
2219.24 83.13711739132724
2296.88 83.95450349670654
2378.91 84.84946788123867
2462.4 85.27725375124479
2548.83 85.542006775076
2639.65 85.71219335450363
2731.93 86.1458072150371
2828.61 86.73255892403657
2928.22 86.4231906270052
3030.76 86.22599850249738
3137.7 86.84027323029288
3249.02 86.6537555524105
3363.28 86.80284677597153
3481.93 87.15362236157316
3604.98 86.36467622846814
3732.42 86.3772873306169
3864.26 86.41219513095135
4000.49 86.28167845246335
4141.11 85.36838058562955
4287.6 86.14286252368478
4438.48 85.47866215387924
4595.21 86.96348011430771
4756.35 86.36691569989074
4924.8 85.36647823161755
5097.66 86.42914807559839
5277.83 86.40350276307836
5463.87 86.0362562003949
5657.23 87.03034172352237
5856.45 86.35284126800003
6062.99 85.63971094339715
6276.86 86.04647808426388
6498.05 85.80428059118712
6726.56 85.53584995669597
6963.87 85.25439055410834
7209.96 84.87613621474605
7464.84 84.76349121416196
7727.05 84.30956502402114
7999.51 83.90611280025865
8282.23 83.781195187767
8573.73 83.29526829563875
8876.95 83.03924259810105
9188.96 83.39690899599543
9514.16 83.57713109399374
9849.61 84.10384242042498
10196.8 84.25840460289739
10555.7 84.1124360589923
10927.7 83.83787459787283
11313.0 83.68118505940191
11712.9 83.11351414251914
12126.0 82.69814409598851
12553.7 81.98470905841641
12996.1 81.94778322482294
13454.6 81.98742522940591
13929.2 81.74120363562437
14419.9 81.80857706693214
14928.2 81.5004429120676
15455.6 81.19973400029296
16000.5 80.71331539865076
16564.5 80.32167296573577
17148.9 80.12046820617584
17752.4 80.79555471099597
18379.4 80.49637936464318
19026.9 79.90908520649516
19697.8 78.94445328887025
19999.5 78.22791139735288
