Freq "Side Wall Bounce"
22.4 47.13625195203598
23.0 48.24268141457485
23.6 49.50231344719326
24.0 51.59035820263465
25.0 53.34081552091273
25.8 54.80407129253963
26.5 55.99161430237474
27.2 57.1022666106423
28.0 59.992547697600926
29.0 62.6257009036412
30.0 64.43008967469807
30.7 65.62653306627148
31.5 67.22176531476444
32.5 70.5001833237738
33.5 72.55980417954271
34.5 73.98687975931118
35.5 75.190361567549
36.5 76.71353237293975
37.5 77.96315927224951
38.7 78.95280741928518
40.0 79.46760146279847
41.2 79.32716223637678
42.5 79.15514132862789
43.7 79.25592317178366
45.0 80.4201665807687
46.2 81.46708280476552
47.5 82.29498077215551
48.7 83.22995828089506
50.0 83.98822451106058
51.5 84.8364217909947
53.0 86.02617264807974
54.5 86.95275837364933
56.0 87.81969695814428
58.0 88.6385597969943
60.0 89.02310525473133
61.5 88.72942603220757
63.0 88.43954724609628
65.0 88.73724940200695
67.0 89.12659582991789
69.0 89.58306550299334
71.0 89.97550353576935
73.0 89.0544206093828
75.0 87.56303203804215
77.5 87.07383205924796
80.0 86.84813173197965
82.5 87.04275657943089
85.0 87.86685623592872
87.5 88.87420451172936
90.0 88.9606561586945
92.5 89.03180040713212
95.0 89.08235282339479
97.5 87.87106677252537
100.0 86.72088612268875
103.0 86.23624010467931
106.0 85.42762398857714
109.0 85.82932478921349
112.0 85.96548556036005
115.0 85.51690684453655
118.0 85.35401182447431
122.0 86.35235916910463
125.0 86.82604451809148
128.0 87.94923517568985
132.0 87.67076681124203
136.0 87.74769114996155
140.0 89.21247156547962
145.0 90.02357573665978
150.0 90.28572148067087
155.0 88.65052009075437
160.0 87.56502128293997
165.0 87.5684341317898
170.0 87.31822857211579
175.0 88.31822857211579
180.0 88.63468863326192
185.0 88.33468863326192
190.0 87.95485371824891
195.0 89.0548537182489
200.0 89.2548537182489
206.0 87.10480321638303
212.0 86.95485371824891
218.0 87.6213141425339
224.0 84.80480321638304
230.0 85.6520198463002
236.0 87.25201984630023
240.0 87.27560809150428
250.0 87.67560809150427
258.0 87.88881667235337
265.0 88.63275175799517
272.0 87.66971150680456
280.0 85.3188119215787
290.0 86.532505328749
300.0 86.5092249237214
307.0 84.95051901080252
315.0 84.97822919530286
325.0 85.16045465490723
335.0 85.44152368043335
345.0 85.66583300303787
355.0 85.87751478703593
365.0 85.98272226309186
375.0 86.10332449966084
387.0 86.30847573703943
400.0 86.53132526034784
412.0 86.67148302668606
425.0 86.67322729201412
437.0 86.48046981481801
450.0 86.23444696338795
462.0 85.98245402754617
475.0 85.65601018728069
487.0 85.2231734250972
500.0 84.76354627271053
515.0 84.41942371086088
530.0 84.26748809131384
545.0 84.1402029432292
560.0 84.06424996693063
580.0 84.11809696834888
600.0 84.3879469534191
615.0 84.52590088358922
630.0 84.45870516311865
650.0 84.27841412864855
670.0 84.05625187868873
690.0 83.6386997543332
710.0 83.08325530936047
730.0 82.62952944412062
750.0 82.24024713292293
775.0 81.96842224021368
800.0 82.08171681968616
825.0 82.3401243368303
850.0 82.69662367885907
875.0 83.17192932301569
900.0 83.33933741614378
925.0 83.39179232937329
950.0 83.1848701253457
975.0 82.76140729894765
1000.0 82.35490207795281
1030.0 82.05756436913613
1060.0 81.97443921888674
1090.0 81.70935292845964
1120.0 81.04735628762216
1150.0 79.95436347298777
1180.0 78.65620098697359
1220.0 77.48149451803867
1250.0 76.48349445202366
1280.0 75.31572061581929
1320.0 74.03026465361152
1360.0 72.7995607076522
1400.0 72.34952071354654
1450.0 72.55144070519287
1500.0 72.90877778668634
1550.0 73.40949148275084
1600.0 73.95403565791808
1650.0 74.35481790930825
1700.0 74.70258361853548
1750.0 75.11613293818068
1800.0 75.53099878321422
1850.0 75.54989603904765
1900.0 75.26140212175655
1950.0 75.02639673313293
2000.0 74.4723703136798
2060.0 73.84407859846367
2120.0 73.81031257438956
2180.0 73.89843292717116
2240.0 74.1191533038612
2300.0 73.98175566274337
2360.0 74.35665814853904
2400.0 75.6676941194961
2500.0 76.91989492664271
2580.0 78.41004295411659
2650.0 79.37772636098958
2720.0 79.8457905816589
2800.0 79.64793179163986
2900.0 78.48126718670635
3000.0 77.3498282057866
3070.0 76.24192938814711
3150.0 76.57576238141401
3250.0 77.42159846071085
3350.0 77.69355679725288
3450.0 78.26899776053547
3550.0 78.28762542617848
3650.0 77.02982198891853
3750.0 75.25893350618507
3870.0 74.7099032681066
4000.0 75.4998213033321
4120.0 75.82455252258379
4250.0 75.06799063904734
4370.0 76.63437035506564
4500.0 78.98293651903215
4620.0 80.34943602446604
4750.0 79.58848774744577
4870.0 78.61892961342741
5000.0 78.12630237540597
5150.0 77.81905697638807
5300.0 77.11237194600417
5450.0 78.74785482443843
5600.0 81.2468396003605
5800.0 80.91623066988858
6000.0 80.45311051029555
6150.0 79.41971067106005
6300.0 77.22772688665594
6500.0 77.47585477705437
6700.0 79.15065564503173
6900.0 79.78474566251911
7100.0 80.25999006359835
7300.0 80.29121953367758
7500.0 80.70559713026115
7750.0 79.17835561444637
8000.0 80.45143471484617
8250.0 83.36351462858413
8500.0 80.2312730179844
8750.0 80.47028583851858
9000.0 84.21724690355208
9250.0 83.87392477680645
9500.0 80.64186601296844
9750.0 79.78033989736754
10000.0 83.27428309730321
10300.0 83.5891070866676
10600.0 78.95685144955534
10900.0 82.58203984362426
11200.0 83.27945881258319
11500.0 78.77469690435531
11800.0 83.21984068380704
12200.0 82.8581220615964
12500.0 79.01100875920939
12800.0 81.378954257853
13200.0 81.87898031571994
13600.0 87.7804013926875
14000.0 89.56477728426124
14500.0 89.88123421630046
15000.0 88.55073264481497
15500.0 83.61378215633027
16000.0 81.3468552823859
16500.0 87.97149482701934
17000.0 83.66127181612018
17500.0 84.53073596035647
18000.0 82.41039913818666
18500.0 80.84552341585567
19000.0 75.35340504645855
19500.0 74.02192179041353
