Freq "Sound Power"
22.4 0.08685942950559422
23.0 3.6051379003570077
23.6 7.487713493581808
24.0 8.481820977815218
25.0 8.81752443813805
25.8 10.24583657944818
26.5 14.24657778494391
27.2 18.917722373867647
28.0 21.55678222653266
29.0 24.068044991925362
30.0 22.94278611429253
30.7 21.033369229324776
31.5 21.09498177504777
32.5 22.285436225222227
33.5 25.28731753502315
34.5 27.774588703743305
35.5 30.881184061641264
36.5 30.94375932197262
37.5 31.825683342836996
38.7 33.39841523471621
40.0 35.65202264910958
41.2 38.942986683839635
42.5 39.97586551200645
43.7 39.66273637069496
45.0 40.62872003109594
46.2 43.947155965556775
47.5 49.19828822964807
48.7 54.1243636715533
50.0 57.08440733182981
51.5 54.227502395973815
53.0 52.66036657924046
54.5 54.41957554474085
56.0 56.21712537783655
58.0 57.76649417095514
60.0 59.65771040234783
61.5 61.77097536340695
63.0 63.66508149352278
65.0 65.59598152866288
67.0 67.77920225320835
69.0 69.90068950484907
71.0 72.10135926420548
73.0 74.33754851527412
75.0 76.45856333976101
77.5 78.56500170519882
80.0 80.593973737939
82.5 82.4616250481667
85.0 84.40313328182067
87.5 86.29204805406495
90.0 87.97483531037456
92.5 89.34063880058368
95.0 90.54087751573988
97.5 91.47258579244777
100.0 92.12318823203277
103.0 92.54171940134948
106.0 92.7574784444735
109.0 92.91366100584696
112.0 92.80383683250372
115.0 92.65007481619423
118.0 92.4835768870866
122.0 92.3043487789791
125.0 92.08653169266866
128.0 91.93465772284843
132.0 91.79443122588471
136.0 91.6402377887028
140.0 91.5729980944421
145.0 91.40108518500718
150.0 91.23364814579763
155.0 90.95880233986898
160.0 90.6596124330038
165.0 90.25311708482292
170.0 89.6384365454148
175.0 89.04763994624737
180.0 88.94961758521971
185.0 88.90160736253698
190.0 88.69338837822654
195.0 88.36995400056632
200.0 87.9058727176715
206.0 87.33156551686038
212.0 86.68892295052557
218.0 86.14965019203129
224.0 85.84146479545858
230.0 85.71820727511225
236.0 85.63483177070871
240.0 85.48966269027495
250.0 85.35026518550707
258.0 85.25825326317675
265.0 85.30542375474894
272.0 85.40253971109793
280.0 85.35288209282321
290.0 85.1713765144798
300.0 84.89000650054061
307.0 84.62632094723318
315.0 84.47318462104688
325.0 84.43682236211667
335.0 84.36802673405674
345.0 84.1845898760592
355.0 84.0321129091772
365.0 83.93785669040577
375.0 83.91633874268194
387.0 83.78624426658035
400.0 83.52432768513509
412.0 83.43269337450963
425.0 83.47935504899341
437.0 83.45131112682867
450.0 83.47245271910852
462.0 83.47750630527015
475.0 83.36571066880887
487.0 83.1205468753107
500.0 82.83754168108132
515.0 82.37623865024374
530.0 81.83429584831559
545.0 81.62458929280486
560.0 81.6800571965385
580.0 82.02101359823055
600.0 82.51693483699331
615.0 83.19136583830259
630.0 83.61005117199731
650.0 83.81002880555431
670.0 83.69633947051891
690.0 83.49134246409524
710.0 83.14956288196421
730.0 82.71669660594898
750.0 82.56081061040237
775.0 82.22947038445996
800.0 82.15175532174293
825.0 82.3330077694073
850.0 82.58636353396456
875.0 82.53707566490854
900.0 82.35497833643966
925.0 82.23992977700122
950.0 82.0283866818757
975.0 81.7240935596961
1000.0 81.55934582909806
1030.0 81.52351726885941
1060.0 81.39029672007366
1090.0 81.34744238698347
1120.0 81.28210018798971
1150.0 81.1837006775903
1180.0 81.72357414983837
1220.0 82.47903979761966
1250.0 82.87692170072238
1280.0 82.2383341985881
1320.0 82.26637842401088
1360.0 82.96944098996543
1400.0 82.713278962054
1450.0 82.6391506056602
1500.0 82.30759631973207
1550.0 81.95160478375111
1600.0 82.14857230793791
1650.0 82.54037653517949
1700.0 82.42935532752512
1750.0 82.02321620814526
1800.0 81.51708449870976
1850.0 81.51702807961237
1900.0 81.44116806844895
1950.0 81.94247220974
2000.0 83.12961723264766
2060.0 82.70503808733459
2120.0 82.29113879798116
2180.0 82.27883386065086
2240.0 81.66700060035726
2300.0 81.07320806482456
2360.0 80.84324615895571
2400.0 80.29629675568718
2500.0 81.03700464848443
2580.0 80.94019442636788
2650.0 80.80896484187072
2720.0 81.23424052450646
2800.0 80.71131209147566
2900.0 80.84600989902776
3000.0 80.79359295355127
3070.0 81.0497754907428
3150.0 80.66869706612749
3250.0 80.32629867048341
3350.0 80.10145542010393
3450.0 79.54502204705405
3550.0 79.44031314299687
3650.0 78.6712390823045
3750.0 78.403825805423
3870.0 78.56628327972011
4000.0 78.20460711592183
4120.0 78.28532305370997
4250.0 78.07380576691831
4370.0 77.71639638676619
4500.0 77.86093210331047
4620.0 77.78652894457925
4750.0 77.74332632508616
4870.0 77.47402358002631
5000.0 77.01228432807642
5150.0 76.55034571574451
5300.0 76.71053797911227
5450.0 76.9919776064088
5600.0 76.8263657011531
5800.0 76.0031378160408
6000.0 74.77112951016417
6150.0 74.5373932376019
6300.0 74.58452969887605
6500.0 73.71889558066786
6700.0 73.11538801408703
6900.0 72.75187455403344
7100.0 72.39862027701189
7300.0 72.94116535453003
7500.0 73.69081345360424
7750.0 73.56302368679465
8000.0 72.93429770300344
8250.0 73.01272712910405
8500.0 72.98234326736436
8750.0 72.79157439597839
9000.0 72.24645131585801
9250.0 72.22641458379597
9500.0 71.87778690697671
9750.0 71.49437086770696
10000.0 70.71981192617513
10300.0 70.5227624999652
10600.0 70.47005411866536
10900.0 70.36397707087771
11200.0 70.01495700090472
11500.0 69.57087156021818
11800.0 69.68035598410682
12200.0 69.96967560965463
12500.0 70.03296424213285
12800.0 69.37824263898591
13200.0 68.85513973166313
13600.0 69.26103224301089
14000.0 69.41361037344038
14500.0 69.76635168109338
15000.0 69.65318629542129
15500.0 69.24035111486991
16000.0 69.31331696787699
16500.0 69.84665675481725
17000.0 70.4989384378987
17500.0 70.28823883312748
18000.0 69.99683483569852
18500.0 68.91814604366226
19000.0 67.86596080869026
19500.0 66.89899680613054
20000.0 66.37418006050429
