Freq "Side Wall Bounce"
22.4 -183.68375483747167
23.0 -183.6254482905935
23.6 41.413578317008714
24.0 41.77157051221228
25.0 42.15345076376049
25.8 42.51573804928596
26.5 42.85396640296763
27.2 43.18538207186451
28.0 43.50144525390196
29.0 43.846382561076396
30.0 44.14654163672897
30.7 44.46391763845399
31.5 44.725801044278626
32.5 45.03918443214211
33.5 45.357854700693736
34.5 45.59323824847307
35.5 45.82398127902239
36.5 46.09743168480003
37.5 46.37564437709659
38.7 46.62393908949706
40.0 46.86589480133799
41.2 47.104844034923204
42.5 47.354584800299904
43.7 47.58817158449865
45.0 47.82227390527102
46.2 48.046256791232764
47.5 48.307945386813756
48.7 48.599161999692654
50.0 48.96131649590545
51.5 49.2685532872392
53.0 49.58711189838685
54.5 49.87538339628453
56.0 50.19451888854769
58.0 50.487955244386825
60.0 50.75172641952237
61.5 51.05986333937453
63.0 51.298235338121
65.0 51.56291859092333
67.0 51.85322778323993
69.0 52.104804457250665
71.0 52.357768548117505
73.0 52.67034718705604
75.0 52.99203805085753
77.5 53.319490697793995
80.0 53.59405981457101
82.5 53.86030620709897
85.0 54.18276361851501
87.5 54.41769553624049
90.0 54.692254108101494
92.5 54.95925798306865
95.0 55.234059575121066
97.5 55.48246397014945
100.0 55.682463970149456
103.0 55.90138074134012
106.0 56.124897216785044
109.0 56.32489721678506
112.0 56.54883035958481
115.0 56.767893876725495
118.0 56.96789387672547
122.0 57.20304207500334
125.0 57.4170069467513
128.0 57.59214234360347
132.0 57.77109397998055
136.0 57.97109397998052
140.0 58.17109397998054
145.0 58.629624168637264
150.0 59.085488932783434
155.0 59.5154250909889
160.0 59.91542509098892
165.0 60.315425090988924
170.0 60.930005437967836
175.0 61.665370952992944
180.0 62.26537095299295
185.0 62.86537095299296
190.0 63.41033983344403
195.0 64.01033983344404
200.0 64.5214175844956
206.0 65.03631643203202
212.0 65.5214175844956
218.0 65.83631643203204
224.0 66.1214175844956
230.0 66.39153686776012
236.0 66.60653839968096
240.0 66.66709652191366
250.0 66.71788376169543
258.0 66.79359165091762
265.0 66.76420507912313
272.0 66.76420507912313
280.0 66.74467990233204
290.0 66.66420507912311
300.0 66.61563814594206
307.0 66.59133343592059
315.0 66.49133343592058
325.0 66.43856044740174
335.0 66.3746029580601
345.0 66.31014178037859
355.0 66.2746029580601
365.0 66.25062691308233
375.0 66.23468076914874
387.0 66.23468076914874
400.0 66.20688616444481
412.0 66.02290201231028
425.0 65.73558189513116
437.0 65.25186237201812
450.0 64.58463808338924
462.0 63.914150259105654
475.0 63.427453554338754
487.0 63.727453554338766
500.0 64.5008694052601
515.0 65.53126350338631
530.0 66.39130985335838
545.0 67.06511489611381
560.0 67.54513806681017
580.0 67.79607828419951
600.0 67.7220877026214
615.0 67.23631489701508
630.0 66.30237181923826
650.0 65.02894680136656
670.0 63.562288138297944
690.0 61.95980885432664
710.0 60.339549603854095
730.0 58.750649429369886
750.0 57.238110293630854
775.0 56.18673206080639
800.0 56.63172001205754
825.0 58.08038511965324
850.0 59.257332962211066
875.0 59.773434337478804
900.0 59.80756086062905
925.0 59.71060118314989
950.0 59.80555580706729
975.0 60.13104326135762
1000.0 60.624601887700024
1030.0 61.05932124597334
1060.0 61.52808861101711
1090.0 62.253035240728664
1120.0 63.14886749741713
1150.0 64.02934527716626
1180.0 64.36190430776742
1220.0 63.94072056000077
1250.0 63.22678880043209
1280.0 62.648554996733495
1320.0 61.978085996485476
1360.0 60.70530009595065
1400.0 58.43242675208394
1450.0 55.84167123462511
1500.0 52.944587472086255
1550.0 50.20783506780832
1600.0 50.03837448686099
1650.0 51.51830026266953
1700.0 51.67393373430615
1750.0 50.06336983237496
1800.0 50.05340220988269
1850.0 51.69852446947549
1900.0 53.994564654746924
1950.0 56.255005187657886
2000.0 57.16596180441485
2060.0 56.89275983132859
2120.0 55.95306381775231
2180.0 54.096718498385414
2240.0 54.85909540471347
2300.0 57.342074571623016
2360.0 59.29929147074179
2400.0 61.570705897235726
2500.0 63.05023067560771
2580.0 64.51748468010658
2650.0 66.05036742522546
2720.0 66.66310886529793
2800.0 65.82077643053704
2900.0 64.77290321694306
3000.0 63.61836918694566
3070.0 61.83438854013818
3150.0 58.80012871453313
3250.0 56.70780965777742
3350.0 55.53258078598226
3450.0 55.54362709358186
3550.0 55.48945727491417
3650.0 53.05152274959504
3750.0 52.56048997974865
3870.0 53.864874834686205
4000.0 55.951614395790116
4120.0 56.1784130932913
4250.0 55.67180098482551
4370.0 57.09993187196099
4500.0 59.53716141700973
4620.0 60.53163625151322
4750.0 60.60812302447809
4870.0 60.255579806596444
5000.0 58.90100336556226
5150.0 57.31104892338625
5300.0 57.17272355671028
5450.0 56.822545283092936
5600.0 54.6935659982759
5800.0 53.340289003135794
6000.0 54.54667771659055
6150.0 56.43312114810091
6300.0 57.097138735620334
6500.0 58.66310441629379
6700.0 59.52377935411991
6900.0 60.56163778297186
7100.0 61.15129634994891
7300.0 64.34091214238167
7500.0 66.80758094587189
7750.0 68.8132236810614
8000.0 69.93056263546393
8250.0 69.38151600918947
8500.0 70.03294453192268
8750.0 70.40904873733167
9000.0 68.74264057178154
9250.0 64.7639313133452
9500.0 59.191941298783135
9750.0 55.02042396230327
10000.0 53.24633918593875
10300.0 50.74485144517949
10600.0 48.739395073427474
10900.0 49.95643101816785
11200.0 53.58013230988543
11500.0 48.25690022347901
11800.0 46.607980293525216
12200.0 48.87816988393874
12500.0 48.15058339940009
12800.0 49.439093899779635
13200.0 48.843602320473025
13600.0 50.18404015366059
14000.0 49.006563456844745
14500.0 42.752771596184445
15000.0 39.106927252724134
15500.0 47.61356619797549
16000.0 47.04096008204881
16500.0 42.05410147153684
17000.0 44.42464963800494
17500.0 45.48429260933284
18000.0 39.80901205219614
18500.0 39.587903998843174
19000.0 40.07839505567033
19500.0 39.49795219336768
