Freq "Estimated In-Room Response"
20.5078 46.0348357111108
21.2402 48.03312235388891
21.9727 50.038730176740685
22.7051 49.81664702735294
23.4375 47.69325056154371
24.1699 54.96313267202099
25.6348 48.39550187772839
26.3672 50.89292528744879
27.0996 52.92421481998208
27.832 53.56211669889392
29.2969 53.89129580093369
30.0293 54.1124557751953
31.4941 55.89503831792506
32.2266 56.46175534537612
33.6914 59.01677127236006
34.4238 59.52750638278256
35.8887 60.96335764418491
37.3535 62.28641749624143
38.8184 64.45803588816472
39.5508 65.31085774844907
41.0156 66.95352275569459
42.4805 68.31164176742908
43.9453 69.74225853544739
45.4102 71.36015463060555
47.6074 73.5783974087408
49.0723 75.01575170189793
50.5371 76.43099464201617
52.7344 78.47665831186485
54.1992 79.70673285793448
56.3965 81.28845945121311
58.5938 82.434948857991
60.0586 82.96200909597847
62.2559 83.3927714355821
64.4531 83.49033314209477
66.6504 83.46928735469301
69.5801 83.27955209900718
71.7773 83.15624869826135
73.9746 83.00322196808675
76.9043 82.86531798881146
79.834 82.75238125220778
82.7637 82.69168879765282
85.6934 82.63547370640687
88.623 82.63309165298641
91.5527 82.64524952965608
94.4824 82.65981960002375
98.1445 82.65791833298164
101.807 82.67026919798109
105.469 82.67933112132883
109.131 82.6691109974075
112.793 82.52917526664905
116.455 82.61471676322293
120.85 82.69913808910509
125.244 82.78915762680357
129.639 82.76868514764924
134.033 82.75702963786172
138.428 82.59137599095584
143.555 82.58487861453885
148.682 82.56697530001122
153.809 82.47507740708198
159.668 82.33576067004306
164.795 82.25599797378001
170.654 82.23775304543477
176.514 82.02591200554942
183.105 81.9238002516639
189.697 81.81078564958239
196.289 81.70548283659814
202.881 81.52802628151842
210.205 81.21488264781502
217.529 81.21646927187396
225.586 80.96890896206013
232.91 80.86002875143542
241.699 80.6714045648474
249.756 80.83959178119225
258.545 80.8785270453237
268.066 80.4207841051667
277.588 80.44160821629755
287.109 80.33747928463139
297.363 79.91092652530612
307.617 79.81430753306326
318.604 79.53644899667383
329.59 79.35603121933862
341.309 79.0646036455065
353.76 80.63339381585803
366.211 80.61523877345073
378.662 80.45571730415202
392.578 80.33572667739966
405.762 80.01803566265463
420.41 80.15748753558448
435.059 80.24239756069304
450.439 79.95488908284536
466.553 79.54619456149031
482.666 79.46011264164102
500.244 79.33655373930328
517.822 79.38157432073152
536.133 79.0169432343792
554.443 79.34559287044034
574.219 78.66737821522005
594.727 79.08775781744062
615.234 79.3769688948613
637.207 80.28317116664384
659.912 80.24757922764391
683.35 80.10253360932127
706.787 80.15776294829529
731.689 80.00030607588222
758.057 79.90576275188697
784.424 79.61488638844654
812.256 79.40132401827886
840.82 78.96897082581756
870.85 79.17225513742095
901.611 79.6171703141722
933.105 79.74159717310458
966.064 79.18017966562333
999.756 78.97299102812258
1034.91 78.1047570669809
1071.53 77.46377906093198
1109.62 76.95000219147693
1148.44 76.80478013540365
1189.45 76.64234498613976
1231.2 76.6358542591076
1274.41 76.6363840798108
1319.82 76.683496264716
1365.97 76.64612743072004
1414.31 76.57953686696162
1464.11 77.35580172062403
1515.38 78.14378448033416
1568.85 77.40999993037906
1624.51 76.35331311831855
1681.64 75.52030693778794
1740.97 74.6594874853592
1802.49 74.43096177850389
1866.21 74.8350450412933
1932.13 74.7564002602349
2000.24 75.18648487093871
2070.56 76.0724205185032
2143.8 76.42232923000817
2219.24 76.16534884390548
2297.61 76.5951609794766
2378.17 77.07257657379363
2462.4 76.8324786521326
2548.83 76.55860141433054
2638.92 77.37633803530694
2731.93 77.58281408978364
2828.61 77.54119357321292
2928.22 77.58926103155885
3031.49 77.71113135235407
3138.43 78.15833243827049
3249.02 78.26469349764237
3363.28 77.82420359474014
3481.93 77.82206379248612
3604.98 77.93685780857692
3732.42 77.79816472466767
3863.53 77.69501505036912
3999.76 77.86457563932584
4141.11 78.16695766703249
4286.87 77.9303778235837
4438.48 78.18949320336156
4594.48 78.33850436038459
4757.08 78.54951672227948
4924.8 78.5503589245864
5098.39 78.2309075724526
5277.83 78.95370790805703
5463.87 78.60174030102738
5656.49 78.27444689755644
5856.45 78.74664615378724
6062.99 78.3201832868449
6276.86 78.41416075228558
6498.05 78.2520695520889
6727.29 78.38552487762108
6964.6 77.77560022855344
7209.96 77.92846959204154
7464.11 77.4278262096412
7727.78 77.24403561114626
8000.24 76.9717449906214
8282.23 76.39571769561259
8574.46 76.1888358135104
8876.22 75.83953185849434
9189.7 75.40476551714322
9513.43 75.33943205213167
9848.88 75.2402760687262
10196.8 75.11253828015263
10556.4 75.09823118735768
10928.5 75.13297733459015
11313.7 75.0136054447192
11712.9 74.92714906603258
12126.0 74.85719736468693
12553.7 74.84303557512864
12996.1 74.7955676036239
13454.6 74.70440567985632
13928.5 74.59570978675451
14419.9 74.48120589043891
14928.2 74.35515050927872
15454.8 74.10071468900956
15999.8 73.53829150957355
16564.5 73.0854786459088
17148.2 73.19167120045934
17753.2 73.48183298134303
18379.4 73.61663380592829
19027.6 73.88926887888222
19698.5 73.81905701987488
19999.5 73.85603840229498
