Freq "Side Wall Bounce"
22.4 55.93893239922225
23.0 56.93893239922225
23.6 57.85855742782947
24.0 58.95855742782946
25.0 59.95855742782946
25.8 61.15855742782948
26.5 62.25855742782947
27.2 63.479012746476215
28.0 64.65855742782948
29.0 65.93800530829016
30.0 67.13800530829015
30.7 68.35855742782947
31.5 69.61828697640497
32.5 70.83800530829014
33.5 72.05855742782947
34.5 73.25855742782947
35.5 74.43800530829016
36.5 75.63800530829015
37.5 76.75855742782947
38.7 77.89801623634776
40.0 78.99801623634777
41.2 80.07765043854437
42.5 81.09801623634776
43.7 82.09801623634776
45.0 83.05855742782947
46.2 83.95855742782946
47.5 84.79801623634778
48.7 85.59801623634777
50.0 86.33847421501986
51.5 86.99801623634777
53.0 87.59801623634776
54.5 88.13847421501984
56.0 88.61875801684306
58.0 88.99801623634777
60.0 89.29801623634776
61.5 89.51875801684305
63.0 89.67765043854438
65.0 89.73847421501986
67.0 89.77811508450475
69.0 89.73847421501986
71.0 89.71875801684305
73.0 89.61875801684305
75.0 89.5576555274474
77.5 89.51875801684305
80.0 89.49801623634777
82.5 89.49801623634777
85.0 89.49801623634777
87.5 89.49801623634777
90.0 89.49801623634777
92.5 89.51875801684305
95.0 89.49801623634777
97.5 89.53802641365753
100.0 89.53802641365753
103.0 89.57765043854438
106.0 89.57765043854438
109.0 89.57765043854438
112.0 89.53709912928335
115.0 89.45718868726382
118.0 89.29710167398846
122.0 89.0767315769116
125.0 88.83709912928335
128.0 88.57673157691161
132.0 88.3767315769116
136.0 88.15673242517302
140.0 87.85673242517304
145.0 87.41737667327465
150.0 87.01875801684305
155.0 86.68316196237024
160.0 86.50763079122991
165.0 86.31450584116742
170.0 86.11450584116741
175.0 85.99724359117285
180.0 85.93469994007494
185.0 85.89724359117284
190.0 85.85346183644327
195.0 85.85346183644327
200.0 86.06807083706758
206.0 86.2489355717786
212.0 86.16807083706759
218.0 85.96807083706759
224.0 85.64659493433656
230.0 85.32550478053572
236.0 85.14659493433658
240.0 85.18848150150522
250.0 85.24659493433658
258.0 85.06710654110226
265.0 84.90431170900521
272.0 85.28350065262713
280.0 86.04028629059161
290.0 86.53893239922225
300.0 86.52057833589006
307.0 86.26306651093164
315.0 86.18709049281027
325.0 85.87111529222845
335.0 84.92550478053572
345.0 83.70397463790634
355.0 82.5470849685995
365.0 81.59547272682383
375.0 81.33015406899885
387.0 81.6569784769607
400.0 81.68092304680968
412.0 80.97205427354697
425.0 79.78774238512145
437.0 78.97765043854437
450.0 78.58646980279924
462.0 78.06608139003275
475.0 78.05220670703322
487.0 78.38180277755572
500.0 78.37249704541543
515.0 78.19903131564725
530.0 77.60604628937031
545.0 77.25819413762783
560.0 77.43256299301451
580.0 77.91589351645881
600.0 78.66441190548854
615.0 79.05070068632496
630.0 79.24888728829788
650.0 79.45903602252322
670.0 79.99610684167773
690.0 80.98444395290403
710.0 81.56253473451535
730.0 82.15806396958821
750.0 82.47482994512818
775.0 83.93103270321755
800.0 84.63207117741905
825.0 83.6715960698341
850.0 83.15786409952739
875.0 82.03864138036242
900.0 82.85806671580927
925.0 84.0335861859284
950.0 84.11686463785863
975.0 83.961862492142
1000.0 83.08904924156644
1030.0 82.23586222099574
1060.0 80.6118886980943
1090.0 77.78897957686426
1120.0 78.86533233305288
1150.0 80.64929005156087
1180.0 83.00579263403706
1220.0 84.05333212263191
1250.0 84.9983988102211
1280.0 85.36307478364529
1320.0 84.84618304750627
1360.0 85.22410980754006
1400.0 86.4824027568993
1450.0 87.49874798840641
1500.0 87.37682294462032
1550.0 87.57180684936282
1600.0 88.32409328564518
1650.0 88.50182513031534
1700.0 88.8834790719259
1750.0 88.11185725508155
1800.0 87.9040399411622
1850.0 87.43904577145786
1900.0 87.10999583501406
1950.0 86.9178992370938
2000.0 86.00342766647923
2060.0 85.92032611355084
2120.0 86.52307207007917
2180.0 85.76867298806611
2240.0 86.14737006928821
2300.0 87.33239694341098
2360.0 87.73024700007599
2400.0 87.38377437725605
2500.0 87.95023329930662
2580.0 88.07527089927697
2650.0 87.2548356304602
2720.0 86.3271269037743
2800.0 86.34635845559728
2900.0 85.7322883810096
3000.0 84.86946393371345
3070.0 84.26363478703344
3150.0 83.7694352405376
3250.0 83.30756427859308
3350.0 83.62333138264248
3450.0 83.7971896103479
3550.0 83.77281056933464
3650.0 84.33687970347975
3750.0 83.58194330060125
3870.0 82.02239736677137
4000.0 81.68233319639661
4120.0 82.03841813108576
4250.0 82.75383347853786
4370.0 82.53479123986162
4500.0 80.97507266364663
4620.0 80.85871841731056
4750.0 81.34477938415884
4870.0 82.00808010652736
5000.0 81.85013517994553
5150.0 82.1354371394915
5300.0 81.87173242312599
5450.0 82.85613216716642
5600.0 82.06781151064398
5800.0 82.20893815552863
6000.0 81.53921445006176
6150.0 78.97253845413545
6300.0 78.99950095278096
6500.0 78.27198423068745
6700.0 79.2652441399869
6900.0 79.48413000259056
7100.0 79.31621409358486
7300.0 76.5646942186936
7500.0 75.9753980811447
7750.0 73.50464876710883
8000.0 72.90771906274708
8250.0 78.38271073644192
8500.0 77.141382531138
8750.0 78.65917049841204
9000.0 78.74069632944156
9250.0 77.26125108656689
9500.0 74.65735415764246
9750.0 78.00355078859864
10000.0 77.76198656729524
10300.0 73.79258605344877
10600.0 76.00853953286335
10900.0 75.16272030148768
11200.0 77.87535669481514
11500.0 79.76597256290972
11800.0 79.16699712724497
12200.0 78.2250505508723
12500.0 79.47143456667503
12800.0 80.75827209031085
13200.0 80.49753429661212
13600.0 80.179153994744
14000.0 81.94701075085021
14500.0 82.29222991567727
15000.0 81.34213750414177
15500.0 82.3258494248354
16000.0 81.52198318659191
16500.0 78.73951400492776
17000.0 79.00160307588195
17500.0 80.75007608373372
18000.0 70.79611265989261
18500.0 67.10860523459161
19000.0 61.06711569876411
19500.0 55.2971829185325
