Freq "Estimated In-Room Response"
20.5078 59.040751075939994
21.9727 60.27574688844078
23.4375 62.241057351822406
24.9023 65.35107736562816
26.3672 66.10868387562019
27.832 67.29525988885487
29.2969 69.8985698535749
30.7617 71.7512708141026
32.2266 73.400861743738
33.6914 75.06745310147573
35.1562 76.98184913508194
36.6211 78.68964888659474
38.0859 80.12389709818893
39.5508 81.8313457484593
41.0156 83.39605911542343
42.4805 84.83809916543792
43.9453 86.1680440200209
45.4102 87.41171506921317
46.875 88.5122573457624
48.3398 89.49463476901292
51.2695 91.0323557487454
52.7344 91.57911683172772
54.1992 92.02490599167649
55.6641 92.37270032154723
58.5938 92.89814873411119
60.0586 93.11274786026652
62.9883 93.43873767255772
64.4531 93.59555788858202
67.3828 93.84414186315267
68.8477 93.93397221273011
71.7773 94.03032423537948
74.707 94.03951071029863
77.6367 94.10984457615206
79.1016 94.14339901975049
82.0312 94.10890647386742
84.9609 94.0446367561848
87.8906 94.16765881549
90.8203 94.24178927760379
95.2148 94.10817348507965
98.1445 94.09189454845654
101.074 94.06844271780577
105.469 93.92340368899268
108.398 93.93036868885774
112.793 93.81736857269196
117.188 93.60998869888707
120.117 93.551428039861
124.512 93.73715090408137
128.906 93.67320307968993
133.301 93.55794019507648
139.16 93.39290395005776
143.555 93.2342722601918
147.949 93.24484051823391
153.809 93.3093076885602
159.668 93.05586436372371
165.527 92.73925579605952
171.387 92.52367297400313
177.246 92.78008293586838
183.105 92.66020182484668
188.965 92.62213508411338
196.289 92.68625915648954
203.613 92.2895016871236
210.938 92.1799242154863
218.262 92.46729002428383
225.586 92.29085167769264
232.91 92.18643162710947
241.699 92.19738462347136
250.488 91.72411873456007
259.277 92.02374983596741
268.066 92.74033813994879
276.855 92.1071761017241
287.109 91.79364443456345
297.363 92.08569706511541
307.617 92.3269085680192
319.336 91.56942435837729
329.59 91.55020763733944
341.309 91.40059488605382
353.027 91.08058979234872
366.211 91.65783810614317
379.395 91.24969452029671
392.578 90.83896901420937
405.762 90.76944001477196
420.41 90.72225494874574
435.059 90.64877474999616
451.172 90.74060625589489
465.82 90.91559702915441
483.398 90.76143183027122
499.512 91.0198115578581
517.09 91.02201728395119
536.133 91.07862995269626
555.176 90.91589776092106
574.219 90.91989296727479
594.727 90.91366542945411
615.234 90.7022297409267
637.207 90.8905419785161
659.18 90.59246726566316
682.617 90.59376555384743
707.52 90.88622960216803
732.422 90.44843354140653
757.324 90.58034548550575
785.156 90.49550761414093
811.523 90.10800430523766
840.82 90.505260685096
870.117 89.97598390009219
900.879 89.89077915399947
933.105 89.2070108838822
965.332 88.89381024382135
1000.49 88.02935309354908
1035.64 87.73299149286048
1072.27 87.85824256133762
1108.89 88.28371384408031
1148.44 88.34259885876754
1189.45 88.31627376711717
1230.47 87.99727652677836
1274.41 88.5692842851936
1319.82 88.9120470670435
1366.7 89.12934505341055
1413.57 89.56084483543485
1463.38 89.6786272921976
1516.11 89.28298998898002
1568.85 88.8905749434867
1624.51 88.6110776083597
1681.64 88.36748758437096
1741.7 88.05320624441153
1803.22 87.66664493719139
1866.21 88.01863792089071
1932.13 88.32952031380239
1999.51 88.21617353375665
2069.82 87.60744805785556
2143.07 88.02851004499118
2219.24 87.8833314607502
2296.88 87.09397204758702
2378.91 87.55570556729583
2462.4 87.5825830582025
2548.83 87.12107410601605
2639.65 87.22644423882758
2731.93 87.39330456958973
2828.61 87.0908975706543
2928.22 86.86225388363951
3030.76 86.92121551962906
3137.7 86.84718610764392
3249.02 87.03112410970633
3363.28 87.12776282599079
3481.93 87.53894193680678
3604.98 87.56440615697075
3732.42 87.84512504472261
3864.26 87.88100198291146
4000.49 87.9030999679398
4141.11 87.79051737067371
4287.6 87.86996485697387
4438.48 87.94610052104002
4595.21 88.10467483523644
4756.35 88.06873696944473
4924.8 88.09732814959561
5097.66 88.0596231083355
5277.83 88.05792939733392
5463.87 88.02842690727395
5657.23 87.93548387766427
5856.45 88.0133213687819
6062.99 87.89763029013352
6276.86 87.9589616617538
6498.05 87.9437471264676
6726.56 87.8343494506862
6963.87 87.9961195771406
7209.96 88.05140517244885
7464.84 88.0826764402309
7727.05 88.07507466287535
7999.51 87.95251630731696
8282.23 87.79958294244025
8573.73 87.8293376175303
8876.95 87.83746175948804
9188.96 87.66588286526758
9514.16 87.55473909498252
9849.61 87.71687792275839
10196.8 87.94982068115453
10555.7 87.60978229246568
10927.7 87.65997074668199
11313.0 87.73554151331744
11712.9 87.84722303584505
12126.0 88.10575357304788
12553.7 88.40679665488183
12996.1 88.5140725452982
13454.6 88.33182042293969
13929.2 88.19357312468794
14419.9 88.03171184121098
14928.2 88.34227464269063
15455.6 88.41160907627257
16000.5 88.24694453476889
16564.5 87.84858854443499
17148.9 87.43275259693549
17752.4 87.09507987889438
18379.4 86.48319378731185
19026.9 85.77825734850495
19697.8 85.42745159585841
19999.5 85.34011536652105
