Freq "Sound Power DI"
20.5078 35.3202186685684
21.9727 36.039063203901776
23.4375 36.98049355528585
24.9023 37.250199236425345
26.3672 37.322623813571184
27.832 37.232849212107226
29.2969 37.61450200836228
30.7617 38.02867714393038
32.2266 38.23715216857045
33.6914 38.6141579783183
35.1562 38.53943875150625
36.6211 38.499761090218826
38.0859 38.92421773646926
39.5508 38.98027135327037
41.0156 39.07712355327236
42.4805 39.14205809450715
43.9453 39.205195878444044
45.4102 39.21765648770855
46.875 39.304178395238765
48.3398 39.36813304551691
51.2695 39.44586126120079
52.7344 39.404060373042824
54.1992 39.45798150579472
55.6641 39.51207274596243
58.5938 39.572195745806525
60.0586 39.601950984384644
62.9883 39.64976828890357
64.4531 39.68736880938893
67.3828 39.74874625417094
68.8477 39.75868782804146
71.7773 39.781699891820764
74.707 39.817966673423655
77.6367 39.8533415823192
79.1016 39.870420015046335
82.0312 39.89627151377229
84.9609 39.91955052821555
87.8906 39.92662142585945
90.8203 39.961406297560885
95.2148 40.032483327103094
98.1445 40.06405163658006
101.074 40.1126136745616
105.469 40.17765523768533
108.398 40.145254023565286
112.793 40.12863295280232
117.188 40.20477040834753
120.117 40.27095777836294
124.512 40.2841173664781
128.906 40.282204551086195
133.301 40.38926241244242
139.16 40.34102463414756
143.555 40.324606001213795
147.949 40.35769769109426
153.809 40.4783482463817
159.668 40.45826401593705
165.527 40.366880404082366
171.387 40.56883164335066
177.246 40.34361796618616
183.105 40.30843706532404
188.965 40.61963643067409
196.289 40.76088914939335
203.613 40.93818977836601
210.938 41.14582563388929
218.262 41.04959772631106
225.586 40.43327674477801
232.91 40.64749965285523
241.699 41.34812604782772
250.488 41.94602301822958
259.277 42.13002732884431
268.066 41.74523715223833
276.855 41.7464116421302
287.109 42.0782640281781
297.363 42.422701121217656
307.617 41.7601590059854
319.336 41.922482953340875
329.59 42.24298707644452
341.309 42.33854828792548
353.027 42.54632655147461
366.211 42.60313174519847
379.395 42.52569595845692
392.578 42.70559730176248
405.762 42.619250621355135
420.41 42.758512177407155
435.059 42.853973172159726
451.172 42.61077763730154
465.82 43.13421180102307
483.398 42.91069338188848
499.512 42.85156178198976
517.09 42.8824293290823
536.133 43.35587921010014
555.176 43.59539727831452
574.219 43.93159575199121
594.727 43.80984861276447
615.234 43.655581125267915
637.207 44.051701939186785
659.18 43.44718031426534
682.617 43.91959687270395
707.52 44.51451345295321
732.422 44.093283896495535
757.324 44.33524739270814
785.156 44.93697492291186
811.523 44.37442291911849
840.82 44.44406111059449
870.117 44.41805328457248
900.879 44.803371770966834
933.105 45.173763974145544
965.332 44.76200883605809
1000.49 44.13469892649381
1035.64 44.69474614466988
1072.27 44.58516365689701
1108.89 45.073448927477926
1148.44 45.61702280763774
1189.45 45.84476647405222
1230.47 45.536443467544444
1274.41 45.53455327211769
1319.82 45.301479171940116
1366.7 45.46250871030877
1413.57 45.754793520787814
1463.38 45.740221203941275
1516.11 46.14675076033757
1568.85 45.643958531766756
1624.51 45.90911768675322
1681.64 46.544098247197766
1741.7 46.255325511773336
1803.22 45.87830716897622
1866.21 46.22801032097952
1932.13 46.6885045900156
1999.51 46.25089028702641
2069.82 46.27122902137687
2143.07 46.30521991193183
2219.24 45.82524379586822
2296.88 45.32469625138749
2378.91 45.26993607902415
2462.4 45.153548726392785
2548.83 45.05962713488333
2639.65 45.039531322405665
2731.93 45.17255028595601
2828.61 45.04443499026111
2928.22 45.04675713836271
3030.76 45.44711670213569
3137.7 44.960483985030606
3249.02 44.808104038065196
3363.28 44.69929237101249
3481.93 44.296974247341424
3604.98 44.43163991824845
3732.42 44.21636225646982
3864.26 44.63767769865605
4000.49 44.7164826741291
4141.11 45.35983939589457
4287.6 45.30074677937736
4438.48 44.90267591420546
4595.21 44.267761339436944
4756.35 44.37461058756335
4924.8 44.564733176342244
5097.66 44.940752120045005
5277.83 45.08725472092499
5463.87 45.18901330803273
5657.23 45.07711325237402
5856.45 45.330744844525114
6062.99 45.57816171957052
6276.86 45.83631926976254
6498.05 46.099531989687804
6726.56 46.182995542186305
6963.87 46.47789812443851
7209.96 46.66250296454592
7464.84 46.82991263323031
7727.05 47.013507284753885
7999.51 47.10516117826627
8282.23 47.36249720630444
8573.73 47.63504497591997
8876.95 47.861466621273024
9188.96 47.98431503365427
9514.16 48.21750129381108
9849.61 48.44095434507804
10196.8 48.66508986430088
10555.7 48.914121537373674
10927.7 49.116955058098526
11313.0 49.220672231868065
11712.9 49.486248173669324
12126.0 49.74037299323612
12553.7 50.03908818808314
12996.1 50.27402227526211
13454.6 50.46810318822273
13929.2 50.59874750920645
14419.9 50.4902191439499
14928.2 50.45258781715097
15455.6 50.63921095713391
16000.5 50.74218202392231
16564.5 50.903533715962794
17148.9 51.00739316885222
17752.4 51.15681513271886
18379.4 51.33982776316411
19026.9 51.656675842621055
19697.8 52.001874486909784
19999.5 52.09286801078184
