Freq "On Axis"
22.4 25.540506329113924
23.0 26.340506329113936
23.6 27.040506329113924
24.0 27.840506329113936
25.0 28.64050632911392
25.8 29.340506329113936
26.5 30.14050632911392
27.2 30.94050632911393
28.0 31.74050632911394
29.0 32.540506329113924
30.0 33.340506329113936
30.7 34.14050632911392
31.5 34.94050632911393
32.5 35.74050632911394
33.5 36.540506329113924
34.5 37.24050632911394
35.5 38.040506329113924
36.5 38.840506329113936
37.5 39.64050632911392
38.7 40.44050632911393
40.0 41.24050632911394
41.2 42.040506329113924
42.5 42.94050632911393
43.7 43.74050632911394
45.0 44.64050632911392
46.2 45.44050632911393
47.5 46.340506329113936
48.7 47.340506329113936
50.0 48.24050632911393
51.5 49.14050632911393
53.0 50.14050632911392
54.5 51.040506329113924
56.0 51.94050632911393
58.0 52.94050632911393
60.0 53.840506329113936
61.5 54.74050632911394
63.0 55.64050632911393
65.0 56.540506329113924
67.0 57.44050632911393
69.0 58.340506329113936
71.0 59.24050632911393
73.0 60.14050632911392
75.0 61.14050632911395
77.5 62.040506329113924
80.0 62.94050632911393
82.5 63.74050632911391
85.0 64.54050632911392
87.5 65.34050632911394
90.0 65.94050632911393
92.5 66.64050632911393
95.0 67.24050632911394
97.5 67.84050632911394
100.0 68.34050632911394
103.0 68.94050632911393
106.0 69.34050632911394
109.0 69.74050632911394
112.0 69.94050632911393
115.0 70.04050632911392
118.0 69.84050632911394
122.0 69.54050632911392
125.0 69.14050632911393
128.0 68.64050632911395
132.0 68.34050632911394
136.0 68.24050632911393
140.0 68.34050632911394
145.0 68.54050632911392
150.0 68.64050632911395
155.0 68.74050632911391
160.0 68.74050632911391
165.0 68.74050632911391
170.0 68.74050632911391
175.0 68.64050632911395
180.0 68.54050632911392
185.0 68.34050632911394
190.0 68.34050632911394
195.0 68.34050632911394
200.0 68.34050632911394
206.0 68.54050632911392
212.0 68.74050632911391
218.0 68.94050632911393
224.0 69.14050632911393
230.0 69.34050632911394
236.0 69.34050632911394
240.0 69.44050632911393
250.0 69.44050632911393
258.0 69.44050632911393
265.0 69.44050632911393
272.0 69.44050632911393
280.0 69.54050632911392
290.0 69.74050632911394
300.0 69.94050632911393
307.0 69.94050632911393
315.0 70.04050632911392
325.0 69.94050632911393
335.0 69.74050632911394
345.0 69.54050632911392
355.0 69.44050632911393
365.0 69.34050632911394
375.0 69.34050632911394
387.0 69.34050632911394
400.0 69.24050632911393
412.0 69.34050632911394
425.0 69.44050632911393
437.0 69.64050632911393
450.0 69.94050632911393
462.0 70.24050632911393
475.0 70.44050632911393
487.0 70.54050632911392
500.0 70.64050632911393
515.0 70.64050632911393
530.0 70.54050632911392
545.0 70.34050632911394
560.0 70.34050632911394
580.0 70.34050632911394
600.0 70.34050632911394
615.0 70.14050632911392
630.0 69.84050632911394
650.0 69.74050632911394
670.0 69.44050632911393
690.0 68.54050632911392
710.0 67.74050632911393
730.0 67.74050632911393
750.0 67.64050632911392
775.0 67.14050632911393
800.0 67.64050632911392
825.0 68.44050632911393
850.0 68.74050632911391
875.0 68.94050632911393
900.0 69.24050632911393
925.0 69.14050632911393
950.0 69.14050632911393
975.0 69.14050632911393
1000.0 68.94050632911393
1030.0 69.14050632911393
1060.0 68.54050632911392
1090.0 68.54050632911392
1120.0 69.04050632911392
1150.0 68.84050632911394
1180.0 68.94050632911393
1220.0 68.64050632911395
1250.0 68.64050632911395
1280.0 68.54050632911392
1320.0 69.04050632911392
1360.0 68.64050632911395
1400.0 68.54050632911392
1450.0 68.34050632911394
1500.0 67.74050632911393
1550.0 67.54050632911392
1600.0 67.74050632911393
1650.0 67.24050632911394
1700.0 66.94050632911393
1750.0 66.94050632911393
1800.0 66.84050632911394
1850.0 66.54050632911392
1900.0 66.14050632911395
1950.0 66.14050632911395
2000.0 66.34050632911394
2060.0 66.14050632911395
2120.0 65.94050632911393
2180.0 65.44050632911393
2240.0 65.54050632911392
2300.0 65.04050632911392
2360.0 64.64050632911393
2400.0 64.34050632911394
2500.0 64.44050632911393
2580.0 64.54050632911392
2650.0 64.94050632911393
2720.0 65.84050632911394
2800.0 66.54050632911392
2900.0 67.04050632911392
3000.0 67.34050632911394
3070.0 68.04050632911392
3150.0 68.74050632911391
3250.0 69.34050632911394
3350.0 69.64050632911393
3450.0 70.44050632911393
3550.0 71.54050632911392
3650.0 71.84050632911394
3750.0 70.94050632911393
3870.0 70.04050632911392
4000.0 69.94050632911393
4120.0 70.04050632911392
4250.0 70.14050632911392
4370.0 70.64050632911393
4500.0 70.54050632911392
4620.0 70.14050632911392
4750.0 70.14050632911392
4870.0 70.44050632911393
5000.0 71.34050632911394
5150.0 71.84050632911394
5300.0 72.24050632911394
5450.0 72.54050632911392
5600.0 72.74050632911393
5800.0 72.84050632911394
6000.0 72.34050632911394
6150.0 71.34050632911394
6300.0 70.64050632911393
6500.0 70.34050632911394
6700.0 70.14050632911392
6900.0 69.84050632911394
7100.0 69.24050632911393
7300.0 69.74050632911394
7500.0 70.04050632911392
7750.0 69.34050632911394
8000.0 69.04050632911392
8250.0 69.24050632911393
8500.0 69.34050632911394
8750.0 69.34050632911394
9000.0 71.24050632911391
9250.0 71.74050632911393
9500.0 70.84050632911394
9750.0 70.44050632911393
10000.0 70.44050632911393
10300.0 70.54050632911392
10600.0 70.54050632911392
10900.0 68.94050632911393
11200.0 68.14050632911393
11500.0 67.84050632911394
11800.0 64.24050632911393
12200.0 67.44050632911393
12500.0 69.24050632911393
12800.0 68.24050632911393
13200.0 66.34050632911394
13600.0 67.14050632911393
14000.0 67.14050632911393
14500.0 68.44050632911393
15000.0 63.040506329113924
15500.0 63.040506329113924
16000.0 66.94050632911393
16500.0 62.14050632911393
17000.0 66.64050632911393
17500.0 70.54050632911392
18000.0 63.74050632911391
18500.0 62.44050632911393
19000.0 66.44050632911393
19500.0 66.94050632911393
