Freq "Front Wall Bounce"
20.5078 61.05716834582594
21.9727 59.18076115523883
23.4375 62.19609259463189
24.9023 63.15219706741584
26.3672 63.837260277874506
27.832 65.1224119978323
29.2969 65.52342651222081
30.7617 66.32062430673264
32.2266 67.02461863213375
33.6914 67.57328481229837
35.1562 68.14465024859699
36.6211 68.90325389941128
38.0859 69.27073065366461
39.5508 69.76747219912872
41.0156 70.41846226803068
42.4805 70.77603654392438
43.9453 71.40437948802504
45.4102 72.11681095959007
46.875 72.75174438205963
48.3398 73.33411730928282
51.2695 74.46433207805266
52.7344 75.06075231510299
54.1992 75.79059124357987
55.6641 76.4532745915769
58.5938 78.19590451350673
60.0586 78.8237911105278
62.9883 80.23121308220088
64.4531 80.93041356939983
67.3828 82.45412039510546
68.8477 83.23243985847198
71.7773 84.77155423811817
74.707 86.34193384431096
77.6367 87.8356330495175
79.1016 88.47993553822934
82.0312 89.37065821448034
84.9609 89.51395451895716
87.8906 88.92907458172611
90.8203 87.91860973894073
95.2148 86.31691891634068
98.1445 85.26145861793755
101.074 84.23833517546126
105.469 83.12031694307873
108.398 82.6041670255401
112.793 81.67818346462153
117.188 80.91350473009294
120.117 80.42310445821411
124.512 79.74395775607817
128.906 79.17390063276224
133.301 78.67895223943026
139.16 78.10465486747513
143.555 77.76347040559504
147.949 77.52034480425652
153.809 77.2231087032146
159.668 77.24129603928426
165.527 77.12439051916812
171.387 76.955157591568
177.246 76.8944357832815
183.105 76.94856241951162
188.965 77.12930118668635
196.289 77.54364865311824
203.613 77.52081653483148
210.938 77.97312437627684
218.262 78.62727706355994
225.586 79.24796914717062
232.91 79.88484997472118
241.699 80.41772332934326
250.488 81.62314103135377
259.277 81.82177876404876
268.066 83.02286700138868
276.855 83.79507481117022
287.109 83.6299059102709
297.363 81.7494140783243
307.617 83.19102260340517
319.336 83.2635298068223
329.59 83.14437225285758
341.309 83.54409094434465
353.027 82.39437658580142
366.211 81.79930159991247
379.395 81.9131843367125
392.578 82.34149349565475
405.762 80.7158646735368
420.41 81.99783564980834
435.059 79.6993167657989
451.172 83.580803737929
465.82 83.07531007510565
483.398 81.26315700344999
499.512 82.2187294426637
517.09 84.13421135056706
536.133 84.87579276482064
555.176 83.54129383699731
574.219 83.55702563611825
594.727 82.91355646929556
615.234 82.08798537829774
637.207 82.90976213090602
659.18 81.78473701975332
682.617 81.41357555460067
707.52 82.02362313456553
732.422 80.87775665901398
757.324 80.10423351268133
785.156 79.53423855911666
811.523 79.9129610646954
840.82 80.88073619672974
870.117 80.49744070294199
900.879 81.76918848193822
933.105 83.48388086704759
965.332 81.90700988079494
1000.49 82.14978491137184
1035.64 81.77415500836273
1072.27 81.67632724861227
1108.89 80.8794395358599
1148.44 80.26171941091454
1189.45 80.94350041424491
1230.47 81.3706525156114
1274.41 81.05499032241443
1319.82 80.54507624865748
1366.7 79.70031340193029
1413.57 80.29461967760113
1463.38 81.08253532415583
1516.11 81.86476937432579
1568.85 81.1421406048014
1624.51 81.64845102034788
1681.64 81.4553737040574
1741.7 82.24059583623455
1803.22 82.82282726586591
1866.21 81.99043727932431
1932.13 82.33349097226717
1999.51 83.35878276450724
2069.82 83.66556408098762
2143.07 82.83165062330524
2219.24 82.71684691014681
2296.88 83.02430505703764
2378.91 82.01689434251122
2462.4 81.290301671239
2548.83 81.90151405349694
2639.65 81.26243295576583
2731.93 80.93251773320398
2828.61 81.91758293948698
2928.22 81.87933225886621
3030.76 82.00329441411546
3137.7 82.4792322244709
3249.02 82.27347134963877
3363.28 82.14763303815784
3481.93 82.86959951294179
3604.98 83.12954651550902
3732.42 83.51609428662516
3864.26 83.89723608307435
4000.49 84.03114672653751
4141.11 84.11410388645939
4287.6 83.98515637099236
4438.48 83.71353675006833
4595.21 83.78888287438282
4756.35 83.88525564374191
4924.8 83.91393287245367
5097.66 84.28062485081765
5277.83 83.65129229110393
5463.87 83.24080376835573
5657.23 83.3319774476106
5856.45 83.89026602959939
6062.99 83.27765830460245
6276.86 83.32724458926818
6498.05 83.4561755571749
6726.56 83.35402582935328
6963.87 83.29809931358443
7209.96 83.77234985135209
7464.84 83.79049230571295
7727.05 83.58495048967632
7999.51 83.51070402302203
8282.23 83.6056648771999
8573.73 83.60272482441819
8876.95 83.58025879891389
9188.96 83.61307788301741
9514.16 83.23621894967329
9849.61 83.17296466660201
10196.8 83.33747829765903
10555.7 83.5468483307656
10927.7 83.86336500623447
11313.0 84.06041520108643
11712.9 84.61781089859997
12126.0 84.19382052870081
12553.7 84.26576141357674
12996.1 84.20973636698288
13454.6 84.48452614523978
13929.2 84.31894654994889
14419.9 83.48217242336844
14928.2 82.63219021384776
15455.6 82.01340608919725
16000.5 82.10970615949256
16564.5 81.91744503013405
17148.9 81.09561460154481
17752.4 79.94664809426656
18379.4 78.64271955251641
19026.9 77.05432838358773
19697.8 75.57886394458009
19999.5 75.10595062052852
