Freq "Early Reflections"
22.4 49.93343993793974
23.0 50.39669251693144
23.6 51.42942271034269
24.0 54.71361781939936
25.0 56.93343993793974
25.8 58.51361781939934
26.5 59.622562790914856
27.2 59.467460881505986
28.0 59.56316040500835
29.0 58.343868815893074
30.0 58.974209936720115
30.7 62.02837497633783
31.5 63.81328184069632
32.5 64.79557235536313
33.5 63.50623134273178
34.5 60.798420030122855
35.5 54.04851174183028
36.5 47.8710950333589
37.5 45.57021852650121
38.7 55.34106715363953
40.0 62.53903059942168
41.2 65.25612154300964
42.5 65.36784584646009
43.7 63.91221763514319
45.0 61.977212177628004
46.2 59.99896238840458
47.5 56.782249126871505
48.7 55.5805492685038
50.0 57.23919974953387
51.5 64.71033946825041
53.0 67.47912529556899
54.5 65.8930023949062
56.0 62.44574122476631
58.0 65.76793016347469
60.0 66.93401449819571
61.5 63.476398567839055
63.0 64.69386488375123
65.0 67.88969388695791
67.0 66.4202849777545
69.0 64.79781599102189
71.0 65.81241846036852
73.0 67.21316173696812
75.0 67.99015935766849
77.5 69.08489881970122
80.0 71.65650641726904
82.5 73.32620416822373
85.0 73.87848279168416
87.5 73.72631780736371
90.0 73.36482710922384
92.5 72.7620349513061
95.0 72.33738046113508
97.5 71.81138831444535
100.0 71.38822180385199
103.0 73.35071012417484
106.0 75.10295492344248
109.0 78.07084197582452
112.0 79.75878912209706
115.0 80.75245970814606
118.0 81.82817532937361
122.0 82.57545365524423
125.0 83.22867326396988
128.0 83.68880437182509
132.0 84.15191542620127
136.0 84.21515653545839
140.0 84.80240724925176
145.0 85.10641959250057
150.0 85.03338800005795
155.0 84.79445207948984
160.0 84.34911969486564
165.0 83.57051242078006
170.0 83.6071814620577
175.0 83.71260401865976
180.0 83.82553452226972
185.0 83.94971035798783
190.0 83.13590956167774
195.0 81.51531082101874
200.0 78.39396836385605
206.0 76.86505250940473
212.0 78.64092847211221
218.0 81.22689617547785
224.0 81.82795223276388
230.0 81.95751419994234
236.0 81.606751914943
240.0 79.65255991543333
250.0 81.03691995699131
258.0 81.58112169207104
265.0 83.17598205047977
272.0 84.41245120637781
280.0 84.74355813920664
290.0 83.62620626938207
300.0 83.80708103391945
307.0 83.76192922611799
315.0 82.71813561150609
325.0 81.36301072679466
335.0 80.66068722060587
345.0 77.97347855989246
355.0 81.03286460234719
365.0 84.87919195368345
375.0 85.33224930038735
387.0 85.77713507767973
400.0 84.91743563828254
412.0 84.88460627065209
425.0 84.38586737960769
437.0 82.1651786637367
450.0 79.77346861881848
462.0 82.6049897187927
475.0 84.20115341715075
487.0 83.26190342904347
500.0 82.93849185662654
515.0 83.63825285506928
530.0 82.47705924773376
545.0 80.04761030080896
560.0 77.8097678473472
580.0 80.62758244467616
600.0 80.36663414376109
615.0 81.773780848011
630.0 82.65551861466906
650.0 84.08805572703187
670.0 81.24393915889496
690.0 77.79710606436339
710.0 81.39095156510237
730.0 83.55528779288943
750.0 81.35622344384352
775.0 82.78398257251226
800.0 82.64333986677954
825.0 81.09787461799655
850.0 79.11216932720968
875.0 80.42163926370554
900.0 81.35939914406543
925.0 80.55995851606636
950.0 81.10196102298987
975.0 80.23902934291954
1000.0 81.96202666844766
1030.0 80.70832257767204
1060.0 78.98080713117776
1090.0 79.65780967455095
1120.0 77.95045522208825
1150.0 81.77612266949028
1180.0 78.21621482887817
1220.0 79.90335229841858
1250.0 78.7697169521337
1280.0 80.77837401635583
1320.0 77.78826074089964
1360.0 79.67167508025634
1400.0 80.4853700093698
1450.0 80.3334822522046
1500.0 84.8554189443492
1550.0 80.0721764740561
1600.0 82.62839495091569
1650.0 83.57860502315103
1700.0 81.33523767720287
1750.0 76.30120386379147
1800.0 81.62119051144214
1850.0 82.24330296204501
1900.0 80.13750750953864
1950.0 78.80948633017532
2000.0 79.49334977504395
2060.0 77.646625484012
2120.0 79.83984285479866
2180.0 80.30967312535786
2240.0 79.93057191334402
2300.0 79.71521290603562
2360.0 77.17232347133913
2400.0 76.28627857156225
2500.0 75.90448660529773
2580.0 76.29423477867732
2650.0 75.64411417831508
2720.0 74.24774797558223
2800.0 75.06523141541885
2900.0 77.78639586869338
3000.0 79.63768453626567
3070.0 79.72843705841215
3150.0 79.62915192811559
3250.0 78.66020908423936
3350.0 78.39561766329639
3450.0 78.98957311597421
3550.0 79.0097510179566
3650.0 79.72864669231728
3750.0 80.36702755461818
3870.0 80.266734985425
4000.0 80.46254713633276
4120.0 80.23786850765968
4250.0 79.49995782946061
4370.0 79.44058531584167
4500.0 79.61572745537117
4620.0 79.52369597645465
4750.0 78.641419025478
4870.0 79.92021178578435
5000.0 81.23111471793726
5150.0 82.40946746357139
5300.0 82.5076313425813
5450.0 82.52468511371143
5600.0 82.62071390540589
5800.0 81.98548450675904
6000.0 81.91763869346644
6150.0 81.40947694245617
6300.0 80.48225387355146
6500.0 79.52385882275432
6700.0 79.13746992280618
6900.0 79.73125326775619
7100.0 79.49505869515929
7300.0 80.65258810052785
7500.0 80.68631650077735
7750.0 80.27733279533018
8000.0 80.94810272511454
8250.0 81.20107995422993
8500.0 82.85072279426
8750.0 84.55668177488245
9000.0 83.8927159769061
9250.0 83.15784794439955
9500.0 82.21298315100593
9750.0 83.57928106165994
10000.0 83.55694353764733
10300.0 85.31715551579931
10600.0 86.0867215043446
10900.0 85.67525252089729
11200.0 88.16769672285865
11500.0 88.38123894315774
11800.0 88.91899344783475
12200.0 89.06323127013091
12500.0 87.84908218489934
12800.0 90.08725343987325
13200.0 88.00513034499711
13600.0 88.8227534552058
14000.0 87.97340275258834
14500.0 88.56995309251816
15000.0 82.63559939645577
15500.0 80.38320650856825
16000.0 78.46506713029615
16500.0 81.37668503869014
17000.0 77.9707870224686
17500.0 76.44106655807079
18000.0 75.15837034999261
18500.0 75.00511866084773
19000.0 71.1622563878695
19500.0 65.94914354706464
