Freq "Floor Bounce"
20.5078 47.38674242571844
21.9727 49.010479145976774
23.4375 53.99022231305477
24.9023 54.16836113703059
26.3672 55.04320946582038
27.832 56.3879882106464
29.2969 58.033251344169315
30.7617 59.25711080905833
32.2266 60.934765672173285
33.6914 62.54922501500096
35.1562 65.00950263132984
36.6211 65.84018187285511
38.0859 67.90042072973418
39.5508 68.6064104904189
41.0156 69.61711745429555
42.4805 70.83186831075778
43.9453 71.8691632711747
45.4102 72.89115149503237
46.875 73.95367149123183
48.3398 74.81830510744673
51.2695 76.39505387849466
52.7344 77.07572932451738
54.1992 77.65799053756214
55.6641 78.209398589156
58.5938 79.13220405905649
60.0586 79.51966431680732
62.9883 80.1964295733898
64.4531 80.46737065512667
67.3828 81.00301972426479
68.8477 81.1945435246521
71.7773 81.5968748284814
74.707 81.94669309902528
77.6367 82.20420996545656
79.1016 82.3391642871185
82.0312 82.65544646596805
84.9609 82.93837975471396
87.8906 83.11336538952077
90.8203 83.37263114655164
95.2148 83.68921505234786
98.1445 83.87874288486907
101.074 84.06025212159982
105.469 84.33874097647404
108.398 84.40134943440262
112.793 84.56548642490097
117.188 84.69100160276597
120.117 84.8153376210952
124.512 85.05998068182784
128.906 85.2385661165076
133.301 85.41897455616699
139.16 85.35241757814958
143.555 85.37888769688875
147.949 85.47421951150015
153.809 85.38155662983343
159.668 85.23625970083347
165.527 85.32250428462038
171.387 85.5700217594886
177.246 85.65512094671627
183.105 85.76642767615391
188.965 85.71387165137617
196.289 85.73546091986266
203.613 85.73934005292588
210.938 85.75014436731152
218.262 85.63629698146478
225.586 85.52437693053037
232.91 85.58876056397085
241.699 85.63694575575327
250.488 85.41195485464382
259.277 85.80955491770708
268.066 85.87818088720503
276.855 85.50971379830118
287.109 85.4098478237445
297.363 85.60423059485858
307.617 85.46411250747992
319.336 84.96630253018813
329.59 84.69814770305317
341.309 84.78278336969467
353.027 85.45731827372359
366.211 85.15146950174673
379.395 85.05162581282656
392.578 84.62904558555279
405.762 85.21209500198032
420.41 84.57653421171285
435.059 84.89397465177804
451.172 84.03688026473668
465.82 84.16622015306613
483.398 84.45693074039916
499.512 84.53864348348007
517.09 84.52511587320642
536.133 84.34619622099223
555.176 84.51534952005252
574.219 84.77544984945844
594.727 84.55019139795846
615.234 84.42620558126634
637.207 84.64737972850133
659.18 84.44134791979998
682.617 84.57154143918203
707.52 85.03774345819919
732.422 84.50049533603882
757.324 85.35928851133204
785.156 85.09609837961085
811.523 84.43558171582154
840.82 84.47184408865337
870.117 84.26807398901838
900.879 83.87809464952896
933.105 83.58026930077438
965.332 83.43934621171498
1000.49 82.95153225661437
1035.64 83.07858598707236
1072.27 83.44414779401725
1108.89 83.1471346971384
1148.44 83.77888172892638
1189.45 83.14752540465905
1230.47 83.44647188148372
1274.41 84.86043277093142
1319.82 85.00001078229201
1366.7 84.87377189806529
1413.57 84.49650124882355
1463.38 84.2474616209548
1516.11 84.7982666563259
1568.85 85.30599775051002
1624.51 84.90008767617012
1681.64 84.77092689050629
1741.7 85.07718481024258
1803.22 84.95755910807132
1866.21 84.65232597241786
1932.13 83.9932159371142
1999.51 84.27308372378683
2069.82 84.33092416650027
2143.07 83.64485578560974
2219.24 82.56393938182386
2296.88 82.63617246398917
2378.91 81.80239162497469
2462.4 79.5819993719497
2548.83 79.59129360324503
2639.65 79.85656235607232
2731.93 79.63435169359288
2828.61 80.56100427750326
2928.22 80.58295683372442
3030.76 81.02460755070942
3137.7 81.52444968168197
3249.02 81.9086253258939
3363.28 82.42341390337147
3481.93 82.51459413524248
3604.98 82.8477484592216
3732.42 83.04940614600675
3864.26 83.10950578497642
4000.49 83.60344453237619
4141.11 84.13003243052094
4287.6 84.12789337627699
4438.48 84.46836004106132
4595.21 84.66575083678276
4756.35 84.52098346594654
4924.8 84.61158938966597
5097.66 84.38235357646357
5277.83 84.52601352756645
5463.87 84.60247779212347
5657.23 84.85898643984696
5856.45 84.61912864710264
6062.99 84.75607008765977
6276.86 84.86332732682362
6498.05 84.92850943287644
6726.56 84.95734278285747
6963.87 84.92689744704471
7209.96 84.7819869055526
7464.84 84.67259043676519
7727.05 84.57236735388209
7999.51 84.43593641520026
8282.23 84.24594191941132
8573.73 83.86443518447311
8876.95 83.46770454119996
9188.96 83.1217494851887
9514.16 83.172007799189
9849.61 83.46372424247384
10196.8 83.56168117300149
10555.7 83.70300203002158
10927.7 83.71742122666241
11313.0 83.45798089868597
11712.9 83.30012860121369
12126.0 83.61104617200132
12553.7 83.97460734936169
12996.1 83.8021431612934
13454.6 83.56284095479587
13929.2 83.48662188715993
14419.9 83.20208051613876
14928.2 83.13303066002874
15455.6 82.74796843101875
16000.5 82.40684747897917
16564.5 81.64879085679021
17148.9 80.80981720374888
17752.4 80.12012928790932
18379.4 79.73538331682263
19026.9 79.13816840663414
19697.8 78.4150845460092
19999.5 77.96293005424054
