Freq "Front Wall Bounce"
22.4 52.50556670390378
23.0 53.50556670390381
23.6 54.43427863584415
24.0 55.50556670390378
25.0 56.534278635844146
25.8 57.70556670390383
26.5 58.80556670390382
27.2 60.034278635844146
28.0 61.2055667039038
29.0 62.49113924050633
30.0 63.69113924050633
30.7 64.9055667039038
31.5 66.13427863584415
32.5 67.36280199442524
33.5 68.6055667039038
34.5 69.83427863584414
35.5 70.99113924050633
36.5 72.2055667039038
37.5 73.33427863584414
38.7 74.46280199442523
40.0 75.57732374552583
41.2 76.66280199442525
42.5 77.73427863584416
43.7 78.73427863584415
45.0 79.66280199442524
46.2 80.60622238294516
47.5 81.47732374552584
48.7 82.27732374552583
50.0 83.06280199442526
51.5 83.70622238294517
53.0 84.33427863584414
54.5 84.87732374552583
56.0 85.37732374552581
58.0 85.77732374552583
60.0 86.07732374552583
61.5 86.30622238294517
63.0 86.50622238294518
65.0 86.60622238294518
67.0 86.60622238294518
69.0 86.60622238294518
71.0 86.57732374552583
73.0 86.50622238294518
75.0 86.47732374552584
77.5 86.40622238294516
80.0 86.40622238294516
82.5 86.40622238294516
85.0 86.44954508554694
87.5 86.50622238294518
90.0 86.50622238294518
92.5 86.53492999470363
95.0 86.53492999470363
97.5 86.60622238294518
100.0 86.60622238294518
103.0 86.67732374552583
106.0 86.70622238294517
109.0 86.70622238294517
112.0 86.70622238294517
115.0 86.64954508554695
118.0 86.50622238294518
122.0 86.30622238294517
125.0 86.10622238294516
128.0 85.90622238294517
132.0 85.77862853942676
136.0 85.67862853942674
140.0 85.47862853942675
145.0 85.25149235873829
150.0 85.0514923587383
155.0 84.99603423424253
160.0 85.03979881415428
165.0 85.01112347452076
170.0 84.91112347452078
175.0 84.81112347452077
180.0 84.81112347452077
185.0 84.79603423424254
190.0 84.73789074425986
195.0 84.83789074425987
200.0 85.09603423424255
206.0 85.31112347452077
212.0 85.31112347452077
218.0 85.21112347452078
224.0 85.01112347452076
230.0 84.84114558067705
236.0 84.78480514147415
240.0 85.04114558067704
250.0 85.25642640050184
258.0 85.23038199772624
265.0 85.18480514147416
272.0 85.63038199772625
280.0 86.38480514147415
290.0 86.88480514147415
300.0 86.92651010669621
307.0 86.73038199772624
315.0 86.75642640050185
325.0 86.73038199772624
335.0 86.30477864657513
345.0 85.85119860908544
355.0 85.34235406361982
365.0 84.81797379363593
375.0 84.64935632870133
387.0 84.96569709995201
400.0 85.06569709995199
412.0 84.76569709995199
425.0 84.37393569212168
437.0 84.5022006206513
450.0 84.81871944795535
462.0 84.65082478792124
475.0 84.86753981098205
487.0 85.36204978835477
500.0 85.43417294520513
515.0 85.08457783856969
530.0 84.29056217232831
545.0 83.82557103256528
560.0 83.67961141978148
580.0 83.38480514147416
600.0 83.15318300049879
615.0 82.77200769515265
630.0 82.47200769515266
650.0 82.07862853942675
670.0 81.45019433098147
690.0 80.99312784142654
710.0 80.90853226903167
730.0 81.27732374552582
750.0 80.22915208423234
775.0 79.28496561559332
800.0 79.59749129434879
825.0 80.42486616128
850.0 81.34495253244272
875.0 80.46511177943005
900.0 80.47963350479863
925.0 81.22455450968377
950.0 81.58158287403955
975.0 82.22305740310955
1000.0 82.322706583635
1030.0 82.02250719156278
1060.0 82.65529744552022
1090.0 83.64460220687266
1120.0 84.19465927035839
1150.0 84.89929865122454
1180.0 86.09733213199411
1220.0 86.60638230886497
1250.0 86.8313942125236
1280.0 87.30651479151942
1320.0 87.80543626503872
1360.0 87.03362607041873
1400.0 87.13427863584415
1450.0 86.62853793650189
1500.0 86.96877747660362
1550.0 87.12815167920624
1600.0 86.89731595553434
1650.0 86.4155224289617
1700.0 86.72190515864035
1750.0 85.07451434912515
1800.0 85.00242291422194
1850.0 82.69143334863725
1900.0 82.23277290873175
1950.0 81.68922457799869
2000.0 81.85414404227369
2060.0 81.98721872460979
2120.0 82.68598170427612
2180.0 85.23933048091192
2240.0 85.92024992737163
2300.0 86.56937906922656
2360.0 85.96412345926356
2400.0 84.98955094861681
2500.0 84.33425067693389
2580.0 83.83481453940158
2650.0 82.74138967294805
2720.0 83.26863704086955
2800.0 83.22782358309401
2900.0 82.34237215021685
3000.0 83.05057999286477
3070.0 83.63969200934909
3150.0 84.40364817007024
3250.0 84.40253418977225
3350.0 84.67754935361869
3450.0 84.48201361975195
3550.0 84.95699510982118
3650.0 84.85173819474224
3750.0 84.54590856722962
3870.0 84.29682341567025
4000.0 84.58797275544498
4120.0 84.97397034691194
4250.0 85.35559423332654
4370.0 85.72286562633496
4500.0 85.06085074713158
4620.0 84.62882516194782
4750.0 84.49112662120842
4870.0 84.81474032395374
5000.0 84.90438978072885
5150.0 85.12916116804102
5300.0 84.59878470790284
5450.0 83.17487675503547
5600.0 82.19255334809316
5800.0 81.83331460159792
6000.0 81.57782695433407
6150.0 81.75958461154764
6300.0 81.80067769632099
6500.0 81.71377800347818
6700.0 82.06399594324624
6900.0 82.967308016944
7100.0 83.80150669712303
7300.0 83.21237147553784
7500.0 81.037658575965
7750.0 82.5033906043227
8000.0 85.9081598981486
8250.0 86.56423003885274
8500.0 84.51461742902757
8750.0 81.41549241007837
9000.0 80.18309245683228
9250.0 81.49433343099793
9500.0 81.74842073736053
9750.0 79.85521214501367
10000.0 77.94650488362333
10300.0 81.80357088148955
10600.0 84.77018832850082
10900.0 85.6575103889925
11200.0 85.47464956569917
11500.0 84.74003200304084
11800.0 82.24479494644319
12200.0 77.64084287623157
12500.0 73.59756168048347
12800.0 79.13584204801663
13200.0 82.3311352608151
13600.0 82.34828249113067
14000.0 81.93684144374303
14500.0 82.27577531579888
15000.0 81.62755167334495
15500.0 83.78432800901177
16000.0 80.5721841682653
16500.0 83.78830319748937
17000.0 86.19714587167644
17500.0 85.53520339528465
18000.0 83.35378764834886
18500.0 76.93086667218896
19000.0 70.61023162854075
19500.0 59.63784314713703
