Freq "Early Reflections DI"
22.4 60.81707638060587
23.0 60.86138377969314
23.6 60.8787445456947
24.0 60.91387018993936
25.0 60.95148013708348
25.8 60.97890711033324
26.5 61.014611658879716
27.2 61.03092703551923
28.0 61.07158369577081
29.0 61.112389467315495
30.0 61.11970645285311
30.7 61.12146596925774
31.5 61.151192123986306
32.5 61.15935753072674
33.5 61.186869495998536
34.5 61.20333676178191
35.5 61.217516559088466
36.5 61.25896965191646
37.5 61.25027586625717
38.7 61.265323046112314
40.0 61.2781514180697
41.2 61.28960901113473
42.5 61.301600726750564
43.7 61.3091952806121
45.0 61.34218153967694
46.2 61.32615636136195
47.5 61.36483977081704
48.7 61.37108861182871
50.0 61.371324392721036
51.5 61.37700225123328
53.0 61.38620471489507
54.5 61.40390264592284
56.0 61.39207022051721
58.0 61.38481129488058
60.0 61.403002025656036
61.5 61.42298662465504
63.0 61.41509918800041
65.0 61.40912455191433
67.0 61.427600432403764
69.0 61.420582792506195
71.0 61.4220793949781
73.0 61.435081145190935
75.0 61.44368495244525
77.5 61.43801511827371
80.0 61.459344871208174
82.5 61.46808993384647
85.0 61.467621901434654
87.5 61.457696041420775
90.0 61.45441526779132
92.5 61.47172917057195
95.0 61.484739124576606
97.5 61.492170434825525
100.0 61.4637228153785
103.0 61.47339077044704
106.0 61.490231270521605
109.0 61.47346532655676
112.0 61.492001991894
115.0 61.48004710970105
118.0 61.498794819134574
122.0 61.49460399922977
125.0 61.53027234178383
128.0 61.51827171421961
132.0 61.51920573845207
136.0 61.502420759452505
140.0 61.513675867192134
145.0 61.51374164000188
150.0 61.55110137989989
155.0 61.5276834046594
160.0 61.56753594319132
165.0 61.55553523347555
170.0 61.577915206460816
175.0 61.57055802888452
180.0 61.585900764378124
185.0 61.58461972637927
190.0 61.6116581041407
195.0 61.6097140300339
200.0 61.61690321105252
206.0 61.6315908210983
212.0 61.63456512470718
218.0 61.647653944876254
224.0 61.658412952713405
230.0 61.690749106421904
236.0 61.70115228883445
240.0 61.69785636769723
250.0 61.73040770055263
258.0 61.753748647907685
265.0 61.79195118826806
272.0 61.81565172988094
280.0 61.82988522927917
290.0 61.887130255196936
300.0 61.91571654110655
307.0 61.986097928897365
315.0 62.033405796548806
325.0 62.080917647838916
335.0 62.12872718811239
345.0 62.16518333200406
355.0 62.21456169409507
365.0 62.262884373689246
375.0 62.292092864627705
387.0 62.31520591366019
400.0 62.33101438799103
412.0 62.34584872413586
425.0 62.374279844313946
437.0 62.36777591796057
450.0 62.360668057388864
462.0 62.35087318503959
475.0 62.298538043285745
487.0 62.28328359435291
500.0 62.24620131089347
515.0 62.264693530306644
530.0 62.3223369097591
545.0 62.41186953611752
560.0 62.57352997167145
580.0 62.76647962344896
600.0 62.9852288460759
615.0 63.2212843590642
630.0 63.42423923186446
650.0 63.62112566512192
670.0 63.78991726364099
690.0 63.96289185464879
710.0 64.07344712063313
730.0 64.16389357930139
750.0 64.20775854392014
775.0 64.19728291501782
800.0 64.10505306876665
825.0 63.976218083392524
850.0 63.80448162680544
875.0 63.657979680381885
900.0 63.53769051756912
925.0 63.47529497235928
950.0 63.4470626399543
975.0 63.425027093179665
1000.0 63.40737151102181
1030.0 63.40283544962959
1060.0 63.362498749480054
1090.0 63.30986888113475
1120.0 63.27094306182936
1150.0 63.28885589042744
1180.0 63.346192814518076
1220.0 63.41403291885776
1250.0 63.45965147538497
1280.0 63.48602906307789
1320.0 63.43990205871715
1360.0 63.44528698153323
1400.0 63.50308263303117
1450.0 63.5992313702064
1500.0 63.772090144388955
1550.0 63.938317534661905
1600.0 64.0853356596942
1650.0 64.14336852131122
1700.0 64.21810223804157
1750.0 64.39165840860935
1800.0 64.60008890028834
1850.0 64.84114552006032
1900.0 65.00203425275113
1950.0 65.07223891251124
2000.0 65.1096853202692
2060.0 65.14234671822501
2120.0 65.2097290381738
2180.0 65.30565310485277
2240.0 65.4020263002436
2300.0 65.50952699633748
2360.0 65.53616953736125
2400.0 65.50602598949489
2500.0 65.49595065860258
2580.0 65.48029888037381
2650.0 65.46988504861962
2720.0 65.43481289830119
2800.0 65.46310950271709
2900.0 65.48398354511032
3000.0 65.48417346069897
3070.0 65.45820715525912
3150.0 65.38434363032415
3250.0 65.27630866750249
3350.0 65.19260993670416
3450.0 65.22965840636078
3550.0 65.25867270953891
3650.0 65.2189995874528
3750.0 65.23887392049417
3870.0 65.30626123191536
4000.0 65.3374370136027
4120.0 65.24688473853311
4250.0 65.27435318006455
4370.0 65.372586906658
4500.0 65.42995656528362
4620.0 65.38473324147829
4750.0 65.32102147059427
4870.0 65.28404105341733
5000.0 65.20989770725855
5150.0 65.15030630434877
5300.0 65.18967548311316
5450.0 65.2831153579514
5600.0 65.29204199965793
5800.0 65.28459566616303
6000.0 65.36438345459275
6150.0 65.29632369562667
6300.0 65.18101623833475
6500.0 65.36697603761078
6700.0 65.48702554568253
6900.0 65.5227067453825
7100.0 65.64320469329995
7300.0 65.6935210934823
7500.0 65.8732331849453
7750.0 65.96396285005294
8000.0 65.88229471300147
8250.0 65.84362511140152
8500.0 65.63620347683344
8750.0 65.47239716243512
9000.0 65.48911292218149
9250.0 65.57623211515613
9500.0 65.8478883798835
9750.0 65.93029202963046
10000.0 66.05685205216038
10300.0 65.94497047429886
10600.0 65.70956715969842
10900.0 65.76670164988086
11200.0 65.97103978838696
11500.0 66.0034252999106
11800.0 66.0284097511641
12200.0 66.13323429555612
12500.0 65.83286422299447
12800.0 65.59222148426392
13200.0 65.8107621340047
13600.0 66.21528923973622
14000.0 66.63554829907912
14500.0 66.89534587315293
15000.0 66.47361036729616
15500.0 66.58871655801342
16000.0 65.60029896321271
16500.0 66.44067081149458
17000.0 66.88759750468608
17500.0 67.14717547148359
18000.0 67.13251527559733
18500.0 65.74287443812652
19000.0 66.51802239962204
19500.0 64.68122892618415
