Freq "Estimated In-Room Response"
22.4 31.111103810458076
23.0 30.60117947241227
23.6 30.040241359228105
24.0 29.703516412677686
25.0 29.36504463331795
25.8 28.975676334201893
26.5 28.498963571674125
27.2 27.924207026281067
28.0 27.309519210447746
29.0 26.654060986235237
30.0 25.827415500929305
30.7 24.795704302796935
31.5 24.366321265849194
32.5 27.73887502973568
33.5 29.94085207379203
34.5 31.46536427567463
35.5 32.52584626101171
36.5 32.72677735296307
37.5 32.749524922589615
38.7 32.770469628198185
40.0 32.71217696944677
41.2 32.53832208734735
42.5 32.32680497041247
43.7 32.13397252842839
45.0 32.315948740299234
46.2 32.57777267076827
47.5 33.8269433414992
48.7 38.16144713746144
50.0 40.63211172889254
51.5 42.21714161007955
53.0 43.3081947859593
54.5 44.27902929915331
56.0 47.79248646191388
58.0 50.51003349302667
60.0 52.07921345828899
61.5 52.97585730020285
63.0 53.82712048756211
65.0 55.03435831705805
67.0 56.39154677493829
69.0 59.23328171331532
71.0 61.15007931021657
73.0 61.98493857582892
75.0 63.056753926402905
77.5 65.42905758541886
80.0 66.69012869963386
82.5 66.82314175854196
85.0 68.47030447889557
87.5 70.43456602090818
90.0 72.31198008133356
92.5 73.95947066276167
95.0 75.16433399934368
97.5 74.33913799316787
100.0 73.43340086827588
103.0 72.9241091982729
106.0 72.44745521771807
109.0 71.85131158326195
112.0 71.39243012961593
115.0 70.8057795853805
118.0 70.29108281928902
122.0 70.57948601833209
125.0 70.03810444721925
128.0 70.53374719444822
132.0 69.68907095035398
136.0 69.90945421966136
140.0 71.90588127309893
145.0 73.8907002240089
150.0 75.4862951942885
155.0 73.94773592812507
160.0 72.81750448572228
165.0 71.07615367267616
170.0 69.14585198761907
175.0 71.39394600766161
180.0 74.023269950413
185.0 73.52518155239883
190.0 73.06843722106959
195.0 75.2441533571275
200.0 74.5511267992313
206.0 69.05980312889828
212.0 67.4313140688318
218.0 72.74002651283539
224.0 71.22417189538959
230.0 72.53338160449566
236.0 73.46969446564296
240.0 72.26936905998875
250.0 73.05218621303963
258.0 74.47275928840875
265.0 73.14175671577189
272.0 69.58557757337024
280.0 72.16245657809665
290.0 74.3305242238936
300.0 71.85743925218601
307.0 69.23256944437559
315.0 69.15215073590409
325.0 69.03993856123456
335.0 68.8899570880475
345.0 68.74547512344805
355.0 68.61660588687933
365.0 68.59433370404253
375.0 68.7324077342731
387.0 68.98260286196347
400.0 69.31699356728764
412.0 69.59932795018563
425.0 69.80125316967886
437.0 69.93781613525545
450.0 70.07371158546682
462.0 70.28221971934022
475.0 70.5535872852249
487.0 70.79168423900487
500.0 70.886074221498
515.0 70.84245868511054
530.0 70.7674227135168
545.0 70.78102395702926
560.0 70.89398860713297
580.0 70.96920558564287
600.0 71.00115918214057
615.0 71.0674106370869
630.0 71.2158975380301
650.0 71.35131533174427
670.0 71.41233479079966
690.0 71.46795451507845
710.0 71.58523716497669
730.0 71.67709651314708
750.0 71.729587153266
775.0 71.87785973556223
800.0 72.0806025165642
825.0 72.05759767912835
850.0 71.78559268398472
875.0 71.52719257589294
900.0 71.18430008414798
925.0 70.73130063096608
950.0 70.46144369898205
975.0 70.38368312279879
1000.0 70.33898285238536
1030.0 70.21196203785955
1060.0 69.6852227080813
1090.0 68.79172488106167
1120.0 67.99662030767513
1150.0 68.1430349475991
1180.0 69.53971960057572
1220.0 70.8332980946595
1250.0 71.5102681453382
1280.0 71.43446422378932
1320.0 70.638361877105
1360.0 69.8305935903804
1400.0 69.85353220194276
1450.0 70.21311362696875
1500.0 70.2739405846294
1550.0 69.65781601845136
1600.0 68.82061721357988
1650.0 68.01536228760872
1700.0 66.98879122755206
1750.0 64.98685656060007
1800.0 63.47616460461521
1850.0 65.06153856153354
1900.0 66.62641714009601
1950.0 66.96485448314588
2000.0 66.57711488905264
2060.0 66.48205697662678
2120.0 66.86065874033326
2180.0 67.1029816852252
2240.0 67.00470194890451
2300.0 67.03824596772529
2360.0 67.35388219262683
2400.0 67.11962995920604
2500.0 66.78655913360285
2580.0 66.81056814117795
2650.0 66.58312165876275
2720.0 67.09526333451699
2800.0 67.25809517037638
2900.0 66.90432666993705
3000.0 67.25803652398417
3070.0 67.30654494313208
3150.0 67.73033705752948
3250.0 67.79797306010819
3350.0 66.33764600224954
3450.0 64.12831405797027
3550.0 64.16616165216914
3650.0 65.21585716296399
3750.0 66.37257339771114
3870.0 67.30659296527972
4000.0 67.31975692805707
4120.0 65.20481916483268
4250.0 64.82196836146456
4370.0 68.46719808709982
4500.0 70.60537523176615
4620.0 71.14786208877175
4750.0 69.28666193632706
4870.0 68.22685986203186
5000.0 68.21310639515197
5150.0 67.19093640522561
5300.0 67.29353913581869
5450.0 67.69634751115487
5600.0 67.31803146693413
5800.0 67.53903547477012
6000.0 68.18109964863926
6150.0 68.58153128500246
6300.0 68.57936827658739
6500.0 67.83155815390916
6700.0 67.82408197217038
6900.0 68.74854818616548
7100.0 69.23350891977724
7300.0 69.19560738588038
7500.0 68.6866857959176
7750.0 67.02798017152112
8000.0 65.2892054411466
8250.0 65.29279251023169
8500.0 65.48381521748045
8750.0 65.96361003766593
9000.0 66.03753778912895
9250.0 65.60888437698603
9500.0 65.82161359082325
9750.0 66.49324414596873
10000.0 67.32366296902326
10300.0 67.57240722191833
10600.0 67.5460358576619
10900.0 67.24262602974594
11200.0 66.87483505826611
11500.0 66.69432360822917
11800.0 66.08370260952353
12200.0 64.9668095205372
12500.0 64.88657704257598
12800.0 64.99293152954657
13200.0 65.4619660205764
13600.0 66.03071147827107
14000.0 65.99840679547117
14500.0 64.96929016458893
15000.0 63.757331283132714
15500.0 62.59094202490856
16000.0 60.82072132898715
16500.0 58.25937417683697
17000.0 53.47378138504072
17500.0 48.784467274888584
18000.0 51.21443635039809
18500.0 53.16032938911836
19000.0 55.067226997089776
19500.0 54.63208571223157
