Freq "Side Wall Bounce"
22.4 57.961169345124944
23.0 58.925454209558694
23.6 61.02545420955872
24.0 62.74902180400417
25.0 63.33196136698123
25.8 64.73196136698124
26.5 65.77738891042839
27.2 66.15342828338575
28.0 66.036773874776
29.0 66.96082630843884
30.0 67.11885718687151
30.7 67.90245227663601
31.5 69.56082630843883
32.5 70.48264684748963
33.5 71.46648157916894
34.5 73.22669501426714
35.5 75.62669501426714
36.5 77.79307947123601
37.5 80.11069317386168
38.7 82.71069317386167
40.0 85.19307947123599
41.2 87.61069317386166
42.5 90.27732080935236
43.7 93.47732080935236
45.0 95.45740017519265
46.2 96.87732080935236
47.5 98.57732080935236
48.7 100.1243861571818
50.0 101.49956388711857
51.5 102.74187360004247
53.0 103.82438615718179
54.5 104.76186541647785
56.0 105.56186541647784
58.0 106.14187360004246
60.0 106.6243861571818
61.5 106.9243861571818
63.0 107.08418758905331
65.0 107.24187360004248
67.0 107.4243861571818
69.0 107.6243861571818
71.0 107.90909764670201
73.0 108.109097646702
75.0 108.409097646702
77.5 108.6469013012609
80.0 108.8316919845503
82.5 108.94964059122928
85.0 109.009097646702
87.5 109.009097646702
90.0 108.909097646702
92.5 108.60909764670198
95.0 108.20909764670199
97.5 107.90909764670201
100.0 107.80909764670199
103.0 107.77682699809844
106.0 107.90909764670201
109.0 108.15690409354568
112.0 108.409097646702
115.0 108.60909764670198
118.0 108.6941049676779
122.0 108.75690409354569
125.0 108.67682699809846
128.0 108.57682699809844
132.0 108.45690409354567
136.0 108.34207582704607
140.0 108.10235869497555
145.0 107.80235869497554
150.0 107.68255283808308
155.0 107.74207582704607
160.0 107.84207582704609
165.0 108.06781203523977
170.0 108.16781203523976
175.0 108.06781203523977
180.0 107.86781203523978
185.0 107.61039079867913
190.0 107.33631489701509
195.0 107.09062162149928
200.0 106.75929007237313
206.0 106.55929007237313
212.0 106.68552008031016
218.0 107.04513806681015
224.0 107.57145342892548
230.0 108.04102466843932
236.0 108.32139476114585
240.0 108.26797653406331
250.0 108.15448951060213
258.0 108.02745355433873
265.0 107.89772752574555
272.0 107.81194105500616
280.0 107.78308817160243
290.0 107.78308817160243
300.0 107.72290201231029
307.0 107.62290201231028
315.0 107.52290201231028
325.0 107.37054643404953
335.0 107.2229020123103
345.0 107.05059463074869
355.0 106.8991918592921
365.0 106.83558189513116
375.0 106.8793715218649
387.0 106.89217894944386
400.0 106.73305078972382
412.0 106.33305078972381
425.0 105.7330507897238
437.0 105.07448023176408
450.0 104.45544566716251
462.0 104.03954960385408
475.0 103.86843243010377
487.0 103.80566928442967
500.0 103.74326220931042
515.0 103.73477716420521
530.0 103.63870878641264
545.0 103.29247231437358
560.0 102.88109225755449
580.0 102.39788413654748
600.0 102.0018574723417
615.0 101.80944928409977
630.0 101.8544956901391
650.0 102.03665211417702
670.0 102.46679766334711
690.0 103.0058612113261
710.0 103.5139740409822
730.0 103.81127528767587
750.0 103.62003793543559
775.0 103.1419206265522
800.0 102.92843129690928
825.0 102.9961234167148
850.0 103.56890554090864
875.0 104.26890554090863
900.0 104.58221114970131
925.0 104.59140197120534
950.0 104.1592820174088
975.0 103.61389373413878
1000.0 103.03312016502022
1030.0 102.49464461639306
1060.0 102.12918546753914
1090.0 101.75851163412547
1120.0 101.37587068142395
1150.0 101.06000983036715
1180.0 100.717355153129
1220.0 100.39605040880548
1250.0 100.00804080426944
1280.0 99.58703077185112
1320.0 99.3202578037605
1360.0 99.25676058305741
1400.0 99.31804994235172
1450.0 99.35058870694377
1500.0 99.28340285494431
1550.0 99.08926056290537
1600.0 98.39135382379007
1650.0 97.3727601872531
1700.0 96.28590251073422
1750.0 95.24226017797352
1800.0 94.30333992607812
1850.0 93.2522311726344
1900.0 92.4871478873153
1950.0 92.81591309066776
2000.0 93.98559103566298
2060.0 95.1818306352094
2120.0 95.93223858030373
2180.0 96.35495618061874
2240.0 96.13653475894962
2300.0 95.77092427637461
2360.0 95.95983260037534
2400.0 95.97584533254947
2500.0 96.21023790060086
2580.0 96.82348673077526
2650.0 97.07879025127583
2720.0 97.06526113423772
2800.0 96.40970637705342
2900.0 95.46884949264614
3000.0 95.18182634461587
3070.0 94.97709579365748
3150.0 94.9592855543733
3250.0 95.31207006876322
3350.0 95.51784260704763
3450.0 95.33389152839189
3550.0 95.2423645056558
3650.0 95.87047171837602
3750.0 96.34658197930918
3870.0 96.49835329094734
4000.0 96.81883347290739
4120.0 96.75437082402921
4250.0 95.61003213606466
4370.0 94.81062032001049
4500.0 94.18327409557564
4620.0 94.9060183588571
4750.0 95.43889771973892
4870.0 95.63847665674808
5000.0 96.16391238708809
5150.0 96.15682109227305
5300.0 96.07404459284915
5450.0 96.09438491014694
5600.0 95.55225929993594
5800.0 94.54356814128047
6000.0 93.92785883922431
6150.0 93.51886671328771
6300.0 94.80492516281697
6500.0 95.24764084714303
6700.0 95.77140782075219
6900.0 96.43866069177427
7100.0 96.28300136532232
7300.0 95.42739082544003
7500.0 94.468791031354
7750.0 94.49374536873157
8000.0 96.2061505436437
8250.0 96.69212758259341
8500.0 96.99623383660946
8750.0 96.56944241069809
9000.0 96.42377052059807
9250.0 96.661383718569
9500.0 96.74055108814322
9750.0 96.56510988666554
10000.0 95.88389460843679
10300.0 95.6170630448544
10600.0 95.55715602081291
10900.0 94.86818816352739
11200.0 93.02518972473955
11500.0 89.01727173234465
11800.0 88.56060732981064
12200.0 92.35447852578184
12500.0 98.2543098381045
12800.0 96.89959120845538
13200.0 97.70012925984264
13600.0 97.24921999123632
14000.0 97.41612885971604
14500.0 93.88285572706324
15000.0 92.9942717688882
15500.0 91.6396015003331
16000.0 95.24578569264996
16500.0 89.09034955022781
17000.0 87.41024484673432
17500.0 83.35481584489335
18000.0 80.02094809533648
18500.0 87.75005667634154
19000.0 70.09849976559738
19500.0 85.44983634150131
