Freq "Rear Wall Bounce"
22.4 36.107979523813
23.0 38.69715919549252
23.6 44.084824780516115
24.0 47.44462629815651
25.0 46.77382462279972
25.8 46.00929028364895
26.5 45.72371654237658
27.2 47.30110538297747
28.0 48.55698212576338
29.0 49.824168630512375
30.0 51.446055930268685
30.7 53.781360021894315
31.5 55.98215927940119
32.5 58.326214240173485
33.5 58.5315030554393
34.5 59.34227977748613
35.5 61.22906050377482
36.5 61.36753154359167
37.5 61.86555576255506
38.7 63.7734736259095
40.0 63.79183100563935
41.2 63.934348985984016
42.5 65.06270226999803
43.7 66.72943268673127
45.0 69.09820887503675
46.2 70.79746294846328
47.5 70.97984654469157
48.7 67.80820263433176
50.0 66.87410953375193
51.5 67.15796115948957
53.0 67.49370195783699
54.5 68.22300026906642
56.0 68.84756400216945
58.0 69.71543800419914
60.0 70.58469545749803
61.5 71.62509258431241
63.0 72.4741400995827
65.0 73.25612535305856
67.0 73.99998082479367
69.0 74.6486671942751
71.0 75.19623340297538
73.0 75.99357411912523
75.0 76.88653975002457
77.5 77.69780283787598
80.0 78.49504592228705
82.5 79.19731669106612
85.0 79.91280136839687
87.5 80.46210036467714
90.0 80.47278091519077
92.5 80.0516984020129
95.0 79.6155605692549
97.5 79.36315424858101
100.0 79.20819572714716
103.0 79.28110087868917
106.0 79.34501722047538
109.0 79.27988531947234
112.0 78.88327422608056
115.0 78.57707189194511
118.0 78.3082955551978
122.0 78.01335440398684
125.0 77.70843327128381
128.0 77.54013564327158
132.0 77.72418177432105
136.0 77.79865564302716
140.0 77.71254226146019
145.0 77.53220026890949
150.0 77.28312491142671
155.0 77.08730865049885
160.0 76.99552548541192
165.0 76.98022883651132
170.0 76.85379125144213
175.0 76.5963504583331
180.0 76.94362163276641
185.0 77.1357089723647
190.0 77.06893823870925
195.0 76.95272708724131
200.0 76.65594714751388
206.0 76.1795757960683
212.0 75.36923282048845
218.0 74.44754911361169
224.0 73.5532360293516
230.0 72.7454340783634
236.0 72.21255719611946
240.0 71.85278561245467
250.0 72.1562601513483
258.0 72.55236212896351
265.0 72.65557756667639
272.0 72.8951182587263
280.0 72.9702763352528
290.0 72.86302209023637
300.0 72.52534532886098
307.0 72.48902760973799
315.0 73.26768386828817
325.0 74.57709412262679
335.0 75.39945198431586
345.0 75.078665018908
355.0 74.10014258114138
365.0 72.85316723681852
375.0 71.6526979516549
387.0 71.47384137802885
400.0 71.5975373055483
412.0 71.79025068120528
425.0 71.90161734956776
437.0 71.8631078548118
450.0 71.65381920650259
462.0 71.16234768235996
475.0 70.78063036435515
487.0 70.99328419074247
500.0 71.06554698128988
515.0 71.05312784862659
530.0 71.02602451907657
545.0 70.46403408021283
560.0 69.37139135920934
580.0 67.92779040628558
600.0 67.05557338313977
615.0 66.831155194434
630.0 67.29002517409168
650.0 68.54837326396371
670.0 69.2899323751089
690.0 69.12504110869223
710.0 68.4577131379858
730.0 67.73615919915271
750.0 66.14896029739846
775.0 64.24105971045398
800.0 65.20737390891878
825.0 65.93370267462332
850.0 64.80185203772196
875.0 63.428420666346184
900.0 63.00271031797389
925.0 62.75795894658748
950.0 62.85308832073679
975.0 66.62345300246258
1000.0 67.47528576598731
1030.0 66.14832689021682
1060.0 65.10170852202215
1090.0 66.15813338459887
1120.0 66.05525365010065
1150.0 65.5051199152949
1180.0 63.846437842932886
1220.0 64.4119509412738
1250.0 64.72510069725578
1280.0 63.67860244820393
1320.0 58.00875969826559
1360.0 61.051995603992054
1400.0 60.08483508836217
1450.0 58.801702171667515
1500.0 58.142829596644376
1550.0 54.70104320884623
1600.0 57.965432193718485
1650.0 59.034833427482084
1700.0 58.457435068248145
1750.0 53.63767559772769
1800.0 48.44421929948662
1850.0 52.05044367245132
1900.0 58.42375409090339
1950.0 53.332755704717144
2000.0 51.65459672783801
2060.0 57.02176450628913
2120.0 56.293449010232635
2180.0 58.38308828068797
2240.0 59.99723354389104
2300.0 60.33744870162678
2360.0 61.7192962284922
2400.0 63.16164803150728
2500.0 62.62310341576692
2580.0 62.702366329182965
2650.0 62.23818462895278
2720.0 62.45214578728262
2800.0 62.25934190862982
2900.0 60.090974276228735
3000.0 59.888307529780036
3070.0 59.776394403609515
3150.0 58.268409608802145
3250.0 58.71572927326483
3350.0 60.91672378826753
3450.0 60.81058260516231
3550.0 60.57926910691634
3650.0 60.92575034705139
3750.0 61.91575253841718
3870.0 62.082718487980486
4000.0 60.58190287633437
4120.0 59.65731572163041
4250.0 59.9892421495187
4370.0 60.23944574162651
4500.0 59.64721110305524
4620.0 59.546225006454804
4750.0 60.83040309932946
4870.0 59.284070794804094
5000.0 58.815469761894235
5150.0 57.93065070104073
5300.0 56.64707594773371
5450.0 55.03088630420443
5600.0 54.844649223958115
5800.0 56.02743916911119
6000.0 56.961958608689386
6150.0 55.83555033874022
6300.0 56.104868846556926
6500.0 54.974938733521626
6700.0 53.19674549844932
6900.0 54.80215721096887
7100.0 54.488415526608904
7300.0 52.61792483474461
7500.0 52.106202225518885
7750.0 50.21192637241113
8000.0 48.771388000980735
8250.0 50.392466328256845
8500.0 52.29963664142274
8750.0 51.93552547378643
9000.0 52.21372024988737
9250.0 51.24696135603149
9500.0 50.74257334557707
9750.0 51.43312284211159
10000.0 51.04623025579342
10300.0 49.36197525956386
10600.0 49.44776229377631
10900.0 51.91304298808082
11200.0 53.36704278173026
11500.0 48.40549740110997
11800.0 51.6216711799709
12200.0 54.47722253938282
12500.0 51.246023326243275
12800.0 52.82604876496025
13200.0 50.47496141342056
13600.0 48.30100996415821
14000.0 48.9862007741241
14500.0 46.01766289207346
15000.0 44.88945809591773
15500.0 44.75932130520714
16000.0 45.663811204907816
16500.0 40.47642992833711
17000.0 39.37845868639242
17500.0 41.7265721239561
18000.0 38.96595255861244
18500.0 39.182133595155804
19000.0 44.646242790179386
19500.0 37.764239830433624
