Freq "Early Reflections DI"
20.5078 47.325980645719795
21.9727 51.65263743280801
23.4375 52.2128293964457
24.9023 52.14792236741363
26.3672 51.94036386292524
27.832 52.11167739167834
29.2969 51.96249550939487
30.7617 51.75113687231956
32.2266 51.82435400432405
33.6914 51.54595289790575
35.1562 51.67547196285946
36.6211 51.65635942893397
38.0859 51.666267707531546
39.5508 51.512726908030686
41.0156 51.49688605789862
42.4805 51.38729218107983
43.9453 51.40135322350869
45.4102 51.487236669692535
46.875 51.55468720522252
48.3398 51.62567700908299
51.2695 51.19818037505598
52.7344 51.345854409523156
54.1992 51.377272753154344
55.6641 51.363760385938605
58.5938 51.53757870491464
60.0586 51.55867754584766
62.9883 51.6556474962203
64.4531 51.6980463955465
67.3828 51.816248037652315
68.8477 51.86475443942774
71.7773 51.80460752479401
74.707 51.67106571853901
77.6367 51.617353926535074
79.1016 51.63586474529146
82.0312 51.65809934447864
84.9609 51.70319699514128
87.8906 51.782588639294815
90.8203 51.86490977443923
95.2148 52.03640489526184
98.1445 51.96311850510416
101.074 51.811407502842044
105.469 51.34279985950265
108.398 51.48549209857346
112.793 51.96376760965792
117.188 51.86703335632015
120.117 51.797355931259744
124.512 51.463117353018745
128.906 51.84158512074637
133.301 52.00139704866625
139.16 52.04787094855534
143.555 51.682656591510266
147.949 51.33324965605604
153.809 51.4634843491565
159.668 51.649042276869935
165.527 51.7713578830745
171.387 51.91402643507122
177.246 51.9899369451546
183.105 52.15954228544477
188.965 52.43521515646009
196.289 52.379081812111465
203.613 51.7439968810544
210.938 51.87903349585187
218.262 51.89777985070171
225.586 52.11481715966413
232.91 52.273421163788
241.699 52.27548054959934
250.488 52.28670403599246
259.277 52.33703668892721
268.066 52.30077214000329
276.855 52.39771088952715
287.109 52.54127803516165
297.363 52.614237037387625
307.617 52.64842638142521
319.336 52.65482043599829
329.59 52.708262897214695
341.309 52.645044521789046
353.027 52.68817344048807
366.211 52.68333088095339
379.395 52.83025132504869
392.578 52.81117780663122
405.762 52.752864653359694
420.41 52.9368885536539
435.059 52.993722040019975
451.172 53.03039032603856
465.82 52.90446291302209
483.398 52.994778862996895
499.512 53.09460011043856
517.09 52.94831680361898
536.133 52.853880324270406
555.176 53.174637263371835
574.219 53.3806065224895
594.727 52.97752828181929
615.234 53.03759510304006
637.207 53.25832369462644
659.18 53.08066830717733
682.617 52.618052983372294
707.52 52.792114133267916
732.422 52.42555723133174
757.324 52.39491510100095
785.156 52.05316920798474
811.523 51.62529543638598
840.82 50.94306819991034
870.117 50.164066357151526
900.879 49.60142831804913
933.105 49.343165315108266
965.332 48.941208915120455
1000.49 49.515244824517524
1035.64 48.903048208288666
1072.27 49.77756459140514
1108.89 50.53856873942449
1148.44 50.85042565824365
1189.45 51.07556691784882
1230.47 51.65611897885782
1274.41 51.89135468599743
1319.82 51.98273840815371
1366.7 52.01346264425132
1413.57 52.39869962859348
1463.38 52.082544036012294
1516.11 52.03135685147893
1568.85 52.13704141108458
1624.51 52.49344602646451
1681.64 52.375807372772854
1741.7 52.72083696775762
1803.22 52.64783699900545
1866.21 52.534552932744845
1932.13 52.15976671996047
1999.51 52.12733074227029
2069.82 52.45680435836215
2143.07 52.331021898291084
2219.24 52.205129822179046
2296.88 51.802998482651645
2378.91 51.922403929815076
2462.4 52.77361779887198
2548.83 52.98072805739113
2639.65 52.692259259011706
2731.93 52.212092911342395
2828.61 52.65405937618229
2928.22 52.63214977315725
3030.76 52.696469504996784
3137.7 52.56824990228655
3249.02 52.23148127903612
3363.28 52.29870425580515
3481.93 52.39183926191889
3604.98 52.34309879067952
3732.42 52.64115301039563
3864.26 53.01987681671855
4000.49 52.346803196593626
4141.11 52.69020093002361
4287.6 52.925877593607495
4438.48 52.47062885984724
4595.21 52.56624799547177
4756.35 52.64188734552722
4924.8 52.614545962628384
5097.66 52.42332136289713
5277.83 53.040415206410344
5463.87 52.647645198352194
5657.23 52.60543148274873
5856.45 52.958260668099015
6062.99 53.271819901982724
6276.86 53.17394562890247
6498.05 53.16321725238376
6726.56 53.2629074846366
6963.87 52.9974871907511
7209.96 52.67645582714319
7464.84 53.04075165210216
7727.05 53.03757078879919
7999.51 53.473243220739434
8282.23 53.569167886389394
8573.73 53.619856096527386
8876.95 53.35347718359752
9188.96 53.6067076901609
9514.16 53.423738732335536
9849.61 53.67070872386127
10196.8 53.8419480202143
10555.7 54.11156036450245
10927.7 54.360015957513696
11313.0 54.467785606521815
11712.9 54.59255822747697
12126.0 54.6738921408878
12553.7 54.87838728715384
12996.1 54.99150717453885
13454.6 55.21984183559435
13929.2 55.52871892506397
14419.9 55.61837342986172
14928.2 55.67819154128533
15455.6 55.729706416915405
16000.5 55.543545818537524
16564.5 55.5461474807982
17148.9 55.81422880237564
17752.4 56.043116897631975
18379.4 56.04089148254192
19026.9 55.85358897150415
19697.8 55.69762175185946
19999.5 55.53805754430289
