Freq "Early Reflections"
20.5078 50.064131432194245
21.2402 51.042453622190806
21.9727 50.06289735988935
22.7051 50.12934535362507
23.4375 49.349869391257215
24.1699 50.96584019452959
25.6348 52.28621685062794
26.3672 53.82678573349497
27.0996 54.39717973679231
27.832 54.92293341142229
29.2969 56.359777945000985
30.0293 57.352642112831006
31.4941 60.09410917429088
32.2266 60.923545579441154
33.6914 63.248690016342735
34.4238 64.18331063948304
35.8887 66.31623681479627
37.3535 68.27390312971343
38.8184 70.14465884947126
39.5508 71.0679179268809
41.0156 72.82912525427632
42.4805 74.44384617528262
43.9453 75.84492791206443
45.4102 76.96073246844325
47.6074 78.23441416059012
49.0723 78.82027150037601
50.5371 79.20615098006394
52.7344 79.55121555370641
54.1992 79.74132564263915
56.3965 79.93273257442891
58.5938 80.05802131386484
60.0586 80.25042922858162
62.2559 80.45306730130898
64.4531 80.68081442186772
66.6504 80.89763761833768
69.5801 81.05122268779354
71.7773 81.30311903321062
73.9746 81.53291751987112
76.9043 81.81775086714589
79.834 82.08904023739953
82.7637 82.35180187792773
85.6934 82.65249297134221
88.623 82.94147943228192
91.5527 83.12490472973437
94.4824 83.29631125174548
98.1445 83.49488725298703
101.807 83.64428919485859
105.469 83.76502903802104
109.131 83.85939644502295
112.793 83.88186321798764
116.455 83.8944731032278
120.85 83.94824549441992
125.244 83.99306870936607
129.639 83.98496301279816
134.033 83.96279660428712
138.428 83.8537322780898
143.555 83.77980034281924
148.682 83.91642365531257
153.809 83.83836305808023
159.668 83.56936047494571
164.795 83.50688844649639
170.654 83.65317191534456
176.514 83.66863221306477
183.105 83.48849518745789
189.697 83.27198384414974
196.289 83.10753569526436
202.881 82.94584893579636
210.205 82.97340004993869
217.529 82.95270881266325
225.586 82.73258306397712
232.91 82.59592994331253
241.699 82.39774602306488
249.756 83.07612261167475
258.545 83.19105569096207
268.066 82.89949665950711
277.588 82.93796689831434
287.109 82.862386300868
297.363 82.95325033038787
307.617 82.8318968818491
318.604 82.82499284447798
329.59 83.0540068762238
341.309 82.61047082006297
353.76 82.45139811085873
366.211 82.71983319294417
378.662 83.03399749596683
392.578 83.46188277057769
405.762 83.16878908825552
420.41 83.14737084756607
435.059 82.71818042046944
450.439 82.30749411707718
466.553 82.8467402643509
482.666 83.17575170984468
500.244 82.95740948157854
517.822 82.27618862732973
536.133 82.61376831628587
554.443 83.1032810792343
574.219 83.03588514640921
594.727 82.87691123943777
615.234 82.64880128837683
637.207 82.5719165910375
659.912 82.80421777037262
683.35 82.32238987544886
706.787 81.6933289499111
731.689 82.06916839880691
758.057 81.96221773296153
784.424 81.5045235940052
812.256 80.92010312009506
840.82 81.44210545990691
870.85 81.6632334031085
901.611 81.69053746795478
933.105 81.94027916757477
966.064 81.67000383570183
999.756 81.33307347460742
1034.91 81.38387487500097
1071.53 81.30611411570717
1109.62 80.70304287243133
1148.44 81.64862032062705
1189.45 81.45613234717968
1231.2 81.86487579393598
1274.41 81.79903318099414
1319.82 81.96327017099895
1365.97 81.86134192982061
1414.31 81.49895292769557
1464.11 80.77632844032455
1515.38 80.85128395633308
1568.85 80.59765700489062
1624.51 80.56485465966173
1681.64 80.75653631922819
1740.97 80.22549115565684
1802.49 79.78824356113827
1866.21 80.0910419754204
1932.13 79.99171176296632
2000.24 79.44508338245629
2070.56 78.6938797166715
2143.8 78.59152031560843
2219.24 78.70253827164365
2297.61 78.54092722078225
2378.17 78.36765705725881
2462.4 78.56175975127027
2548.83 78.49122565783051
2638.92 78.09169132362675
2731.93 78.13809227864904
2828.61 78.54018318727884
2928.22 78.6739733589888
3031.49 78.3876209224609
3138.43 78.68986252098753
3249.02 78.95405524183391
3363.28 78.93692865461438
3481.93 78.79964508470414
3604.98 78.92438967883203
3732.42 79.14202662738694
3863.53 79.10975574124936
3999.76 79.37354581691855
4141.11 79.45689951006881
4286.87 79.6438335597195
4438.48 79.55896809579725
4594.48 79.87448225424056
4757.08 79.3751827500375
4924.8 79.39393646799769
5098.39 79.11846672121531
5277.83 79.30448427571568
5463.87 79.25002618671269
5656.49 79.50485973154844
5856.45 79.48942797035156
6062.99 79.4089214963277
6276.86 79.38332788703804
6498.05 79.60907466439298
6727.29 79.50315352638373
6964.6 79.78044488282332
7209.96 79.48806147490653
7464.11 79.48640704080734
7727.78 79.34481077862009
8000.24 78.80118065490458
8282.23 78.8630534245276
8574.46 78.9754625408572
8876.22 79.07341565286809
9189.7 79.2073678068677
9513.43 79.24292740759648
9848.88 79.10583913500778
10196.8 79.11338014284577
10556.4 78.87560505175418
10928.5 78.78689002605984
11313.7 78.6771817990019
11712.9 78.5869684259202
12126.0 78.58712444335059
12553.7 78.59457654753794
12996.1 78.54963920551047
13454.6 78.45716088633998
13928.5 78.06426632520635
14419.9 78.15611788652636
14928.2 78.38063014184445
15454.8 78.39275398374232
15999.8 78.35630550159041
16564.5 78.1820268587165
17148.2 78.22150854545119
17753.2 78.25230003595718
18379.4 78.12035388288712
19027.6 77.92194490741261
19698.5 77.66170945530075
19999.5 77.43917914126537
