Freq "Sound Power"
20.5078 53.19342359420472
21.9727 54.99006214202302
23.4375 56.64961869320649
24.9023 58.506991948536694
26.3672 59.99365806194061
27.832 61.54376926816897
29.2969 63.00414510858576
30.7617 64.50265381373626
32.2266 65.96631169227925
33.6914 67.3331117637702
35.1563 68.61035129585613
36.6211 69.84531920851198
38.0859 70.99188268632756
39.5508 72.16030076399872
41.0156 73.13120951150621
42.4805 74.14372220831673
43.9453 75.24162857904832
45.4102 76.33388015744771
46.875 77.1098815421393
48.3398 77.902460273489
51.2695 79.43430467510163
52.7344 80.09456003696265
54.1992 80.76280484035834
55.6641 81.25941925821567
58.5938 82.26695979655014
60.0586 82.64169499371457
62.9883 83.42359851712801
64.4531 83.75585858506851
67.3828 84.22545804442463
68.8477 84.3474306374815
71.7773 84.81007364361899
74.707 85.27429207726856
77.6367 85.36757924017529
79.1016 85.31996319361545
82.0313 85.57950127453162
84.9609 85.76507896131633
87.8906 85.65724131971173
90.8203 85.76412190458169
95.2148 85.75063940180975
98.1445 85.68184627048649
101.074 85.60520261439684
105.469 85.57922387752657
108.398 85.55919874124676
112.793 85.47362314996272
117.188 85.42453825107114
120.117 85.32974722882508
124.512 85.2748632710786
128.906 85.08624949538287
133.301 84.93315517063961
139.16 84.69916193063207
143.555 84.50307835777842
147.949 84.27750164084321
153.809 84.06236227634665
159.668 83.9461522948575
165.527 83.86967977776884
171.387 83.66349460273476
177.246 83.4450997738456
183.105 83.08290975503095
188.965 82.8300625408248
196.289 82.6844228262525
203.613 82.4050911292644
210.938 82.15791471864594
218.262 81.96784090901274
225.586 81.7911651651363
232.91 81.57856065695043
241.699 81.39702134588453
250.488 81.12416514601271
259.277 81.20005328052592
268.066 80.95323088754145
276.855 80.5053609213075
287.109 80.58414328119808
297.363 80.28854880216633
307.617 80.35223055924146
319.336 79.99268611448805
329.59 79.79665257861116
341.309 79.78970079873699
353.027 79.18233448799091
366.211 79.0902989785339
379.395 79.30416204433263
392.578 78.96821034176385
405.762 79.0456511342037
420.41 80.10653124611231
435.059 79.80266062522747
451.172 79.42234242474782
465.82 79.30387392371456
483.398 79.05209204263512
499.512 78.8202795817228
517.09 78.95700227422412
536.133 78.42791210213505
555.176 78.37079868666697
574.219 78.57228807876032
594.727 78.69806352524769
615.234 78.7743379471123
637.207 79.08739148686928
659.18 79.62879647361689
682.617 80.56638862525362
707.52 80.81393724855907
732.422 81.07158333867226
757.324 81.3632409718477
785.156 81.97121578947495
811.523 82.24493574841506
840.82 81.83657622874478
870.117 80.86195935927135
900.879 80.4701477787659
933.105 80.19434003778059
965.332 79.8389212162809
1000.49 79.77232719001242
1035.64 79.68799837053845
1072.27 79.69601998810568
1108.89 79.42464481413639
1148.44 78.99271582210329
1189.45 78.62466673308604
1230.47 78.39265668339567
1274.41 78.38669580082265
1319.82 78.17233469829516
1366.7 77.49457485266439
1413.57 76.6915080247766
1463.38 77.26270157783362
1516.11 77.36816431913724
1568.85 77.42604572617104
1624.51 76.62503681133273
1681.64 76.20245965445042
1741.7 76.4859652609295
1803.22 76.82147223971354
1866.21 76.90085821216947
1932.13 77.29139360899057
1999.51 77.73638806311509
2069.82 77.6174810616096
2143.07 77.51354580245635
2219.24 77.87841845245578
2296.88 77.74870521985255
2378.91 77.79101136716734
2462.4 78.44760010981923
2548.83 78.07698346956654
2639.65 78.4603522007549
2731.93 79.01881795847157
2828.61 79.09139854226395
2928.22 79.35669386655474
3030.76 78.0067636629436
3137.7 77.15055564602027
3249.02 77.64441214465008
3363.28 78.06946533069124
3481.93 78.32895352504556
3604.98 78.36673705807146
3732.42 78.08847405865195
3864.26 78.34568771607564
4000.49 77.94421207636013
4141.11 78.27852584686006
4287.6 77.98692942643208
4438.48 77.95875419965242
4595.21 77.81375439611615
4756.35 77.58821371422
4924.8 77.23981057393254
5097.66 77.03143471018868
5277.83 77.00347174523871
5463.87 77.040461606568
5657.23 77.02341795332484
5856.45 76.82641269054875
6062.99 76.5599011046333
6276.86 76.36435024440377
6498.05 76.40876038445498
6726.56 76.38706893899375
6963.87 76.17011680332205
7209.96 76.11521799968465
7464.84 75.95751944159056
7727.05 75.56598511743266
7999.51 75.55913401134403
8282.23 75.32639293231802
8573.73 75.13061975286317
8876.95 74.9937578446627
9188.96 74.88426539049415
9514.16 74.87988384240927
9849.61 74.77942067624737
10196.8 74.56469511087008
10555.7 74.49674810371162
10927.7 74.3033170180003
11313.0 74.37607986830702
11712.9 74.60851156923647
12126.0 74.72467256476243
12553.7 74.87303899487976
12996.1 74.88551010413258
13454.6 74.95413630321028
13929.2 74.86093484759454
14419.9 74.93634074773033
14928.2 75.23206685208501
15455.6 75.51399865016627
16000.5 75.85558959995707
16564.5 76.24530065081649
17148.9 76.59273200691372
17752.4 76.50765889669759
18379.4 74.408536620671
19026.9 70.10295203315565
19697.8 65.19136205679825
19999.5 63.20545627197933
