Freq "Early Reflections DI"
20.5078 30.712732787977473
21.9727 30.262116616595733
23.4375 30.540276524015724
24.9023 30.468370687717965
26.3672 30.191400899445597
27.832 29.920211610584033
29.2969 30.180472611234933
30.7617 31.36500067503721
32.2266 31.449928147059353
33.6914 30.82470215291366
35.1562 30.824843822942086
36.6211 29.85350127036949
38.0859 28.197957807098504
39.5508 29.13404278143824
41.0156 29.036928103963845
42.4805 29.03017272763931
43.9453 29.161050397807543
45.4102 29.107764603426943
46.875 29.14440444276869
48.3398 29.20172922996798
51.2695 29.379941414262802
52.7344 29.429745033823778
54.1992 29.46669026076148
55.6641 29.521552157938743
58.5938 29.598666776308832
60.0586 29.621006992296202
62.9883 29.664602135058246
64.4531 29.672337464266008
67.3828 29.71769580152356
68.8477 29.741268165584913
71.7773 29.777263173850685
74.707 29.79617652342688
77.6367 29.82727325284594
79.1016 29.848525681798918
82.0312 29.873844883829236
84.9609 29.87342540881535
87.8906 29.88715519475727
90.8203 29.92372259945006
95.2148 29.92467846728023
98.1445 29.930284236871017
101.074 29.943127978751534
105.469 29.97798835185054
108.398 29.983882793100634
112.793 30.010144656030832
117.188 30.009104447164432
120.117 30.02686731037879
124.512 30.030860452796347
128.906 30.045702844423005
133.301 30.071533560365992
139.16 30.06428290943485
143.555 30.06706434988071
147.949 30.104647171140655
153.809 30.110894685921892
159.668 30.072718198194366
165.527 30.12501059611924
171.387 30.193740996460534
177.246 30.118922763504983
183.105 30.19465832479763
188.965 30.187219294000556
196.289 30.174626437131153
203.613 30.220090146456982
210.938 30.244425237266597
218.262 30.145675412663422
225.586 30.164034405247506
232.91 30.170079810021406
241.699 30.225397735137733
250.488 30.12921138834676
259.277 30.215708508477576
268.066 30.009557714727706
276.855 30.134665471213225
287.109 30.35387117977271
297.363 30.242604670023567
307.617 30.62212945783004
319.336 30.547875880450917
329.59 30.474879594729856
341.309 30.6741032290425
353.027 30.527376985343466
366.211 30.732775789271656
379.395 30.790709081373578
392.578 31.010452278965104
405.762 30.841879940485768
420.41 31.018474149514304
435.059 31.175023819264908
451.172 31.22322585435667
465.82 31.594709765256994
483.398 31.625651455557943
499.512 31.476296283815458
517.09 31.11269763366147
536.133 30.39275424193535
555.176 30.286416121908758
574.219 31.22044063312147
594.727 30.795767360617816
615.234 30.95217183524356
637.207 30.71719288935232
659.18 31.512844881564362
682.617 31.383722560330042
707.52 31.49181039170304
732.422 31.44520628231362
757.324 31.571364651077474
785.156 31.91718855453739
811.523 31.65800389755583
840.82 31.704321962480222
870.117 31.57198993003044
900.879 31.58498469936309
933.105 31.95440817931494
965.332 31.58648571273271
1000.49 31.61884529978242
1035.64 31.958715997389547
1072.27 31.401050546704113
1108.89 31.776408227025456
1148.44 32.18347481666662
1189.45 31.902265129265473
1230.47 32.105407222653014
1274.41 31.99918900200379
1319.82 31.905956576075553
1366.7 31.2938893192848
1413.57 31.65037361874181
1463.38 31.741750781882843
1516.11 31.899203296794127
1568.85 31.82308225520913
1624.51 31.22058205361907
1681.64 31.221273172714703
1741.7 31.24471346383757
1803.22 30.44845184566168
1866.21 30.931742650001212
1932.13 30.155364058635143
1999.51 29.76205086664139
2069.82 29.751872238272156
2143.07 29.987857551337555
2219.24 30.377984882059778
2296.88 29.9367969148808
2378.91 29.994817540118646
2462.4 30.049572346728127
2548.83 29.700237278587608
2639.65 29.877837692299764
2731.93 30.18665141937484
2828.61 29.85699695348478
2928.22 29.1460876575305
3030.76 28.99137237838343
3137.7 28.81660853829223
3249.02 27.82754487323301
3363.28 28.143821910916714
3481.93 29.05636800135113
3604.98 29.86674441943383
3732.42 30.5050393128853
3864.26 31.749767938348725
4000.49 32.615734768644685
4141.11 33.472025814498735
4287.6 33.69782965678988
4438.48 33.91587511955733
4595.21 33.93674977266883
4756.35 33.85815846655909
4924.8 33.3740312847966
5097.66 32.66591848634569
5277.83 32.50524660377157
5463.87 33.12355369764997
5657.23 33.12462109438529
5856.45 33.420777946746796
6062.99 33.39660388118659
6276.86 33.63258079280553
6498.05 33.50057180404022
6726.56 32.868642295825595
6963.87 32.40570724397142
7209.96 32.32377623246511
7464.84 32.89524431437454
7727.05 33.070466677154386
7999.51 33.199015089805044
8282.23 33.60040046006887
8573.73 32.78594428176662
8876.95 31.235890169083874
9188.96 30.873215236439208
9514.16 31.53846003902828
9849.61 32.569092529254135
10196.8 32.62830353333062
10555.7 32.41882610433241
10927.7 33.130287498459
11313.0 33.57339728085378
11712.9 33.6826024683037
12126.0 34.03741038229106
12553.7 34.32525674650685
12996.1 34.36914599789924
13454.6 34.48914269558543
13929.2 34.480017303854126
14419.9 34.561735339117845
14928.2 34.67502200404229
15455.6 34.71888074792517
16000.5 34.77603837381223
16564.5 34.846997293304455
17148.9 34.92666834204482
17752.4 35.13032863232432
18379.4 35.28074170005944
19026.9 35.432241393077334
19697.8 35.65420015267728
19999.5 35.64137097647871
