Freq "Estimated In-Room Response"
22.4 45.22890054288089
23.0 47.14502408024782
23.6 49.08867025219567
24.0 51.39236680110341
25.0 53.65949099084247
25.8 55.74797022436991
26.5 57.3017692466934
27.2 58.70492427399108
28.0 60.16457839764091
29.0 61.67828846390174
30.0 63.21968038323155
30.7 64.87433832811132
31.5 66.44323877085361
32.5 67.93878265112144
33.5 69.34450920548323
34.5 70.70709173688576
35.5 72.05479930344
36.5 73.35855788158702
37.5 74.52098050027396
38.7 75.29872194703695
40.0 76.08806871802788
41.2 76.92889193326707
42.5 77.66279606646667
43.7 78.30831085071448
45.0 78.97886760077552
46.2 79.5106967867514
47.5 79.84613291968212
48.7 80.13046983799568
50.0 80.1999522092749
51.5 80.31908618293907
53.0 80.63472748646886
54.5 81.00649972568198
56.0 81.34032579768589
58.0 81.65272176642486
60.0 82.01376429799527
61.5 82.44628145753819
63.0 82.74149469116202
65.0 83.06956579035598
67.0 83.3778542413401
69.0 83.34488337227579
71.0 83.31218921335424
73.0 83.45454632455187
75.0 83.69608135797354
77.5 83.83076437323288
80.0 83.6755532069326
82.5 83.57168052938844
85.0 83.66747142373389
87.5 83.61495490397557
90.0 83.50993621285917
92.5 83.42211248846445
95.0 83.20045560824326
97.5 83.03162798666406
100.0 82.80889020057704
103.0 82.63723064577445
106.0 82.58726308227632
109.0 82.50621390959358
112.0 82.43171990777236
115.0 82.29097462912506
118.0 82.09863680358892
122.0 81.91504762885864
125.0 81.68268445289603
128.0 81.42054357866147
132.0 81.12879471095133
136.0 80.84646511397608
140.0 80.49179975066805
145.0 80.17544348033898
150.0 79.89270290393956
155.0 79.5937121791259
160.0 79.34233018417092
165.0 79.18073765566409
170.0 79.06531243899435
175.0 79.00835258206276
180.0 78.99894330390704
185.0 79.02386996773208
190.0 79.03109730646601
195.0 79.01305048454464
200.0 78.92016012976285
206.0 78.77246751926091
212.0 78.59093466698187
218.0 78.41751264949347
224.0 78.36482926986588
230.0 78.44402991107705
236.0 78.68929443586939
240.0 79.08764752003418
250.0 79.55075324940597
258.0 79.94948118873307
265.0 80.25668944817113
272.0 80.38006744870606
280.0 80.38562512087677
290.0 80.20109152952831
300.0 79.83524816789108
307.0 79.34651251112615
315.0 78.72526481951407
325.0 77.9663991600377
335.0 77.2031366579468
345.0 76.4468489700013
355.0 75.79877089501151
365.0 75.24863371195703
375.0 74.76823514664171
387.0 74.21910590855606
400.0 73.54833416035295
412.0 72.83978829130689
425.0 72.21320814125069
437.0 72.0070926852066
450.0 72.4262769241724
462.0 73.33870960158781
475.0 74.35253615947407
487.0 75.15601766471792
500.0 75.59028095776435
515.0 75.61734498497592
530.0 75.2360114152715
545.0 74.69303055477675
560.0 74.4814026353747
580.0 74.9692124685303
600.0 75.8665558665481
615.0 76.62970170629092
630.0 77.03628849199602
650.0 77.1660070862569
670.0 77.15843770755944
690.0 77.15073626215064
710.0 77.16689003644376
730.0 77.23157874231043
750.0 77.20332805452321
775.0 77.03825247481933
800.0 76.7422145263878
825.0 76.37988020693537
850.0 75.95668453582317
875.0 75.26184068975962
900.0 74.3943532446535
925.0 73.71154305290113
950.0 73.31699081836305
975.0 72.86856446998453
1000.0 72.21495707537463
1030.0 71.82190492422572
1060.0 72.30854857571731
1090.0 73.18244547888467
1120.0 73.96422211118292
1150.0 74.56023647125818
1180.0 74.86106315904057
1220.0 74.85776241598282
1250.0 74.3978319877765
1280.0 73.57838948099698
1320.0 73.0365604186486
1360.0 73.15156112036547
1400.0 73.78227467974303
1450.0 74.04473280481658
1500.0 73.62770552181411
1550.0 73.04180286855706
1600.0 72.55908385973919
1650.0 72.81072175676627
1700.0 73.60294262142668
1750.0 73.64445749574898
1800.0 73.10116145484565
1850.0 73.1955584405173
1900.0 74.22292334789586
1950.0 74.96891283952688
2000.0 75.03600140025918
2060.0 74.77338982633765
2120.0 73.78898286186212
2180.0 73.83547891429947
2240.0 73.46472595620259
2300.0 73.06980276162611
2360.0 72.88600680481754
2400.0 73.24324614425377
2500.0 73.49605780640279
2580.0 73.63061507652294
2650.0 73.8918776846979
2720.0 73.44600871029431
2800.0 73.20325886199497
2900.0 73.72282900629789
3000.0 73.82331313656479
3070.0 74.11759703221594
3150.0 74.61668086009513
3250.0 75.177845081025
3350.0 75.16316737648867
3450.0 75.02855769341478
3550.0 75.2068159512768
3650.0 75.50982845512681
3750.0 75.50016935174553
3870.0 74.82329788618267
4000.0 74.58752340130155
4120.0 74.91635503493
4250.0 75.12251718183569
4370.0 75.2808567844038
4500.0 74.97027893120816
4620.0 75.37061695849799
4750.0 75.52210291317108
4870.0 75.67952009853957
5000.0 76.09358290280728
5150.0 76.96730557947991
5300.0 77.74065956860957
5450.0 77.31020749163899
5600.0 76.3430810366501
5800.0 75.91707788588027
6000.0 76.7093790131847
6150.0 76.47830416108773
6300.0 75.42770648306634
6500.0 74.91361489570853
6700.0 74.91765403611544
6900.0 74.85059271411235
7100.0 75.18993828560019
7300.0 76.30006616172817
7500.0 76.31985315319992
7750.0 75.6492761507315
8000.0 75.64447834399806
8250.0 76.3657054928846
8500.0 76.75883684839556
8750.0 76.25538259943895
9000.0 76.15125458802821
9250.0 76.95302234240799
9500.0 76.83730522197972
9750.0 77.6773250896957
10000.0 77.4491577940301
10300.0 77.25985851468944
10600.0 77.5195105574014
10900.0 76.84972187275575
11200.0 76.22106355764345
11500.0 74.87158381242224
11800.0 76.1577889940244
12200.0 77.36285797350438
12500.0 77.47677226987297
12800.0 74.97131359832272
13200.0 77.20377474083084
13600.0 74.82147638830033
14000.0 73.32112666283436
14500.0 75.68471194194811
15000.0 74.57094682181459
15500.0 74.18873818343452
16000.0 73.70079739658598
16500.0 70.47626685017913
17000.0 74.97795741547583
17500.0 75.08547038242203
18000.0 73.14790668970544
18500.0 77.73952214838079
19000.0 73.37057749836109
19500.0 75.49077117792221
