Freq "On Axis"
20.5078 59.68442575757578
21.9727 62.08072575757578
23.4375 64.33622575757576
24.9023 66.21532575757576
26.3672 68.00622575757578
27.832 69.79652575757578
29.2969 71.20962575757576
30.7617 72.39072575757577
32.2266 73.58242575757576
33.6914 74.65172575757578
35.1562 75.57822575757575
36.6211 76.41692575757577
38.0859 77.19532575757577
39.5508 78.02462575757576
41.0156 78.67152575757576
42.4805 79.29232575757577
43.9453 79.98252575757577
45.4102 80.64062575757576
46.875 81.17432575757577
48.3398 81.60012575757577
51.2695 82.73092575757576
52.7344 83.31092575757577
54.1992 83.80832575757577
55.6641 84.23672575757578
58.5938 85.26622575757577
60.0586 85.76242575757577
62.9883 86.66752575757576
64.4531 87.17232575757578
67.3828 87.99282575757577
68.8477 88.36622575757576
71.7773 89.09872575757576
74.707 89.80162575757576
77.6367 90.25122575757578
79.1016 90.43302575757576
82.0312 90.77842575757576
84.9609 91.09602575757577
87.8906 91.19972575757576
90.8203 91.66442575757577
95.2148 92.15572575757577
98.1445 92.06562575757577
101.074 91.93092575757576
105.469 91.76582575757578
108.398 91.62792575757578
112.793 91.13222575757577
117.188 90.55812575757577
120.117 90.85482575757577
124.512 90.99252575757576
128.906 90.84272575757576
133.301 90.73492575757575
139.16 90.08542575757576
143.555 89.53052575757577
147.949 90.11822575757577
153.809 89.95102575757576
159.668 89.28892575757577
165.527 89.18432575757578
171.387 89.95352575757576
177.246 90.39782575757576
183.105 90.45612575757576
188.965 90.86242575757576
196.289 91.87002575757576
203.613 91.31202575757575
210.938 92.54742575757577
218.262 93.18492575757577
225.586 92.66642575757577
232.91 92.77272575757578
241.699 93.65132575757576
250.488 92.24542575757577
259.277 93.29332575757577
268.066 94.44662575757577
276.855 92.38282575757577
287.109 92.70412575757577
297.363 93.66652575757576
307.617 93.76012575757576
319.336 93.62792575757577
329.59 93.03872575757576
341.309 94.03272575757575
353.027 93.59392575757576
366.211 94.11842575757576
379.395 93.42912575757576
392.578 93.70942575757577
405.762 94.47052575757577
420.41 94.15232575757577
435.059 93.86662575757575
451.172 94.34302575757576
465.82 94.75832575757576
483.398 94.98252575757577
499.512 93.65702575757577
517.09 94.76672575757577
536.133 95.03732575757577
555.176 93.71862575757577
574.219 93.99762575757578
594.727 93.82392575757578
615.234 92.77542575757576
637.207 92.15332575757577
659.18 91.87542575757577
682.617 91.49332575757575
707.52 91.67882575757577
732.422 91.50342575757577
757.324 92.54232575757575
785.156 92.60042575757576
811.523 93.85322575757576
840.82 94.24272575757576
870.117 94.70082575757577
900.879 94.87592575757577
933.105 94.51462575757577
965.332 94.59412575757577
1000.49 94.80932575757578
1035.64 94.85482575757577
1072.27 95.68942575757576
1108.89 95.76742575757578
1148.44 95.15102575757577
1189.45 94.49232575757577
1230.47 94.39612575757579
1274.41 93.77802575757576
1319.82 93.86172575757575
1366.7 94.01162575757577
1413.57 93.77792575757577
1463.38 92.75742575757577
1516.11 91.90662575757577
1568.85 91.65582575757577
1624.51 92.13772575757577
1681.64 93.39462575757577
1741.7 93.51012575757576
1803.22 93.23872575757576
1866.21 93.57472575757575
1932.13 93.54842575757577
1999.51 93.26932575757577
2069.82 92.38812575757578
2143.07 92.90562575757576
2219.24 92.56802575757577
2296.88 91.49152575757577
2378.91 91.82652575757577
2462.4 91.75392575757576
2548.83 90.91152575757577
2639.65 90.78322575757576
2731.93 90.63612575757577
2828.61 89.35732575757575
2928.22 88.80712575757576
3030.76 89.81202575757578
3137.7 89.56022575757576
3249.02 89.90452575757577
3363.28 90.35832575757577
3481.93 90.53652575757577
3604.98 91.26072575757577
3732.42 91.87162575757577
3864.26 92.40432575757576
4000.49 92.74442575757577
4141.11 92.58992575757577
4287.6 92.96072575757577
4438.48 92.56532575757576
4595.21 92.65472575757576
4756.35 92.62812575757579
4924.8 92.21012575757575
5097.66 92.47522575757577
5277.83 91.95612575757576
5463.87 91.99732575757577
5657.23 91.67482575757576
5856.45 91.71592575757576
6062.99 92.07362575757577
6276.86 92.52642575757577
6498.05 92.33402575757577
6726.56 93.03732575757579
6963.87 93.49692575757577
7209.96 93.77612575757577
7464.84 93.89512575757578
7727.05 93.72372575757576
7999.51 93.43142575757577
8282.23 93.48462575757577
8573.73 93.95192575757576
8876.95 94.48092575757576
9188.96 94.81122575757577
9514.16 94.84522575757576
9849.61 94.74902575757577
10196.8 94.08092575757578
10555.7 93.65322575757577
10927.7 92.66352575757577
11313.0 92.51292575757577
11712.9 92.61532575757576
12126.0 93.26872575757577
12553.7 94.74812575757576
12996.1 95.81032575757577
13454.6 95.63642575757575
13929.2 95.38572575757576
14419.9 95.44012575757577
14928.2 94.56102575757575
15455.6 93.51482575757576
16000.5 94.47292575757577
16564.5 95.51262575757576
17148.9 98.99322575757577
17752.4 100.62502575757577
18379.4 97.67722575757577
19026.9 94.34952575757578
19697.8 92.68002575757578
19999.5 86.89792575757576
