Freq "Listening Window"
20.5078 63.405952076779016
21.9727 65.25562253193621
23.4375 66.85186954139729
24.9023 67.75015269280647
26.3672 68.9541527899026
27.832 70.0619939729792
29.2969 71.80473399577549
30.7617 72.5493278381839
32.2266 73.39845059307376
33.6914 76.5375318604066
35.1562 79.66121189276922
36.6211 81.3985361207072
38.0859 83.09000373776703
39.5508 84.78956085606477
41.0156 85.74139171084225
42.4805 87.01187499860478
43.9453 87.70686564435094
45.4102 87.9515410634952
46.875 88.19706579690416
48.3398 88.36563084742073
51.2695 88.49803602193802
52.7344 88.45953414250528
54.1992 88.44767321969891
55.6641 88.40733943341615
58.5938 88.51962883592941
60.0586 88.61173161903295
62.9883 88.95808604029808
64.4531 89.15698696078792
67.3828 89.47521063949566
68.8477 89.54698329094221
71.7773 89.72803804132968
74.707 89.95372734477874
77.6367 90.3257347975947
79.1016 90.5490732763571
82.0312 90.86020599457554
84.9609 91.15034023811737
87.8906 91.65896148885426
90.8203 92.17442783566595
95.2148 92.52252315646054
98.1445 92.61936475936824
101.074 92.78289745605603
105.469 92.85811680491334
108.398 92.85685164428195
112.793 92.65449249341073
117.188 92.57004422622622
120.117 93.37275740759138
124.512 94.16888232098215
128.906 93.98396667136502
133.301 94.483792919151
139.16 94.30157001979238
143.555 94.11273400093113
147.949 94.15272610578545
153.809 94.84896893538846
159.668 94.20726597471011
165.527 94.061489988446
171.387 94.35750631891956
177.246 94.29925367691797
183.105 93.89990809344147
188.965 94.39754253758196
196.289 94.55691221533725
203.613 93.90001590114457
210.938 94.36763428284043
218.262 94.70294078557464
225.586 93.89256045195236
232.91 93.64102815212144
241.699 94.35761945931452
250.488 94.7632009930981
259.277 94.8143949879754
268.066 95.01952132297289
276.855 93.9705127870709
287.109 93.04125063751825
297.363 93.58031280927136
307.617 94.49360310719747
319.336 92.63498819242427
329.59 93.3876207932431
341.309 91.96759114665727
353.027 92.5064281667032
366.211 91.43539389346263
379.395 94.0232816665925
392.578 93.81178267806132
405.762 94.0471927878323
420.41 93.81423427315119
435.059 94.66370835228211
451.172 94.04318535522239
465.82 94.31672897487059
483.398 93.11629596381961
499.512 90.41081264226015
517.09 92.33478149589828
536.133 93.12429821847083
555.176 91.07050962204596
574.219 93.26753943916896
594.727 93.23552451733849
615.234 93.38991387626538
637.207 95.30274936655289
659.18 95.38210175386573
682.617 94.47740945942422
707.52 93.74545018362718
732.422 93.94885099878348
757.324 93.8853677715343
785.156 93.67730480094635
811.523 93.79205316383675
840.82 93.48006714451293
870.117 93.8072778015928
900.879 93.9137372223942
933.105 93.91524862597004
965.332 93.89884881700269
1000.49 93.91313945717323
1035.64 94.30919665862726
1072.27 94.60249601742007
1108.89 94.78635941676174
1148.44 94.35715735648897
1189.45 94.23706106723391
1230.47 93.95229213271975
1274.41 93.75441393052489
1319.82 94.17896815882773
1366.7 95.34331770770045
1413.57 95.14995082394766
1463.38 95.03332984833304
1516.11 94.83008743649349
1568.85 94.4062605619917
1624.51 93.7964284184267
1681.64 93.59917575067284
1741.7 93.15940873119624
1803.22 92.59256084799246
1866.21 92.47919786969646
1932.13 92.40869781135254
1999.51 92.19133747936927
2069.82 92.0129011557582
2143.07 91.94611420329153
2219.24 92.03103273011479
2296.88 92.09362696258664
2378.91 91.98610078045512
2462.4 92.3943121519403
2548.83 92.568194156053
2639.65 92.09531253006219
2731.93 92.52797931934089
2828.61 92.7009903278136
2928.22 93.0980157209664
3030.76 93.5516917313187
3137.7 94.0532001031574
3249.02 93.97820879802055
3363.28 94.52904391091828
3481.93 94.64596499775888
3604.98 93.99996436824317
3732.42 93.61905644186024
3864.26 92.99278942036685
4000.49 92.82321556217792
4141.11 92.95680134469401
4287.6 93.21838446079241
4438.48 93.42717799274196
4595.21 93.6705844956588
4756.35 93.35229600160685
4924.8 93.44663588627297
5097.66 93.28318429298719
5277.83 93.72734707705887
5463.87 93.98627354458932
5657.23 94.90920242795018
5856.45 95.96760374307974
6062.99 96.73892838494427
6276.86 97.05886509439497
6498.05 96.06902395209625
6726.56 95.18678199130638
6963.87 94.0272873115405
7209.96 93.27278742811475
7464.84 93.659217699334
7727.05 93.60010005092782
7999.51 92.4757383192879
8282.23 93.6344147483309
8573.73 94.24090812242035
8876.95 94.22466625990822
9188.96 94.08059487769093
9514.16 93.7528750900411
9849.61 93.74629419439324
10196.8 93.82974552458339
10555.7 93.59120782055052
10927.7 94.03442208809216
11313.0 94.14045550871788
11712.9 94.16248131305892
12126.0 94.4285257442903
12553.7 94.73301952083963
12996.1 94.98635994841614
13454.6 95.05527768618676
13929.2 95.12399774465223
14419.9 95.20834018307922
14928.2 94.82555660097665
15455.6 94.09024936377423
16000.5 93.25682181116787
16564.5 92.54976451082435
17148.9 91.22211641517436
17752.4 89.71184999925728
18379.4 88.03988501477818
19026.9 86.53872539444797
19697.8 85.56902699751431
19999.5 84.69175137840215
