Freq "Early Reflections"
20.5078 60.4083771865442
21.9727 58.8372615785495
23.4375 57.41969070900568
24.9023 58.00277898000773
26.3672 59.33914101502917
27.832 60.3053597445889
29.2969 61.95252842120014
30.7617 61.92442364073348
32.2266 63.23569745374367
33.6914 64.46073199584364
35.1562 65.40125263114729
36.6211 66.81053932050202
38.0859 67.10050520329014
39.5508 67.31608912686664
41.0156 69.04939240521126
42.4805 69.47806057902935
43.9453 70.99171946308915
45.4102 72.38051684517923
46.875 72.86271372416515
48.3398 73.36854165295702
51.2695 75.05572747298872
52.7344 75.75206248945587
54.1992 76.70821406862709
55.6641 77.42142612116866
58.5938 78.39732219580223
60.0586 79.28382737316889
62.9883 80.28398864414893
64.4531 80.68438734843009
67.3828 81.730487894745
68.8477 82.47377587358994
71.7773 83.74913649233646
74.707 84.38176081549976
77.6367 85.41080767529022
79.1016 86.127173369504
82.0312 86.84945629798295
84.9609 87.1238170945037
87.8906 88.01377342309605
90.8203 88.6259112623266
95.2148 89.18303035854544
98.1445 89.35807587763345
101.074 89.55686540586208
105.469 89.66145452796663
108.398 89.7368141122589
112.793 90.2105410274955
117.188 90.10373752429537
120.117 90.14842345758153
124.512 90.20270159778131
128.906 90.28841629047461
133.301 90.1576524651986
139.16 89.74121726117008
143.555 89.74005271610001
147.949 89.86842683406913
153.809 89.49220326063926
159.668 89.51867190606119
165.527 89.53538989870232
171.387 89.26177964282492
177.246 88.99894949240371
183.105 88.95903739715827
188.965 88.60286466515622
196.289 88.80090343584318
203.613 88.43922714823987
210.938 88.2450371989388
218.262 88.1294764241326
225.586 87.88725187660478
232.91 87.61211562006639
241.699 87.31027936472894
250.488 87.09076519272935
259.277 87.12237948575466
268.066 86.6551793847928
276.855 86.45327183839302
287.109 86.31342504501515
297.363 85.98531320122649
307.617 85.80251464637024
319.336 85.00584929820918
329.59 84.33152789172017
341.309 84.58682788545428
353.027 85.04317916199481
366.211 85.3554362706836
379.395 85.46644109582599
392.578 85.07430426492371
405.762 84.54295489355144
420.41 84.80663200067333
435.059 84.61589238553977
451.172 84.23973778871252
465.82 84.23777416338655
483.398 83.92969361102443
499.512 83.65936263045889
517.09 83.41477224304903
536.133 82.54766483183377
555.176 82.72868275991358
574.219 82.84705310784047
594.727 82.65690884464573
615.234 82.43396930254379
637.207 82.47332443359089
659.18 82.01609902245461
682.617 82.08344646757763
707.52 82.33405954627362
732.422 82.23732770315901
757.324 82.63202869282432
785.156 82.35513140443054
811.523 82.02259551473989
840.82 82.07902372322688
870.117 81.67688700339626
900.879 81.9643041579041
933.105 81.96837457178374
965.332 82.38787083494994
1000.49 82.31024560783611
1035.64 82.59013615806852
1072.27 82.58342017478932
1108.89 82.35972905638069
1148.44 82.79456912976089
1189.45 82.48173960707841
1230.47 82.90248702914734
1274.41 82.72510021508585
1319.82 82.48285015952503
1366.7 82.1391916071835
1413.57 82.40325041859609
1463.38 82.74722640642904
1516.11 82.87244309016125
1568.85 82.71364820789604
1624.51 82.5780344807619
1681.64 82.37575593707332
1741.7 82.62932763532754
1803.22 83.3213407454865
1866.21 83.33300106486517
1932.13 82.76589097038048
1999.51 83.10848570637056
2069.82 83.54127147079306
2143.07 83.48168351149536
2219.24 83.25026204887843
2296.88 83.73522201955105
2378.91 84.02309565836156
2462.4 83.75913540062594
2548.83 82.48369205700132
2639.65 81.89088695672514
2731.93 81.62297036766121
2828.61 81.22102596233348
2928.22 80.20218867347933
3030.76 80.3042849229376
3137.7 80.55202659684444
3249.02 80.39253373658562
3363.28 80.65697795291142
3481.93 80.91566062737967
3604.98 80.85364818253518
3732.42 80.75224327561575
3864.26 81.054145755884
4000.49 80.7394602286095
4141.11 81.14901407370094
4287.6 81.44703874677275
4438.48 81.97732013495082
4595.21 82.82754394955174
4756.35 83.36136526787624
4924.8 84.16748037942523
5097.66 84.11204378449565
5277.83 85.31509824989607
5463.87 84.75620668693146
5657.23 84.98359771737695
5856.45 85.40990682826656
6062.99 85.87534198448019
6276.86 85.94944530318901
6498.05 86.08853001879973
6726.56 86.6010537420262
6963.87 86.6668562720307
7209.96 86.77814299998273
7464.84 87.01680455876308
7727.05 87.18325869207654
7999.51 87.22225672879462
8282.23 86.96979468381876
8573.73 86.38052485134374
8876.95 86.09373586719465
9188.96 86.43757517500838
9514.16 86.37627698808035
9849.61 86.13275521336554
10196.8 85.43097105621473
10555.7 84.42163133260694
10927.7 84.0147999864437
11313.0 83.64742465324449
11712.9 83.16747247993672
12126.0 82.34511089141618
12553.7 81.9314330204919
12996.1 81.50096425334945
13454.6 80.95530285193176
13929.2 80.97083920364751
14419.9 81.36900514555381
14928.2 81.17868115413329
15455.6 81.23090434738448
16000.5 81.34428293531965
16564.5 81.5011966273837
17148.9 80.96752929374478
17752.4 80.29512278481666
18379.4 79.3935664096573
19026.9 78.13120388426908
19697.8 76.72438417434324
19999.5 76.0662944605347
