Freq "Early Reflections DI"
20.5078 39.99605285795812
21.2402 40.0542815322313
21.9727 40.056089722627576
22.7051 40.094341874470814
23.4375 40.090832931757774
24.1699 40.100901323560066
25.6348 40.10610923096962
26.3672 40.10766711846151
27.0996 40.10868213614344
27.832 40.10703286896367
29.2969 40.117108266015705
30.0293 40.10116520958127
31.4941 40.11358087880164
32.2266 40.12615732307316
33.6914 40.128152278864604
34.4238 40.12877264746555
35.8887 40.1283783144638
37.3535 40.13286875576674
38.8184 40.149767478453555
39.5508 40.1433723858044
41.0156 40.14719164622272
42.4805 40.169029034021264
43.9453 40.188611863919675
45.4102 40.184816608215044
47.6074 40.1567689982202
49.0723 40.142623870177445
50.5371 40.136423111315935
52.7344 40.14183852929223
54.1992 40.14773802141684
56.3965 40.14698916204627
58.5938 40.14021436501537
60.0586 40.13213454458908
62.2559 40.135727477571706
64.4531 40.136109897641774
66.6504 40.137745479308464
69.5801 40.13686540060101
71.7773 40.13725309686154
73.9746 40.14171979445891
76.9043 40.14427987749335
79.834 40.15216844969207
82.7637 40.15190557197411
85.6934 40.143506400071914
88.623 40.14089175609608
91.5527 40.15448677415442
94.4824 40.17797120666418
98.1445 40.15109814534908
101.807 40.15075054879914
105.469 40.16182030176711
109.131 40.173910446844985
112.793 40.17232630564028
116.455 40.177410889853064
120.85 40.18152270706261
125.244 40.186882259601205
129.639 40.19807860169192
134.033 40.20660506839809
138.428 40.216477679049305
143.555 40.22251291779341
148.682 40.23139442218819
153.809 40.24591667291966
159.668 40.255387922009106
164.795 40.26766535515435
170.654 40.26724303825213
176.514 40.28884856734571
183.105 40.31532531661918
189.697 40.32520170473484
196.289 40.328697723692414
202.881 40.35182721510213
210.205 40.37117729873201
217.529 40.35584009997504
225.586 40.409806662563895
232.91 40.45196506755339
241.699 40.43518421069861
249.756 40.51740578110342
258.545 40.48588426245347
268.066 40.51396662337282
277.588 40.471323504426394
287.109 40.40992183743106
297.363 40.56029657666451
307.617 40.6091347645508
318.604 40.546624656929026
329.59 40.072322419620036
341.309 36.894137650946135
353.76 40.85987647717586
366.211 41.55777786412938
378.662 41.529010663266845
392.578 41.501978862438065
405.762 41.528819226188176
420.41 41.63592125970523
435.059 41.70248716028961
450.439 41.691633534715905
466.553 41.13172890363629
482.666 41.05247120743263
500.244 41.189882526957234
517.822 41.15556119923383
536.133 41.47831429037578
554.443 41.49724377896689
574.219 41.54624488542005
594.727 41.52960558321112
615.234 41.559846480299
637.207 41.51544160838739
659.912 41.52773860531815
683.35 41.56973119085758
706.787 41.44052322508806
731.689 41.59603716991144
758.057 41.571498214663364
784.424 41.542308093429085
812.256 41.82369949863849
840.82 42.0557682916117
870.85 42.35315431355323
901.611 42.47934593171175
933.105 42.877271040099956
966.064 42.80459652640711
999.756 42.81602681510897
1034.91 42.727016737620204
1071.53 42.52018093089393
1109.62 42.44254966158509
1148.44 42.5865258441695
1189.45 43.02635198652902
1231.2 42.98957570614307
1274.41 42.97905088818324
1319.82 42.718175448797425
1365.97 42.34528190827612
1414.31 42.028218094950574
1464.11 41.92387333574058
1515.38 42.09973759326347
1568.85 42.04219250478073
1624.51 42.021449787184636
1681.64 41.84194586421569
1740.97 41.878766279685195
1802.49 42.08957047073267
1866.21 41.95636886386528
1932.13 41.344221667554365
2000.24 41.314915843197014
2070.56 41.72981712397784
2143.8 41.56590307352758
2219.24 41.268304670617
2297.61 41.6313966626964
2378.17 42.135363109262045
2462.4 41.890507184445084
2548.83 41.853647059058886
2638.92 42.04216709368599
2731.93 42.13708647216137
2828.61 42.52443337105383
2928.22 42.26001646160445
3031.49 41.70702541874391
3138.43 41.269826267722294
3249.02 41.07837100408145
3363.28 41.45173098974591
3481.93 41.39526351598559
3604.98 41.8785762727874
3732.42 42.301725160839325
3863.53 42.45870103880263
3999.76 41.93295913249973
4141.11 40.59986252334737
4286.87 41.7142517193232
4438.48 41.186730157318195
4594.48 40.937771722431165
4757.08 41.01266143402765
4924.8 40.797757649132336
5098.39 41.05918641694541
5277.83 40.78636984982717
5463.87 40.9187922846088
5656.49 40.79240313292651
5856.45 40.416155745896134
6062.99 40.465642149500056
6276.86 41.242682896575516
6498.05 41.698746440760644
6727.29 42.01139119522968
6964.6 42.310659821964975
7209.96 42.24496169271808
7464.11 42.099246540612256
7727.78 41.86337636335618
8000.24 41.831335032138895
8282.23 42.621696573581076
8574.46 43.09776802440521
8876.22 43.18095197641877
9189.7 42.92134820709269
9513.43 42.62988235255288
9848.88 42.73290612025008
10196.8 43.31365328843293
10556.4 43.69040656879761
10928.5 43.634799037885045
11313.7 43.44622246776882
11712.9 43.43437724003272
12126.0 43.476973571282954
12553.7 43.760403157797086
12996.1 43.85578451090214
13454.6 43.99838892732818
13928.5 43.87577890341447
14419.9 43.854004210099944
14928.2 44.250250521899744
15454.8 44.66839680065263
15999.8 44.906132620924225
16564.5 44.912953990606226
17148.2 44.782106619687596
17753.2 45.11889113733584
18379.4 45.101402668611726
19027.6 45.00190352921031
19698.5 45.34549568869312
19999.5 45.40414962115925
