Freq "Sound Power DI"
22.4 37.235398757873554
23.0 36.04542521419194
23.6 34.854667175557495
24.0 34.75129004476747
25.0 35.14331299597103
25.8 35.83413368256163
26.5 37.26313611884288
27.2 37.84656873610027
28.0 37.970758657634406
29.0 38.22578469321002
30.0 39.32847513130696
30.7 39.8801211834388
31.5 40.37351358707622
32.5 40.53654048365857
33.5 40.95332891972572
34.5 41.26041868800374
35.5 40.55138112006571
36.5 40.81347305639335
37.5 41.835246192180875
38.7 42.210726593125344
40.0 41.83434499797261
41.2 41.585690101551336
42.5 41.23937036823666
43.7 40.649704941223035
45.0 40.27224189008608
46.2 40.688059571869104
47.5 40.757541083810665
48.7 39.873682328009735
50.0 39.209838583363535
51.5 41.2250857996483
53.0 42.50188531686665
54.5 42.53033335477684
56.0 42.45566356121711
58.0 42.348497008462715
60.0 42.31333367318669
61.5 42.339980493583354
63.0 42.24498223825667
65.0 42.08563613460812
67.0 42.011248266959356
69.0 41.90253561891552
71.0 41.73732016515875
73.0 41.334440404462384
75.0 41.00130103507071
77.5 40.75236584078927
80.0 40.472129898476766
82.5 40.38532913502128
85.0 40.33066210683613
87.5 40.37763063293464
90.0 40.3621304791086
92.5 40.318519993957565
95.0 40.25845509192156
97.5 40.39059728875891
100.0 40.619724067797264
103.0 40.806174379911496
106.0 40.956960912562224
109.0 41.21986372566876
112.0 41.39563420142335
115.0 41.553102932008215
118.0 41.60542176168279
122.0 41.67195162016297
125.0 41.586455751961665
128.0 41.576390191785734
132.0 41.55287307530618
136.0 41.61699032373848
140.0 41.8204850236898
145.0 42.05943623137699
150.0 42.39157819853861
155.0 42.682243177231186
160.0 42.82600350111477
165.0 42.83475644557231
170.0 42.73952198230765
175.0 42.562165721110404
180.0 42.521344361849216
185.0 42.56543177768951
190.0 42.64798081638344
195.0 42.71936405007206
200.0 42.85696324122141
206.0 42.963938298751415
212.0 43.21587236815731
218.0 43.517992513233565
224.0 43.80924998524294
230.0 43.84374709238692
236.0 43.49361966227647
240.0 43.4597538319983
250.0 43.91271111926626
258.0 44.07339172300145
265.0 44.00660510723364
272.0 43.92995908909043
280.0 43.77300986010596
290.0 43.697372150660286
300.0 43.64516996865319
307.0 43.52085299393492
315.0 43.47845071548349
325.0 43.41646460987221
335.0 43.748795210849565
345.0 44.36367163362078
355.0 44.62676564687111
365.0 44.98046497823593
375.0 45.23103298927211
387.0 45.09670643496504
400.0 44.97269145217672
412.0 45.069232648391264
425.0 45.30370123464871
437.0 45.3783401611596
450.0 45.23646779156485
462.0 44.99708008144259
475.0 44.810267820901444
487.0 44.92077943165144
500.0 45.36465981301815
515.0 45.70419870115792
530.0 46.0056659109643
545.0 46.01381841177415
560.0 45.98173379672326
580.0 46.29488298584117
600.0 46.55913512435049
615.0 46.67512615671964
630.0 46.759611539965974
650.0 46.82281885782716
670.0 46.85624428961263
690.0 46.88149236134484
710.0 47.121311140415955
730.0 47.460553100334394
750.0 47.669873294537794
775.0 47.80964466838746
800.0 48.01944745099529
825.0 48.14638567556602
850.0 47.93362354996741
875.0 47.36521108953443
900.0 46.82470675257872
925.0 47.36011260532942
950.0 47.88039331836882
975.0 47.41710376812483
1000.0 46.61826679468385
1030.0 46.150979710344544
1060.0 46.6363837369902
1090.0 47.11831907228168
1120.0 47.10679083727935
1150.0 47.40189308288012
1180.0 47.7896381750422
1220.0 48.185823029795415
1250.0 48.430485810853895
1280.0 48.50547300840692
1320.0 48.41627484243418
1360.0 48.47718136535606
1400.0 48.88691424726139
1450.0 49.38824400871745
1500.0 49.55040496206827
1550.0 49.5301333664835
1600.0 49.68645886023941
1650.0 49.78770402549043
1700.0 49.626138381584866
1750.0 49.12512159818152
1800.0 49.584878635352766
1850.0 50.5457211425865
1900.0 50.32965097098753
1950.0 50.14492506012765
2000.0 49.93121563512416
2060.0 50.01646090664693
2120.0 50.06399445696552
2180.0 50.20590636144003
2240.0 50.21536570290053
2300.0 49.76717261241136
2360.0 49.72399768172414
2400.0 50.1497864675822
2500.0 50.01803928608909
2580.0 49.163047233861406
2650.0 50.38437177445721
2720.0 50.72231604524458
2800.0 50.73897731949211
2900.0 51.065061100542195
3000.0 51.18713733961681
3070.0 51.348332355783526
3150.0 51.07861677070068
3250.0 51.12174483972069
3350.0 50.50821099237032
3450.0 50.83454794837738
3550.0 50.844196728916614
3650.0 50.70538581847127
3750.0 50.7716091669365
3870.0 51.39272017764213
4000.0 51.526358701348855
4120.0 51.56479487107424
4250.0 51.07475413735949
4370.0 51.063687428462785
4500.0 50.75715944968185
4620.0 50.23362156747615
4750.0 50.31572070884528
4870.0 49.72704646942975
5000.0 50.602742395459856
5150.0 51.55484358273527
5300.0 52.21099198176215
5450.0 51.758192163142155
5600.0 51.326454331122505
5800.0 51.422897273291724
6000.0 51.79481359341948
6150.0 51.53283009525384
6300.0 51.04037263274756
6500.0 50.88947507861914
6700.0 51.13911652445296
6900.0 51.45843506367707
7100.0 51.34625890179656
7300.0 51.15256874105417
7500.0 51.894381520542964
7750.0 51.57611497554281
8000.0 51.027876762086976
8250.0 50.817078156704255
8500.0 51.650061257222006
8750.0 51.89893181845564
9000.0 51.158186968443374
9250.0 50.94439034959122
9500.0 51.149405957230215
9750.0 51.203306573469206
10000.0 50.63666829476617
10300.0 50.3052103431215
10600.0 50.3845354424915
10900.0 50.68037706399119
11200.0 49.651115845121694
11500.0 50.447145916714135
11800.0 51.09967665901968
12200.0 50.4518204067646
12500.0 50.9070294303818
12800.0 50.459214323747844
13200.0 50.1295531905276
13600.0 50.79570276258684
14000.0 50.47853903643481
14500.0 50.4273455902233
15000.0 49.65094201775976
15500.0 49.429319976689754
16000.0 49.28222641966774
16500.0 48.958622318544556
17000.0 50.16797322570979
17500.0 49.68595088138417
18000.0 49.43867743349131
18500.0 50.11357177348762
19000.0 50.4223377496763
19500.0 49.80785024967497
