Freq "Total Early Reflection"
20.5078 48.75931027918642
21.9727 48.11524532879693
23.4375 51.154701686939916
24.9023 49.95498107567829
26.3672 51.67557034644082
27.832 50.19859008832984
29.2969 51.15493441827218
30.7617 52.7987267835349
32.2266 54.4165099182503
33.6914 56.0533852482192
35.1562 56.54160783984889
36.6211 57.52907000980778
38.0859 58.91732467058628
39.5508 60.55291161655667
41.0156 61.370174793131724
42.4805 62.51297122489582
43.9453 63.597763983618165
45.4102 64.44376179197329
46.875 65.55489795516922
48.3398 66.97737525661847
51.2695 68.1069947948008
52.7344 68.99580731163573
54.1992 69.83020082960243
55.6641 70.52509979141277
58.5938 71.80705711731056
60.0586 72.37748255215325
62.9883 73.58280393198848
64.4531 74.1701925411062
67.3828 75.02914164369929
68.8477 75.41769417275415
71.7773 76.34623660839496
74.707 77.05330513408265
77.6367 77.5183931004508
79.1016 77.74323488747523
82.0312 78.18327068579848
84.9609 78.34893398025677
87.8906 78.48539966310378
90.8203 78.58918819224488
95.2148 78.43743364396371
98.1445 78.27490657470499
101.074 78.14781800423073
105.469 77.91918307505631
108.398 77.63744990922919
112.793 77.41778458565199
117.188 77.04047105372986
120.117 76.85402355532878
124.512 76.8351106498558
128.906 76.58118090310091
133.301 76.37571811616193
139.16 75.96044340821523
143.555 75.77790929467724
147.949 75.63218099777252
153.809 75.50319673481502
159.668 74.94444284120885
165.527 74.66763842494586
171.387 74.45070791958335
177.246 74.78635190643382
183.105 74.56930540884557
188.965 74.55370472167182
196.289 74.40068470525583
203.613 74.07748149854731
210.938 73.9765682997573
218.262 73.89667786114924
225.586 74.05377592529874
232.91 73.6390209266749
241.699 73.58926391603187
250.488 73.28551197741257
259.277 73.52924637765796
268.066 73.95413914527104
276.855 73.62195901969429
287.109 73.29521455033859
297.363 73.45096515779846
307.617 73.61443769284068
319.336 72.99694160654988
329.59 72.7199561441796
341.309 72.28754750204496
353.027 73.12743312185917
366.211 74.13910494558118
379.395 73.76675533675302
392.578 73.71954630725071
405.762 73.65364974989305
420.41 73.44409633840203
435.059 73.5490560066117
451.172 73.45474038670002
465.82 73.47280716690224
483.398 73.49351356342686
499.512 73.71309093836736
517.09 73.41906507973758
536.133 73.56699686280498
555.176 73.34956033305622
574.219 73.36782449320413
594.727 73.7232491380773
615.234 73.60526789622949
637.207 73.88514244568154
659.18 73.44122957416148
682.617 73.11707686300349
707.52 73.42473727451176
732.422 73.88104529547965
757.324 74.44938827665895
785.156 74.58446537198412
811.523 74.39988573334531
840.82 74.72355042334279
870.117 74.14773704040117
900.879 74.23032344597615
933.105 75.65553827605345
965.332 76.24743789335099
1000.49 75.92644319586614
1035.64 76.18781559276249
1072.27 76.07595981150527
1108.89 76.0426876586443
1148.44 76.63756242216661
1189.45 76.26478891231069
1230.47 75.88596998943055
1274.41 75.62306320879487
1319.82 75.67010779295632
1366.7 75.73907289342809
1413.57 75.3644946551061
1463.38 75.18463972680472
1516.11 76.21931298057896
1568.85 76.79553164178796
1624.51 76.79022762354045
1681.64 76.19359448921443
1741.7 75.90707799905212
1803.22 76.77811768036484
1866.21 77.31203828302702
1932.13 76.60290540981845
1999.51 76.56160797778755
2069.82 77.1651229604276
2143.07 77.09919376990106
2219.24 76.86750494162428
2296.88 77.11425685023215
2378.91 77.60144539563315
2462.4 77.2173740901046
2548.83 76.98118653252651
2639.65 76.3935938291813
2731.93 75.78156412301568
2828.61 75.59450983472189
2928.22 74.88415852695333
3030.76 74.118052751003
3137.7 73.44486682689758
3249.02 72.7074853924627
3363.28 72.15952481885795
3481.93 71.405423859861
3604.98 71.07701713660903
3732.42 70.53373115293152
3864.26 71.1357028835945
4000.49 71.3540812522853
4141.11 72.52920094557825
4287.6 72.82824920501915
4438.48 73.15281328851536
4595.21 72.82292588702049
4756.35 72.60581126058685
4924.8 72.69234786475249
5097.66 72.5515107453371
5277.83 72.42231115036135
5463.87 72.59540355948192
5657.23 72.28304738543824
5856.45 72.0374305368251
6062.99 71.99347389646259
6276.86 71.80028777586664
6498.05 71.56269189449866
6726.56 71.23970216832308
6963.87 70.88609419633146
7209.96 70.77688228718758
7464.84 70.76942769958812
7727.05 70.79841315863916
7999.51 70.8987785430477
8282.23 70.97788564534144
8573.73 71.01610405234206
8876.95 71.05939729849649
9188.96 71.01455390581407
9514.16 70.8785267523519
9849.61 70.76926989495266
10196.8 70.94921599066532
10555.7 71.1385316080658
10927.7 71.28942004087864
11313.0 71.34818101393773
11712.9 71.22583605696862
12126.0 71.08075443923404
12553.7 70.90943709821315
12996.1 71.00454923969745
13454.6 71.22279801725831
13929.2 71.34992176775178
14419.9 71.5804620038811
14928.2 72.06913612292544
15455.6 72.61468204812967
16000.5 72.83069239462843
16564.5 72.78637990114166
17148.9 72.44502742704165
17752.4 72.04391982945572
18379.4 71.78953457246129
19026.9 71.85821935990656
19697.8 71.5555903272699
19999.5 71.32848687942693
