Freq "Early Reflections DI"
22.4 50.00785244022734
23.0 50.021191605950264
23.6 50.00703140325024
24.0 50.029890150489905
25.0 49.99556631879071
25.8 50.029890150489905
26.5 50.01730773055948
27.2 49.97549700828196
28.0 51.59619698570077
29.0 51.91527189604767
30.0 52.014545082272605
30.7 52.285142449550776
31.5 52.41950714266005
32.5 52.64732601310655
33.5 52.738947400581424
34.5 52.79080468735992
35.5 52.86060092822751
36.5 52.93566195955057
37.5 52.949173130783464
38.7 52.8186856405234
40.0 52.80729744962575
41.2 52.86897223549221
42.5 52.589144967596084
43.7 52.493253692002995
45.0 52.479063547490085
46.2 52.45941108893646
47.5 52.44236546055515
48.7 52.424831771006495
50.0 52.4176897873746
51.5 52.42527004379119
53.0 52.41874889368992
54.5 52.442034328577165
56.0 52.457373629953864
58.0 52.472736647861254
60.0 52.468125981529795
61.5 52.50166815100157
63.0 52.504018847195965
65.0 52.49229554005251
67.0 52.512698411484195
69.0 52.5084404698579
71.0 52.51489769151317
73.0 52.51426477947939
75.0 52.51719855958159
77.5 52.52793487830665
80.0 52.51730868657883
82.5 52.525706536970034
85.0 52.5336270536539
87.5 52.5342537412387
90.0 52.52277867008236
92.5 52.55250231476593
95.0 52.53883224098655
97.5 52.54984578877034
100.0 52.56089354464632
103.0 52.58264861905778
106.0 52.57035974193535
109.0 52.58841942007996
112.0 52.58888545536928
115.0 52.611699194398895
118.0 52.62274627318513
122.0 52.62839193247187
125.0 52.65995037546624
128.0 52.675141244099564
132.0 52.68582559999042
136.0 52.71619263730905
140.0 52.7256745608731
145.0 52.7250524349747
150.0 52.743873548966945
155.0 52.77719289528807
160.0 52.77752158479372
165.0 52.79634577823663
170.0 52.83231972260464
175.0 52.829137767087886
180.0 52.8220020297194
185.0 52.84705927379876
190.0 52.872520700185135
195.0 52.88297513364692
200.0 52.889933250730294
206.0 52.884399061357314
212.0 52.88403106979851
218.0 52.89842676264952
224.0 52.908091806325174
230.0 52.92529507694445
236.0 52.98866962687593
240.0 53.0485974979036
250.0 53.10077144864863
258.0 53.168215279325324
265.0 53.24636950323898
272.0 53.341925208622925
280.0 53.426341925458985
290.0 53.50530717322562
300.0 53.56296545862138
307.0 53.68516246982618
315.0 53.724805517272955
325.0 53.78703713192276
335.0 53.85331444298153
345.0 53.91379145916568
355.0 53.974865460238334
365.0 54.049165259149134
375.0 54.11270777177472
387.0 54.16690691611464
400.0 54.2145921414772
412.0 54.247212754273534
425.0 54.23039334761343
437.0 54.21099286071727
450.0 54.18744200745218
462.0 54.200484540202865
475.0 54.18690424725506
487.0 54.22358229489143
500.0 54.23420657516938
515.0 54.267312089229875
530.0 54.27910713789571
545.0 54.225738779843326
560.0 54.2022764250858
580.0 54.159643958358515
600.0 54.062003375247016
615.0 54.004875047879494
630.0 53.97435412594892
650.0 54.01908136957948
670.0 54.149275164934835
690.0 54.41317661442719
710.0 54.66285197003177
730.0 54.84287091501379
750.0 54.9428731029831
775.0 55.006672952283395
800.0 55.10068311912633
825.0 55.190781306386086
850.0 55.29467529849367
875.0 55.346538272160245
900.0 55.34598696792398
925.0 55.288384154904946
950.0 55.27452953317709
975.0 55.29897823699832
1000.0 55.25259610376443
1030.0 55.06797806526633
1060.0 54.84292642238057
1090.0 54.83924982088352
1120.0 54.994930371704285
1150.0 54.71324462269301
1180.0 54.22667519970395
1220.0 54.0275201939821
1250.0 53.94007505331287
1280.0 53.57459770403118
1320.0 53.19682864988994
1360.0 52.5038975899367
1400.0 51.399051914868394
1450.0 51.61088355002023
1500.0 51.38682556759926
1550.0 50.04410338001257
1600.0 50.38420759701462
1650.0 51.059211903043135
1700.0 49.39771297538542
1750.0 51.24693217095633
1800.0 51.3796980636878
1850.0 51.80764851747034
1900.0 52.126187034290666
1950.0 52.77302327284319
2000.0 53.340127622541644
2060.0 53.39017101418375
2120.0 53.71666726623455
2180.0 53.481062347505
2240.0 53.48243700391929
2300.0 53.179831622562304
2360.0 52.91441834738035
2400.0 52.86658228482922
2500.0 52.96804116809399
2580.0 52.50902341918881
2650.0 52.4059843630466
2720.0 52.39109368963685
2800.0 52.53952615275624
2900.0 52.27019572564765
3000.0 51.99337947481841
3070.0 51.96064118174513
3150.0 52.05596382392878
3250.0 51.67948210552751
3350.0 50.39629782682161
3450.0 49.849506673895036
3550.0 49.59487827673101
3650.0 50.42009643487786
3750.0 51.879108433980534
3870.0 54.03704139322011
4000.0 55.889326063914794
4120.0 55.00144592821405
4250.0 53.56379189288995
4370.0 52.249620076274766
4500.0 51.50557911557843
4620.0 50.534372553693885
4750.0 49.11214187096938
4870.0 47.86022840949346
5000.0 46.95250545266745
5150.0 46.94338700009651
5300.0 47.5656234447511
5450.0 48.986085908870805
5600.0 50.330693073345344
5800.0 51.12981298688773
6000.0 51.84493959059154
6150.0 53.047848533300964
6300.0 54.37905054715229
6500.0 53.21265258721216
6700.0 51.21991784102566
6900.0 49.317690126134295
7100.0 48.61605459455224
7300.0 49.1499544340341
7500.0 50.77015531537883
7750.0 54.2348687797346
8000.0 56.619591509370466
8250.0 52.64736233787987
8500.0 51.264714784867294
8750.0 51.62926642812212
9000.0 51.77645124225785
9250.0 53.602076441247405
9500.0 53.30959731331578
9750.0 53.43548159173075
10000.0 53.90099522503455
10300.0 54.59500411520813
10600.0 55.38614244015221
10900.0 54.05093059735378
11200.0 55.35782465000793
11500.0 54.86987451177606
11800.0 53.89483158580384
12200.0 54.08580065449948
12500.0 54.05194512540069
12800.0 54.24015275635652
13200.0 53.44746405356915
13600.0 53.90761926703297
14000.0 53.8323133465972
14500.0 50.91026765223175
15000.0 52.25861641033042
15500.0 53.33626915387018
16000.0 54.04054423134902
16500.0 54.433150241727205
17000.0 54.59175626761957
17500.0 54.46100718885323
18000.0 54.80017963907463
18500.0 54.259627125663656
19000.0 52.59760663912735
19500.0 54.33001262269357
