Freq "Sound Power"
22.4 59.41376171883127
23.0 59.88854651391401
23.6 60.91260765767416
24.0 64.19333907762643
25.0 66.42423079325619
25.8 67.98941591301772
26.5 69.10027108352367
27.2 68.9519302416036
28.0 66.14335432077138
29.0 64.8345174895012
30.0 65.65634528934376
30.7 68.53642503576424
31.5 70.24768568454076
32.5 71.1521921562474
33.5 69.81879296210565
34.5 67.05020845220474
35.5 60.24212517626435
36.5 54.04270348663687
37.5 51.728589154113365
38.7 61.53784425457718
40.0 68.69278542922629
41.2 71.39881694063295
42.5 71.5909125207209
43.7 70.16734738708885
45.0 68.24095113097789
46.2 66.23334159056404
47.5 63.04035156964105
48.7 61.850365344975756
50.0 63.48903780499222
51.5 70.94222982564895
53.0 73.71517784532718
54.5 72.13478953144897
56.0 68.67393438425404
58.0 72.03562553650218
60.0 73.2349215005871
61.5 69.7796335115203
63.0 70.99073953756555
65.0 74.20871306426719
67.0 72.74942893001531
69.0 71.09925112464623
71.0 72.12242269011489
73.0 73.51592362022114
75.0 74.29925688684374
77.5 75.39846300710511
80.0 77.97896471683697
82.5 79.66170633935381
85.0 80.19182542782303
87.5 80.04691980937451
90.0 79.68979781876376
92.5 79.08011952232386
95.0 78.67626628437216
97.5 78.11462035360941
100.0 77.69399794320773
103.0 79.62366459033535
106.0 81.3971305605032
109.0 84.31611455933275
112.0 86.00260081422613
115.0 86.99552048209394
118.0 88.07132523714272
122.0 88.81656140793207
125.0 89.42839357348288
128.0 89.89784966411833
132.0 90.32738663459145
136.0 90.37247007792433
140.0 90.94733224360395
145.0 91.25062614286563
150.0 91.16581215963411
155.0 90.91233634820094
160.0 90.4506729099125
165.0 89.65550658915842
170.0 89.681566025103
175.0 89.79079118763612
180.0 89.89312190543231
185.0 90.01266950578736
190.0 89.20671028223357
195.0 87.5764709637497
200.0 84.42940288991488
206.0 82.89986126901748
212.0 84.64693449479094
218.0 87.21229956474194
224.0 87.76266597907039
230.0 87.79629634555155
236.0 87.33386409025059
240.0 85.26981120766075
250.0 86.52367520996715
258.0 86.88086507719575
265.0 88.3145775252236
272.0 89.39728497609721
280.0 89.55195253706775
290.0 88.24601862774676
300.0 88.21963271129584
307.0 88.01295788633556
315.0 86.75956420344329
325.0 85.24519569177431
335.0 84.35726000490158
345.0 81.57735980685784
355.0 84.54652798608188
365.0 88.39469573940104
375.0 88.85600552431717
387.0 89.35493107516419
400.0 88.56621774663611
412.0 88.65367427372755
425.0 88.27412089526541
437.0 86.18979180423632
450.0 83.971937551326
462.0 86.90850824322794
475.0 88.63925060442536
487.0 87.7360092833165
500.0 87.49851531615636
515.0 88.24126481945862
530.0 87.11723100247634
545.0 84.81142707935115
560.0 82.66309849631816
580.0 85.49896117691273
600.0 85.24219377239214
615.0 86.57428858868477
630.0 87.38517552275523
650.0 88.69309906299274
670.0 85.67941495794597
690.0 82.01223612092888
710.0 85.41571886040158
730.0 87.40377781445258
750.0 85.05036097520102
775.0 86.36348363213268
800.0 86.10321673519294
825.0 84.39944383138925
850.0 82.20581889117067
875.0 83.24593153754923
900.0 84.041764454367
925.0 83.2439070702083
950.0 83.76352704480698
975.0 82.76207629217836
1000.0 84.47402791696784
1030.0 83.4252682926541
1060.0 81.98442657826624
1090.0 82.69052641219214
1120.0 80.6278233632209
1150.0 84.50513204109586
1180.0 81.33697012118506
1220.0 83.15167806292818
1250.0 81.83139739867195
1280.0 83.9053374585257
1320.0 81.09824345232494
1360.0 83.07202899942052
1400.0 84.36853079754594
1450.0 84.59975340930241
1500.0 88.55838597454473
1550.0 84.23270972049774
1600.0 86.85785541561805
1650.0 86.79539215616404
1700.0 84.60387426983056
1750.0 79.60224797487872
1800.0 84.56678124811778
1850.0 85.05075844457166
1900.0 82.70702497857897
1950.0 81.23323709437719
2000.0 81.34663126236273
2060.0 79.5957559446398
2120.0 81.07334279964702
2180.0 81.32236956006335
2240.0 80.96407147896456
2300.0 80.34246839270983
2360.0 77.55051652585018
2400.0 76.18683284458139
2500.0 75.41404095217999
2580.0 75.65371864624416
2650.0 74.54377423195518
2720.0 72.71138814338991
2800.0 73.11083746108774
2900.0 75.67395394464681
3000.0 77.49178745376145
3070.0 77.57478794081425
3150.0 77.33204100656644
3250.0 76.80266083876793
3350.0 77.25759092683224
3450.0 78.30791532812393
3550.0 78.4168259251494
3650.0 78.85328801901355
3750.0 78.91937224032772
3870.0 78.2879119629089
4000.0 78.38423198016116
4120.0 78.8074459144529
4250.0 78.82837833531676
4370.0 79.30245805924547
4500.0 79.46374994031812
4620.0 79.03878934331165
4750.0 77.97808625849682
4870.0 79.41583710565729
5000.0 80.95834553108554
5150.0 82.06891245921749
5300.0 81.84435703340515
5450.0 81.31451908590753
5600.0 81.01892703465619
5800.0 80.08469159648668
6000.0 79.53879388270688
6150.0 78.45711832555358
6300.0 77.51131122760764
6500.0 77.65780949797671
6700.0 78.60550980300914
6900.0 80.40424157935557
7100.0 80.40950201222726
7300.0 81.12372193484791
7500.0 80.44703933417235
7750.0 78.17164377100791
8000.0 77.98864860690371
8250.0 80.32186682157425
8500.0 81.8563859326849
8750.0 83.06604120583724
9000.0 83.15459793079862
9250.0 82.17514643945654
9500.0 81.38417111645806
9750.0 82.60110580281231
10000.0 83.06025556962015
10300.0 85.40666886793193
10600.0 86.21426201285448
10900.0 87.13057763493977
11200.0 89.26476188915966
11500.0 89.81301012524537
11800.0 90.65512644295566
12200.0 90.29317763808588
12500.0 89.37872533455706
12800.0 90.12286188359187
13200.0 88.01190227822138
13600.0 89.28943713031343
14000.0 86.81967975151437
14500.0 88.06499707235338
15000.0 82.2487597755141
15500.0 78.61575841478196
16000.0 76.94772645463013
16500.0 80.99453232783526
17000.0 77.6203171514757
17500.0 76.78594629302779
18000.0 76.31365143979589
18500.0 76.15404335145308
19000.0 71.43919410893139
19500.0 67.13786513694274
