Freq "Early Reflections DI"
22.4 16.344703294919526
23.0 15.479195707470325
23.6 14.308764466068311
24.0 15.854566992014725
25.0 17.30330280819561
25.8 18.778490248355183
26.5 20.456771678081623
27.2 20.910426448218715
28.0 21.089481884604822
29.0 21.226516541214863
30.0 21.374079677265854
30.7 21.165302208418467
31.5 20.88085269650375
32.5 20.518401367057834
33.5 21.2425133272925
34.5 21.727662041290728
35.5 21.904952411116938
36.5 21.26281536795267
37.5 20.32396225261681
38.7 19.500621855079515
40.0 19.801842712274265
41.2 19.93556620954803
42.5 19.873442830260785
43.7 21.646746665798474
45.0 23.07845668345763
46.2 20.511317703991608
47.5 19.15796964041658
48.7 20.157479373813402
50.0 20.303406010777167
51.5 20.255410072778943
53.0 19.967018939821372
54.5 20.50491793026572
56.0 21.357948451664072
58.0 21.723198386118156
60.0 21.42938927560931
61.5 20.71076614564052
63.0 20.259509312818267
65.0 20.14169234843638
67.0 20.36929370029246
69.0 20.421420219100654
71.0 20.31182440441748
73.0 20.192693842821257
75.0 20.276366801109162
77.5 20.333819800345836
80.0 20.221998475663426
82.5 20.116933031241132
85.0 20.105114268029297
87.5 20.070961644752487
90.0 20.019992578467637
92.5 19.971713825555327
95.0 19.96337952748455
97.5 20.061473472796223
100.0 20.003652731427948
103.0 20.054471435985107
106.0 20.07953093025185
109.0 20.065689959901178
112.0 20.133294214526003
115.0 20.078827904692062
118.0 20.13501780695833
122.0 20.139195288560316
125.0 20.106762545621905
128.0 20.086393817243675
132.0 20.11921161089181
136.0 20.07923539279716
140.0 20.14008425033269
145.0 20.132039470008024
150.0 20.088103632091816
155.0 20.092694239983672
160.0 20.122411062979694
165.0 20.065551093867015
170.0 20.049231319386706
175.0 20.037385387186305
180.0 20.088505787175805
185.0 20.0576751814977
190.0 19.988912664906223
195.0 20.008254243998266
200.0 20.054054991251434
206.0 20.246860175609882
212.0 20.417287073374112
218.0 20.627410224322176
224.0 20.68599625742104
230.0 20.751438929561488
236.0 20.720490183765563
240.0 20.76641209910909
250.0 20.807760390302818
258.0 20.83231513235353
265.0 20.727450027990585
272.0 20.608598435468565
280.0 20.4608292495856
290.0 20.337402546431832
300.0 20.30879174788167
307.0 20.4206840407832
315.0 20.44952919588566
325.0 20.478616400179973
335.0 20.453063207161875
345.0 20.520457110983216
355.0 20.609062440889616
365.0 20.610364196700644
375.0 20.676751072620675
387.0 20.686325175913282
400.0 20.787084417157175
412.0 20.764711960430077
425.0 20.801846351142487
437.0 20.91149012982183
450.0 20.813976131024233
462.0 20.738649796794164
475.0 20.74550859401974
487.0 20.684923898610776
500.0 20.742167484014885
515.0 20.90218542407125
530.0 21.01813589343699
545.0 21.061831460135338
560.0 21.122688896818687
580.0 21.06753039538745
600.0 20.904542549660405
615.0 20.801580086946288
630.0 20.7050287998983
650.0 20.856972885328574
670.0 21.063259422328102
690.0 21.453932791822197
710.0 22.13961313649537
730.0 22.58689633585304
750.0 22.51506523553094
775.0 22.433240014577905
800.0 22.32101419969176
825.0 22.004737307359463
850.0 21.776937486792576
875.0 21.653914042916114
900.0 21.825828827144477
925.0 21.693552693164108
950.0 21.723392974512947
975.0 21.497638900039234
1000.0 21.132607254862933
1030.0 20.857599138083742
1060.0 20.854557647230465
1090.0 21.64104619371068
1120.0 22.300108936100983
1150.0 22.767861235037856
1180.0 22.88141851015324
1220.0 22.86576962625756
1250.0 23.01141177991593
1280.0 23.24185981595734
1320.0 23.032779601496543
1360.0 23.012055215325518
1400.0 23.183404816836813
1450.0 23.228737132262225
1500.0 23.23818992591599
1550.0 22.806285743080636
1600.0 21.999709148191315
1650.0 21.97615134049191
1700.0 22.300718716737777
1750.0 22.68585466515009
1800.0 23.557962135920008
1850.0 23.375982567696113
1900.0 23.350350659529255
1950.0 23.36414590375084
2000.0 23.435092137056827
2060.0 23.872700205512274
2120.0 23.426840565199015
2180.0 23.429376963323463
2240.0 23.650589021883363
2300.0 23.68780169188578
2360.0 23.22324189246517
2400.0 22.639310388789994
2500.0 21.64022499391308
2580.0 20.768077884854065
2650.0 22.01568645378468
2720.0 20.315043072659762
2800.0 21.55810431756909
2900.0 22.069438165202186
3000.0 23.044539808510265
3070.0 23.21459764879033
3150.0 23.748018882583636
3250.0 24.152204475301417
3350.0 24.54038416618799
3450.0 24.710168068284602
3550.0 24.59494628970498
3650.0 23.450484257430844
3750.0 23.156787543274405
3870.0 23.601942483194136
4000.0 23.762380773937593
4120.0 23.64659692270476
4250.0 24.120112067952206
4370.0 24.240530246441793
4500.0 24.911691030758277
4620.0 25.091776484243894
4750.0 25.062175402286627
4870.0 24.742506474023216
5000.0 24.660942542619935
5150.0 24.2009614464601
5300.0 23.83042126183382
5450.0 23.91827582204813
5600.0 23.78711603310566
5800.0 23.191983505565958
6000.0 22.89761429776206
6150.0 22.61102640568734
6300.0 22.281039450782373
6500.0 21.901903388955375
6700.0 21.841346076928488
6900.0 22.292541384235207
7100.0 22.36692207631522
7300.0 22.86132758778936
7500.0 23.088655037208056
7750.0 22.70294696417143
8000.0 22.906148264074957
8250.0 23.70017970005229
8500.0 24.434690918100173
8750.0 24.816123736517028
9000.0 25.05071107609247
9250.0 25.22101485401251
9500.0 25.145827032698023
9750.0 25.068331415472002
10000.0 25.319921883460765
10300.0 25.328311356741153
10600.0 25.22850747362824
10900.0 25.207870483757688
11200.0 25.227084306234318
11500.0 25.12168760513684
11800.0 24.23770178569498
12200.0 23.27164504693144
12500.0 23.89646486243433
12800.0 23.454453472451462
13200.0 23.593501254714567
13600.0 24.40376207925425
14000.0 24.010988137687022
14500.0 23.220815443687513
15000.0 24.54920342043779
15500.0 24.83353420971966
16000.0 24.334302296699136
16500.0 23.330245093973417
17000.0 22.887012467781616
17500.0 24.205977559692727
18000.0 24.817289573689308
18500.0 23.769841928627216
19000.0 25.99880395325006
19500.0 24.982306316793697
