Freq "Ceiling Bounce"
20.5078 74.05244399088338
21.9727 75.97433310683014
23.4375 78.23335804601602
24.9023 75.92110212093183
26.3672 81.34785499066072
27.832 80.014449581448
29.2969 79.37052682382114
30.7617 80.74239891713825
32.2266 82.74782491477865
33.6914 85.34906843279467
35.1562 85.33297032361843
36.6211 84.71123666345879
38.0859 84.45999529127984
39.5508 85.55252654477923
41.0156 86.7615109786575
42.4805 87.02790542953815
43.9453 87.74944739364872
45.4102 87.95189041904905
46.875 87.90374993290871
48.3398 88.24995028235634
51.2695 88.77978861464972
52.7344 89.01540960382292
54.1992 89.15282577858338
55.6641 89.12967150344157
58.5938 88.85657499873452
60.0586 88.82935133226819
62.9883 88.94145719555581
64.4531 89.14632105428954
67.3828 89.52123906965483
68.8477 89.68919269515679
71.7773 89.87260083675966
74.707 90.29040577322188
77.6367 90.39984546764305
79.1016 90.66443908419909
82.0312 90.78447473313693
84.9609 90.83141579275943
87.8906 91.01810503972911
90.8203 91.1832867785851
95.2148 91.36599824187233
98.1445 91.4437135681716
101.074 91.49719772731426
105.469 91.46975942647472
108.398 91.38800802127733
112.793 91.17833649035381
117.188 90.88617321508286
120.117 90.66613610130025
124.512 91.1044563447244
128.906 91.13879200002638
133.301 91.2637415614579
139.16 91.266253863438
143.555 91.43401516136555
147.949 91.63928936620061
153.809 91.90310502603329
159.668 91.91355563906339
165.527 92.36257953321646
171.387 92.98700869813206
177.246 92.99494514052962
183.105 93.26652587958431
188.965 93.56182847170425
196.289 93.70969946450285
203.613 93.75636852697556
210.938 94.02626396770773
218.262 93.84703045433491
225.586 93.76583564042622
232.91 93.98849898867934
241.699 94.34911590876757
250.488 94.29723493508442
259.277 94.32090023771256
268.066 94.58135451300285
276.855 94.11855533780425
287.109 94.05312035547878
297.363 94.2228134918092
307.617 94.1937228077978
319.336 93.77507580522438
329.59 93.48431865732265
341.309 92.9933803204934
353.027 92.36026342814863
366.211 93.42038069993794
379.395 93.60564554161536
392.578 92.91753824292906
405.762 92.18219505028141
420.41 92.3439435537762
435.059 92.44839841647149
451.172 92.00505553882786
465.82 91.34934307542493
483.398 92.43162651088409
499.512 91.88597516764379
517.09 91.2293011092892
536.133 91.46700784273699
555.176 91.3747537256987
574.219 91.75229539731734
594.727 91.79797989064637
615.234 92.62107570678216
637.207 92.30489776866375
659.18 91.9842798268238
682.617 91.0839780616416
707.52 92.7186641909395
732.422 92.81746137003981
757.324 92.25714019956311
785.156 93.03635152702203
811.523 92.4762448148125
840.82 92.95492788114443
870.117 93.46508642684417
900.879 93.20470540158941
933.105 92.57755227589095
965.332 92.9848091546438
1000.49 93.32581366927431
1035.64 94.54699462785497
1072.27 93.97465862928317
1108.89 94.62204503209746
1148.44 94.1540369620719
1189.45 93.5276964161786
1230.47 93.21996301380129
1274.41 92.84203923787533
1319.82 92.9764720757891
1366.7 92.37793589864941
1413.57 91.62589490789682
1463.38 91.08127519472123
1516.11 90.76708922059683
1568.85 90.54439283237384
1624.51 90.66428147100922
1681.64 91.04332211106137
1741.7 91.88314530019059
1803.22 92.85961985688348
1866.21 92.53272197146225
1932.13 91.62188050783836
1999.51 92.5829493771719
2069.82 92.83589748109226
2143.07 92.25489114251415
2219.24 92.0816877604602
2296.88 92.66398879374675
2378.91 91.77480213121655
2462.4 91.04083467217458
2548.83 91.32651598161237
2639.65 91.0165784203944
2731.93 90.09086636940533
2828.61 89.9801762456846
2928.22 89.48181319169264
3030.76 88.47620908442741
3137.7 88.30027815584006
3249.02 88.57815370175221
3363.28 88.78456741283823
3481.93 89.37385271608856
3604.98 89.79259339405995
3732.42 89.82541712302859
3864.26 89.93309868158184
4000.49 89.58811180918312
4141.11 90.53742443193069
4287.6 90.48158744693465
4438.48 90.6421547008999
4595.21 90.47464055607306
4756.35 90.59044872654037
4924.8 90.66198588738767
5097.66 90.5178062537917
5277.83 90.27212078079228
5463.87 90.45728357792771
5657.23 90.52296540124496
5856.45 91.00679876621243
6062.99 90.8726808428475
6276.86 90.8460905376277
6498.05 91.23530517060857
6726.56 91.37410847290747
6963.87 91.02620301334471
7209.96 91.2500296513672
7464.84 91.76258940537633
7727.05 91.53587231983276
7999.51 91.5140340558418
8282.23 91.69246668188417
8573.73 91.87186770547171
8876.95 91.91568527895532
9188.96 91.78909731859709
9514.16 91.71336631620895
9849.61 91.12995587717143
10196.8 91.54230957835048
10555.7 91.58112329157287
10927.7 91.55871522437077
11313.0 91.26211037898133
11712.9 90.98556668026494
12126.0 90.98692297508794
12553.7 91.11494791633173
12996.1 91.67996735725097
13454.6 92.14059157598174
13929.2 92.4710574944337
14419.9 92.98179240387921
14928.2 93.8432578879586
15455.6 93.64184994329757
16000.5 93.04136010533061
16564.5 92.85742553830653
17148.9 92.13281205234613
17752.4 90.83042681480312
18379.4 89.87038389876999
19026.9 89.14400575763281
19697.8 88.2426242730045
19999.5 87.82492236842894
