Freq "On Axis"
20.5078 38.79534848484849
21.9727 49.5953484848485
23.4375 47.45524848484848
24.9023 44.907648484848494
26.3672 50.73264848484848
27.832 51.65754848484849
29.2969 52.63234848484851
30.7617 55.1441484848485
32.2266 58.033248484848514
33.6914 59.23194848484849
35.1562 61.0748484848485
36.6211 62.7391484848485
38.0859 64.3027484848485
39.5508 65.6280484848485
41.0156 66.80824848484849
42.4805 68.1465484848485
43.9453 69.14474848484849
45.4102 70.0416484848485
46.875 70.8933484848485
48.3398 71.70594848484849
51.2695 73.0701484848485
52.7344 73.73024848484852
54.1992 74.36474848484849
55.6641 74.9485484848485
58.5938 76.03564848484848
60.0586 76.5369484848485
62.9883 77.3769484848485
64.4531 77.9036484848485
67.3828 78.7673484848485
68.8477 79.2035484848485
71.7773 80.0212484848485
74.707 80.7838484848485
77.6367 81.4991484848485
79.1016 81.7857484848485
82.0312 82.3197484848485
84.9609 82.89184848484848
87.8906 83.4113484848485
90.8203 83.8070484848485
95.2148 84.39384848484849
98.1445 84.71534848484848
101.074 84.94314848484849
105.469 85.2869484848485
108.398 85.5099484848485
112.793 85.59164848484849
117.188 85.7660484848485
120.117 85.8826484848485
124.512 85.95164848484849
128.906 86.0833484848485
133.301 86.0816484848485
139.16 86.0994484848485
143.555 86.11444848484848
147.949 86.1437484848485
153.809 86.1362484848485
159.668 85.9864484848485
165.527 85.8231484848485
171.387 85.7101484848485
177.246 85.6984484848485
183.105 85.7955484848485
188.965 85.7340484848485
196.289 85.84564848484851
203.613 85.8661484848485
210.938 85.9438484848485
218.262 85.9566484848485
225.586 85.81224848484848
232.91 85.7477484848485
241.699 85.6633484848485
250.488 85.7690484848485
259.277 85.87714848484848
268.066 85.7842484848485
276.855 85.4197484848485
287.109 85.4296484848485
297.363 85.4490484848485
307.617 85.57664848484849
319.336 85.5524484848485
329.59 85.36274848484848
341.309 85.2555484848485
353.027 85.6299484848485
366.211 85.2097484848485
379.395 84.76374848484849
392.578 85.0817484848485
405.762 85.1853484848485
420.41 85.2116484848485
435.059 85.1397484848485
451.172 85.83044848484852
465.82 85.87804848484848
483.398 86.0412484848485
499.512 86.00414848484851
517.09 85.7203484848485
536.133 85.73614848484848
555.176 85.5036484848485
574.219 85.6966484848485
594.727 85.5038484848485
615.234 85.29424848484848
637.207 85.02994848484852
659.18 85.8302484848485
682.617 85.2178484848485
707.52 84.9120484848485
732.422 84.59564848484851
757.324 84.1735484848485
785.156 85.0897484848485
811.523 85.0455484848485
840.82 84.8625484848485
870.117 84.31154848484849
900.879 83.73874848484851
933.105 85.1061484848485
965.332 84.3008484848485
1000.49 83.52894848484848
1035.64 84.06724848484849
1072.27 84.1860484848485
1108.89 85.72674848484849
1148.44 85.7383484848485
1189.45 85.7484484848485
1230.47 86.76204848484849
1274.41 86.02314848484849
1319.82 85.4304484848485
1366.7 86.49214848484851
1413.57 86.25574848484851
1463.38 85.3799484848485
1516.11 87.09404848484849
1568.85 87.1816484848485
1624.51 86.9723484848485
1681.64 87.7903484848485
1741.7 87.4603484848485
1803.22 87.25474848484848
1866.21 86.27904848484852
1932.13 85.8435484848485
1999.51 86.14684848484849
2069.82 85.6936484848485
2143.07 86.1577484848485
2219.24 85.7973484848485
2296.88 85.78254848484849
2378.91 85.6177484848485
2462.4 85.8379484848485
2548.83 85.3083484848485
2639.65 85.2870484848485
2731.93 85.4816484848485
2828.61 85.4410484848485
2928.22 85.21814848484848
3030.76 85.93284848484849
3137.7 85.8735484848485
3249.02 86.79674848484848
3363.28 86.9347484848485
3481.93 86.9076484848485
3604.98 87.0529484848485
3732.42 86.3310484848485
3864.26 85.7409484848485
4000.49 85.09214848484851
4141.11 85.1492484848485
4287.6 85.4207484848485
4438.48 85.7541484848485
4595.21 86.7996484848485
4756.35 86.92344848484848
4924.8 87.1058484848485
5097.66 87.0760484848485
5277.83 86.9057484848485
5463.87 87.32924848484849
5657.23 87.3314484848485
5856.45 86.76114848484849
6062.99 86.66054848484849
6276.86 86.8386484848485
6498.05 87.1236484848485
6726.56 87.2557484848485
6963.87 87.39004848484849
7209.96 87.1927484848485
7464.84 87.12634848484849
7727.05 87.2220484848485
7999.51 87.2102484848485
8282.23 87.1876484848485
8573.73 87.33714848484848
8876.95 87.7700484848485
9188.96 88.1351484848485
9514.16 88.4479484848485
9849.61 88.7719484848485
10196.8 89.0195484848485
10555.7 88.9959484848485
10927.7 89.1302484848485
11313.0 89.4236484848485
11712.9 89.5397484848485
12126.0 89.6281484848485
12553.7 89.5794484848485
12996.1 89.4460484848485
13454.6 89.0739484848485
13929.2 88.54594848484848
14419.9 88.33714848484851
14928.2 88.2084484848485
15455.6 87.9574484848485
16000.5 87.4293484848485
16564.5 86.0246484848485
17148.9 85.7597484848485
17752.4 86.37574848484851
18379.4 86.4387484848485
19026.9 86.09994848484851
19697.8 85.7987484848485
19999.5 86.11804848484849
