Freq "Ceiling Bounce"
22.4 50.69621152732023
23.0 47.56340256351433
23.6 49.09265755490995
24.0 55.29760432183025
25.0 47.83718162574354
25.8 39.512153366790784
26.5 49.21017686852369
27.2 59.36512257895552
28.0 53.24314826109435
29.0 59.59621152732021
30.0 50.061879888296176
30.7 35.21564940502188
31.5 45.82049023660605
32.5 51.974410279103694
33.5 44.094089637905654
34.5 46.24300935594292
35.5 50.47662798253904
36.5 53.212466412614816
37.5 56.51028772419103
38.7 58.24576719438468
40.0 53.38512284029164
41.2 60.19965439277178
42.5 61.99238414975147
43.7 65.0566725593005
45.0 64.51172846437379
46.2 68.18623512455237
47.5 70.20131827952113
48.7 70.77244826645844
50.0 71.16845083805433
51.5 68.53663575667187
53.0 68.43513059177984
54.5 68.76769521305295
56.0 69.87150800786938
58.0 71.13513059177983
60.0 72.10306957104251
61.5 72.80306957104251
63.0 72.43513059177982
65.0 71.43513059177982
67.0 70.90076749445562
69.0 70.6
71.0 70.4
73.0 69.83358982687997
75.0 69.7007674944556
77.5 70.03513059177983
80.0 70.70076749445562
82.5 71.43358982687998
85.0 72.33358982687997
87.5 73.4
90.0 74.06845083805433
92.5 74.50306957104252
95.0 75.00306957104252
97.5 75.60690501035458
100.0 76.5404416794549
103.0 77.60306957104252
106.0 79.10076749445562
109.0 80.43358982687998
112.0 81.56769521305296
115.0 80.83513059177983
118.0 78.88623512455237
122.0 79.6489851487955
125.0 80.27150800786939
128.0 80.44283030471973
132.0 80.31227178315618
136.0 80.28219967332303
140.0 80.1760917544922
145.0 80.1069050103546
150.0 79.90690501035459
155.0 79.80306957104251
160.0 79.77150800786937
165.0 79.60306957104251
170.0 79.30306957104253
175.0 78.90306957104251
180.0 78.50306957104252
185.0 77.87150800786938
190.0 77.17150800786938
195.0 76.20690501035459
200.0 75.61227178315617
206.0 75.31916705502755
212.0 75.21916705502754
218.0 75.71916705502753
224.0 76.21916705502754
230.0 76.48219967332304
236.0 76.47609175449222
240.0 76.43821129888742
250.0 77.60306957104252
258.0 78.97150800786937
265.0 79.11227178315617
272.0 79.49897445130924
280.0 80.38219812790055
290.0 81.95521969308379
300.0 83.27717895989804
307.0 83.86096514237184
315.0 83.81592692226708
325.0 82.4760917544922
335.0 81.7404416794549
345.0 81.92758719283593
355.0 82.36878033996791
365.0 82.86283617001536
375.0 83.33647412390414
387.0 80.14283030471972
400.0 74.42909084157255
412.0 75.40358107624021
425.0 77.96480122583662
437.0 79.1467871964985
450.0 78.55147543072808
462.0 78.31411392837597
475.0 79.40722706905572
487.0 81.77455057370108
500.0 82.85962034200111
515.0 82.05176921104226
530.0 79.4925701141361
545.0 75.92021956404322
560.0 73.47406327003758
580.0 71.34391589069237
600.0 67.61695395609257
615.0 62.82103290682849
630.0 66.92664543441657
650.0 73.94391589069238
670.0 77.97928732607434
690.0 79.14511556931755
710.0 80.2796012143346
730.0 81.29075278653531
750.0 82.64090753602633
775.0 80.17977745790569
800.0 79.69046060092039
825.0 77.9491520399883
850.0 76.67182978310015
875.0 78.33746771551316
900.0 80.00076749445562
925.0 79.67717895989801
950.0 79.56226919657723
975.0 78.43322893798043
1000.0 77.1666541182005
1030.0 76.26400119283414
1060.0 70.31499088640798
1090.0 73.05062128010366
1120.0 76.18655400819432
1150.0 76.38575332848852
1180.0 76.51281348208468
1220.0 77.35648313414828
1250.0 78.0972089706332
1280.0 77.08335937246298
1320.0 77.8033038382893
1360.0 76.44827118020832
1400.0 76.24351870470794
1450.0 75.32715668025165
1500.0 73.32924838946487
1550.0 75.14836970163407
1600.0 76.88354649534125
1650.0 77.80622691122363
1700.0 78.52960778847309
1750.0 79.56878033996792
1800.0 77.83469773360898
1850.0 77.27928732607431
1900.0 73.81173806284328
1950.0 71.32656501805081
2000.0 69.40158842176234
2060.0 69.06944613942001
2120.0 70.10204168412432
2180.0 71.23212030863073
2240.0 74.43966113069749
2300.0 74.62773304031627
2360.0 76.08382334167595
2400.0 76.83441250169983
2500.0 73.83568513031513
2580.0 73.10363211904159
2650.0 72.99438359022018
2720.0 71.50137735040872
2800.0 72.21657454846321
2900.0 72.26210704765369
3000.0 71.10328448017461
3070.0 72.60138948611653
3150.0 73.20424701850412
3250.0 71.89621877518006
3350.0 72.1563739939256
3450.0 74.70326404189223
3550.0 74.42081609225994
3650.0 71.63134507421577
3750.0 70.99453702187068
3870.0 73.4134003186383
4000.0 71.8350035407819
4120.0 71.37739132789639
4250.0 71.60502406609972
4370.0 72.89313203554734
4500.0 70.31406839527001
4620.0 70.83885478274063
4750.0 75.08048296998163
4870.0 76.78888547155003
5000.0 77.45721290186295
5150.0 75.60297855898187
5300.0 74.25655157316072
5450.0 73.65959768562891
5600.0 71.71378546682993
5800.0 72.86996121118248
6000.0 72.43403046914814
6150.0 72.5583926653299
6300.0 73.98655581272895
6500.0 74.94250935640105
6700.0 73.26644862347796
6900.0 71.98638307732308
7100.0 70.65249347780619
7300.0 70.98968281345661
7500.0 71.17572801847606
7750.0 70.35984676327712
8000.0 70.5060284462709
8250.0 67.48043857366942
8500.0 63.67441527740415
8750.0 66.86283617001536
9000.0 71.06073506160972
9250.0 73.61152699540305
9500.0 70.28619881655031
9750.0 68.22358522236051
10000.0 67.74067422126726
10300.0 62.545071948267264
10600.0 67.95896041806931
10900.0 69.99782889352132
11200.0 65.66542311986409
11500.0 64.97674065996065
11800.0 68.79945716861297
12200.0 66.62502185896932
12500.0 62.50318974480756
12800.0 63.94393793686574
13200.0 64.76913008543552
13600.0 61.729618648670424
14000.0 65.32429630299823
14500.0 65.78076872760627
15000.0 61.8726724532665
15500.0 65.2657884695687
16000.0 64.84668587470033
16500.0 60.171791331962055
17000.0 62.8368484662727
17500.0 60.7896202022323
18000.0 59.01190408638132
18500.0 59.86512257895552
19000.0 59.74389996349282
19500.0 54.21627783177749
