Freq "Ceiling Bounce"
22.4 35.686566463112456
23.0 36.523496850659825
23.6 37.457681278219525
24.0 38.66668552790023
25.0 39.76668552790022
25.8 40.73897757455802
26.5 41.73897757455802
27.2 43.27717895989804
28.0 44.67717895989804
29.0 45.84314826109437
30.0 47.67082970284298
30.7 50.22758719283593
31.5 52.08623512455239
32.5 53.746809835208154
33.5 56.34136150423586
34.5 58.240441679454904
35.5 59.77449351030438
36.5 62.04283030471973
37.5 63.684078393725486
38.7 65.12909084157253
40.0 66.86826674204795
41.2 68.138581192224
42.5 69.6093740032145
43.7 70.8406625629133
45.0 72.01213611976861
46.2 73.24413052381576
47.5 74.27662798253905
48.7 75.40963256681619
50.0 76.40963256681621
51.5 77.670829702843
53.0 78.80464502318537
54.5 79.96668552790021
56.0 80.96668552790022
58.0 81.90131827952112
60.0 82.56419800295964
61.5 83.0292667687942
63.0 83.32926676879421
65.0 83.46668552790022
67.0 83.43257218046557
69.0 83.33257218046558
71.0 83.27082970284297
73.0 83.27082970284297
75.0 83.37082970284297
77.5 83.53752777300026
80.0 83.63752777300029
82.5 83.77082970284299
85.0 83.90963256681621
87.5 84.00963256681621
90.0 83.93752777300028
92.5 83.90963256681621
95.0 83.73752777300028
97.5 83.53752777300026
100.0 83.33752777300028
103.0 83.23752777300027
106.0 83.17082970284298
109.0 83.13752777300027
112.0 83.09897445130925
115.0 83.07082970284299
118.0 83.07082970284299
122.0 83.13752777300027
125.0 83.13752777300027
128.0 83.13752777300027
132.0 83.16588846059688
136.0 83.13752777300027
140.0 83.13752777300027
145.0 83.07082970284299
150.0 82.97082970284299
155.0 82.90963256681619
160.0 82.90963256681619
165.0 83.00963256681621
170.0 83.13752777300027
175.0 83.33752777300028
180.0 83.43752777300028
185.0 83.4096325668162
190.0 83.4096325668162
195.0 83.32179738688895
200.0 83.28219812790056
206.0 83.42179738688895
212.0 83.64898359150843
218.0 83.94314826109434
224.0 84.18219812790056
230.0 84.08219812790057
236.0 83.88219812790055
240.0 83.64898359150843
250.0 83.28219812790056
258.0 83.1552196930838
265.0 83.3950645803583
272.0 83.6950645803583
280.0 83.9950645803583
290.0 84.06878033996792
300.0 84.23546263134682
307.0 84.30942248426018
315.0 84.25062128010364
325.0 84.1094224842602
335.0 84.0094224842602
345.0 83.75062128010364
355.0 83.35062128010364
365.0 83.0672655885961
375.0 82.88538710465897
387.0 82.86136837622763
400.0 82.78161208533422
412.0 82.7260245235669
425.0 82.47100612011482
437.0 82.10330383828929
450.0 81.82602452356691
462.0 81.60330383828929
475.0 81.24852015458806
487.0 80.9809849055068
500.0 80.95906263657508
515.0 80.98343461029552
530.0 81.26251322065521
545.0 81.04197022557483
560.0 80.54197022557484
580.0 79.66893616304385
600.0 78.99727311966744
615.0 78.69484664455462
630.0 78.70807851055697
650.0 78.70994607707172
670.0 78.53403046914815
690.0 78.27211025799336
710.0 77.9114589804255
730.0 77.69641043056626
750.0 77.42638463906275
775.0 77.03288092656521
800.0 76.44123053036839
825.0 76.26493035341095
850.0 76.10921140720403
875.0 76.0809849055068
900.0 76.1377673428554
925.0 76.20034112939828
950.0 76.12526453928847
975.0 75.7491520399883
1000.0 75.36226370149555
1030.0 75.40146480937388
1060.0 75.95131759580826
1090.0 76.29317487506891
1120.0 75.96268190818897
1150.0 74.88959528561197
1180.0 74.34827118020831
1220.0 73.81592692226707
1250.0 72.33855083142048
1280.0 71.0520694384549
1320.0 71.24754676709995
1360.0 73.50755466963811
1400.0 76.63370960332715
1450.0 78.93735499056983
1500.0 78.94264053902359
1550.0 78.6791204846379
1600.0 80.0356933306707
1650.0 81.01256890294985
1700.0 80.9988231392986
1750.0 80.93149313701221
1800.0 81.41627940083643
1850.0 80.98155349220622
1900.0 79.54704584057052
1950.0 79.0422920764254
2000.0 80.88868107059241
2060.0 79.59472217650472
2120.0 77.798941039525
2180.0 77.96687251848888
2240.0 76.97915446671192
2300.0 75.48873351388369
2360.0 75.09307493464334
2400.0 77.87915446671192
2500.0 76.59913536951437
2580.0 75.17559328521993
2650.0 76.99610594191718
2720.0 78.0066415492658
2800.0 77.90167912607151
2900.0 77.54911311232652
3000.0 75.68650162017573
3070.0 74.0870130879967
3150.0 76.07756727379648
3250.0 75.20782715355445
3350.0 75.41081200416122
3450.0 74.96688340325046
3550.0 76.10250869125774
3650.0 77.51873483721218
3750.0 76.36061809080708
3870.0 79.20864896324852
4000.0 78.33994111166
4120.0 79.24132285972186
4250.0 76.97089600007291
4370.0 76.7644368050309
4500.0 79.34881712388169
4620.0 75.20162083231602
4750.0 78.17075884571828
4870.0 75.38206819773609
5000.0 74.19363934264022
5150.0 76.39897775753418
5300.0 74.65687640890779
5450.0 72.11210644697297
5600.0 74.48456243414705
5800.0 77.42832008569698
6000.0 77.81174366183954
6150.0 77.40242922576687
6300.0 77.02401988636375
6500.0 76.05558701826128
6700.0 76.45090197442534
6900.0 77.12110541278655
7100.0 75.41326835646709
7300.0 75.73407907270501
7500.0 75.22783751806045
7750.0 74.08904562770857
8000.0 75.04595265857279
8250.0 77.13593159780667
8500.0 78.14152085796528
8750.0 78.44976186475475
9000.0 76.18258169043992
9250.0 75.00089436543526
9500.0 76.0582277076668
9750.0 75.19746180480246
10000.0 76.80930279831709
10300.0 78.88694830023
10600.0 77.91852127263033
10900.0 76.84795234738509
11200.0 78.64310495647233
11500.0 80.21769504922196
11800.0 79.18919570255868
12200.0 77.47901572010912
12500.0 76.43271499039231
12800.0 78.58507273127383
13200.0 78.3436437560878
13600.0 77.20204896629082
14000.0 80.20316654666436
14500.0 79.15251230802406
15000.0 75.20734469527395
15500.0 72.27246733368906
16000.0 71.68722297565608
16500.0 67.40903604141282
17000.0 67.1656040608484
17500.0 65.24190522516231
18000.0 53.22182230957944
18500.0 50.96481802292982
19000.0 50.94058682684141
19500.0 37.775243199426995
