Freq "Sound Power DI"
20.5078 35.6491779347696
21.9727 37.03370668818991
23.4375 33.20980384337244
24.9023 36.406537686153825
26.3672 35.31006603456055
27.832 36.12881078482681
29.2969 36.225859845578285
30.7617 36.611611699636
32.2266 36.66190230261115
33.6914 37.04051198348711
35.1562 37.16173088453871
36.6211 37.33231795577659
38.0859 37.66507057336115
39.5508 37.83374911896408
41.0156 38.00729912344353
42.4805 38.121605363329294
43.9453 38.28221885394886
45.4102 38.386470307834955
46.875 38.44612575005115
48.3398 38.49659442588464
51.2695 38.69974947371247
52.7344 38.79587377756617
54.1992 38.85300919265609
55.6641 38.903089953879615
58.5938 38.962768196253535
60.0586 39.013219779265924
62.9883 39.105371088788274
64.4531 39.14619255130616
67.3828 39.2408664821894
68.8477 39.27913957469495
71.7773 39.348414586482974
74.707 39.41569427610759
77.6367 39.47382838506235
79.1016 39.50019590580666
82.0312 39.568752406918975
84.9609 39.61654924404267
87.8906 39.62725781976678
90.8203 39.662845342076665
95.2148 39.697280975009264
98.1445 39.732062085948996
101.074 39.77159140944356
105.469 39.86733725906801
108.398 39.877308214075086
112.793 39.995133784120185
117.188 40.12040421849163
120.117 40.13550805926799
124.512 40.0873336300931
128.906 40.0197577048219
133.301 40.139874707962534
139.16 40.28340382328386
143.555 40.454561393839
147.949 40.540448979662784
153.809 40.42853929254629
159.668 40.35489123985754
165.527 40.584010466035906
171.387 40.75020322173347
177.246 40.52853732602489
183.105 40.693816542518476
188.965 40.812584381193886
196.289 40.71586758280522
203.613 40.76031840100964
210.938 41.13601452239023
218.262 40.969380208429556
225.586 40.984763721207344
232.91 41.631994705911794
241.699 42.68330053824117
250.488 42.09847927425713
259.277 41.27395326020773
268.066 41.35845674948473
276.855 40.98929683605256
287.109 41.52212799836052
297.363 41.70404416480429
307.617 41.46541210078739
319.336 42.99401851613658
329.59 41.76598572740977
341.309 41.61865430722035
353.027 41.78867050879303
366.211 42.760399218833896
379.395 42.6463274093381
392.578 42.62461776482169
405.762 42.76104395763443
420.41 42.76656275108691
435.059 42.80065283089162
451.172 42.59567642339894
465.82 43.7780524942051
483.398 43.37714327480903
499.512 43.25638977588376
517.09 43.49054068990648
536.133 43.63194340392613
555.176 43.684411639499174
574.219 43.860892047789804
594.727 43.61102589677523
615.234 43.97984716769177
637.207 44.08871630236038
659.18 44.33420576525978
682.617 44.10645124583314
707.52 44.323007932539156
732.422 44.4926680710723
757.324 44.92809684933785
785.156 45.10336462881965
811.523 44.897044877228666
840.82 45.27375570260624
870.117 45.433833301912955
900.879 45.01463054120627
933.105 45.15776302532794
965.332 45.65557096826835
1000.49 45.6113781381473
1035.64 45.35466824450398
1072.27 45.885440886729256
1108.89 45.72104207544902
1148.44 45.7550566500028
1189.45 45.80660658170447
1230.47 46.07899870481356
1274.41 46.0684984426733
1319.82 46.462594511562216
1366.7 46.4892920308598
1413.57 46.27980055211026
1463.38 46.478764742542495
1516.11 46.11349192527126
1568.85 46.39175041382907
1624.51 46.84702602314444
1681.64 47.39224841064163
1741.7 47.549033568616764
1803.22 47.60449255599244
1866.21 47.25510053513442
1932.13 47.31029745319779
1999.51 47.033860599223004
2069.82 46.77961198166727
2143.07 46.049754325971676
2219.24 45.43451000804163
2296.88 45.56304802678119
2378.91 45.48335478454911
2462.4 44.904833940881886
2548.83 44.32699118076758
2639.65 44.85626437195613
2731.93 44.90237873066181
2828.61 44.517535398623735
2928.22 44.97492348818351
3030.76 44.986847004910885
3137.7 45.2114937362517
3249.02 44.902550273307185
3363.28 45.42658715550591
3481.93 45.5517337774575
3604.98 45.720639493881166
3732.42 45.94296433117293
3864.26 45.90262093866308
4000.49 46.43631430424449
4141.11 46.540523478194615
4287.6 46.801707245880934
4438.48 47.125642544839664
4595.21 46.809467880803496
4756.35 47.03388618974418
4924.8 46.86740910770743
5097.66 47.065700617629034
5277.83 46.902568754776055
5463.87 47.07094068356612
5657.23 47.1579388961995
5856.45 47.0223837553976
6062.99 47.08234282458906
6276.86 46.85228826201369
6498.05 46.5373739311666
6726.56 46.743879004868035
6963.87 46.82301122562501
7209.96 46.96396635452359
7464.84 47.10543866636574
7727.05 47.10761359505564
7999.51 47.278407065347835
8282.23 47.37677120955307
8573.73 47.45750738000052
8876.95 47.620991055149815
9188.96 47.78139142030403
9514.16 47.844061619777335
9849.61 48.02240782420647
10196.8 48.18429824525664
10555.7 48.33038021587642
10927.7 48.51079349894263
11313.0 48.61565866538305
11712.9 48.69464116740892
12126.0 48.86324508779654
12553.7 48.943099800088305
12996.1 49.03155377321512
13454.6 49.14408618163205
13929.2 49.218022707962106
14419.9 49.286100974243084
14928.2 49.29810183331129
15455.6 49.454238967845
16000.5 49.81972153927151
16564.5 50.20636358739698
17148.9 50.41799236440316
17752.4 51.0931125313075
18379.4 51.51446392055384
19026.9 51.7950058437132
19697.8 51.957192324216024
19999.5 51.976868785862095
