Freq "Total Early Reflection"
22.4 -9.829266544601154
23.0 -10.699632833940115
23.6 -10.701251351301579
24.0 -10.316434629361595
25.0 -9.661926657215844
25.8 -8.77914304256663
26.5 -7.342585586162073
27.2 -4.935624846537991
28.0 -2.695682700928245
29.0 -0.3162832096057002
30.0 2.4179901383047877
30.7 5.169763559694246
31.5 8.450423634804707
32.5 12.65355981069834
33.5 13.440514534454763
34.5 16.126894238448955
35.5 18.698913055778604
36.5 19.958974723690773
37.5 24.26024157361408
38.7 29.290355423299985
40.0 28.37191749880148
41.2 27.52867135111555
42.5 28.147799159036623
43.7 31.985433661743258
45.0 30.913463757369612
46.2 33.567763958387474
47.5 32.567469249833124
48.7 34.311252881467624
50.0 33.51407617081688
51.5 34.37237260610715
53.0 34.68443344027068
54.5 36.258299552807586
56.0 38.379053051100186
58.0 40.778527472879716
60.0 43.17653718704398
61.5 44.997186218092764
63.0 46.833019874578355
65.0 48.67101572605219
67.0 50.5264534866611
69.0 52.22524404743909
71.0 53.74139534303501
73.0 55.227977422500786
75.0 56.7904709495113
77.5 58.20805684052847
80.0 59.52806012804241
82.5 60.708760113865
85.0 61.87697088150274
87.5 62.84132249210076
90.0 63.591524855994294
92.5 64.18727605930361
95.0 64.73512241407997
97.5 65.32024368859312
100.0 65.89642362417275
103.0 66.51069854861137
106.0 67.03751160543177
109.0 67.42242606158817
112.0 67.74609887755446
115.0 68.06731622895315
118.0 68.4084694773713
122.0 68.81650843189658
125.0 69.21045876638681
128.0 69.5266947269152
132.0 69.81166678183564
136.0 70.10282676920151
140.0 70.40179440789312
145.0 70.55073281378067
150.0 70.65267436426727
155.0 70.84047696892463
160.0 71.0949650310472
165.0 71.254818544545
170.0 71.23184791382997
175.0 71.22963712174355
180.0 71.30584600429665
185.0 71.30610458819493
190.0 71.05983241586597
195.0 70.9331383376897
200.0 70.92311057758636
206.0 70.66288971188803
212.0 70.49904772121604
218.0 70.50068313058519
224.0 70.41744563282046
230.0 70.39312920401619
236.0 70.64173119556246
240.0 70.66924852250234
250.0 70.79589136413452
258.0 71.02613973839127
265.0 71.02927313820297
272.0 71.08358636319994
280.0 71.05405525878251
290.0 71.07369767451233
300.0 71.11886902319148
307.0 71.19681620133991
315.0 71.3593371498036
325.0 71.4513116699383
335.0 71.45196456288406
345.0 71.23183467494115
355.0 71.1917031927169
365.0 71.20606089637218
375.0 71.22263037166223
387.0 71.09241076966171
400.0 70.87647821479071
412.0 70.61289340134167
425.0 70.47559558149773
437.0 70.47960029132099
450.0 70.50835886084403
462.0 70.50881657323553
475.0 70.62616244367761
487.0 70.6533413924501
500.0 70.35694700931472
515.0 70.1175853489104
530.0 69.98251514206245
545.0 69.89699546974738
560.0 69.83497878713625
580.0 70.22427001888059
600.0 70.6886858915581
615.0 70.8551363636183
630.0 70.63237928145159
650.0 70.47668051054225
670.0 70.3527893371332
690.0 70.16139184331271
710.0 70.04413845944545
730.0 69.97399854209957
750.0 69.87360873981046
775.0 69.8126668271421
800.0 70.12082196188479
825.0 70.33726574078298
850.0 70.17216458002568
875.0 70.08532583618691
900.0 70.40239457379556
925.0 70.4090786166588
950.0 70.8502693957794
975.0 71.08281242808859
1000.0 71.2728008958365
1030.0 71.81046684991861
1060.0 71.57062573603491
1090.0 71.34014397105065
1120.0 71.44011654832619
1150.0 71.22419549954449
1180.0 71.067098164339
1220.0 70.86047173348052
1250.0 70.85320588121618
1280.0 70.73395933108496
1320.0 70.39593198053254
1360.0 70.45744760803284
1400.0 70.02820883833887
1450.0 70.07078767293588
1500.0 69.86550488065309
1550.0 69.55396241734537
1600.0 69.30316075628492
1650.0 68.63984881105446
1700.0 68.53764192068373
1750.0 68.76201468034292
1800.0 68.68662077334326
1850.0 68.67420273946254
1900.0 68.40548191153937
1950.0 68.4454581657443
2000.0 68.32079127236095
2060.0 68.28383513005491
2120.0 67.95638902039401
2180.0 67.92365324953467
2240.0 68.30379870379085
2300.0 68.70198490680295
2360.0 68.62620130706419
2400.0 68.47872078824666
2500.0 68.71208371414966
2580.0 68.26359659201036
2650.0 67.77240719864811
2720.0 67.4750853947209
2800.0 67.49081384687395
2900.0 67.37319867303323
3000.0 67.50200575631587
3070.0 68.31400972266334
3150.0 68.59942659827556
3250.0 69.19952545967703
3350.0 69.28271826089983
3450.0 69.44024737403898
3550.0 69.44607806907536
3650.0 69.1639015511729
3750.0 69.04820421835201
3870.0 69.0642769085654
4000.0 69.35048403718588
4120.0 69.63323359413697
4250.0 69.90900321343385
4370.0 69.33885449328078
4500.0 69.14592176667963
4620.0 68.8019026728431
4750.0 68.65022013388848
4870.0 68.93655585431793
5000.0 69.28162594207679
5150.0 69.19343467381982
5300.0 68.83147640846062
5450.0 68.342026313064
5600.0 68.33190888381543
5800.0 68.69501638894533
6000.0 69.19568430892278
6150.0 69.3208911410722
6300.0 69.23611550919648
6500.0 69.06238476972834
6700.0 69.02465617834252
6900.0 69.10534865162188
7100.0 69.12232955451545
7300.0 69.26104619205017
7500.0 69.05654661393157
7750.0 69.03556370316869
8000.0 69.53446154552745
8250.0 70.06278467131906
8500.0 70.75189332013599
8750.0 70.78341350984981
9000.0 70.55664328253505
9250.0 69.63521864100618
9500.0 69.44770489966902
9750.0 69.69578519940943
10000.0 70.66247602707682
10300.0 70.487353950902
10600.0 69.87737196800853
10900.0 69.44762111550997
11200.0 69.0460187403765
11500.0 68.82160839925203
11800.0 69.21991186640898
12200.0 68.5158738806412
12500.0 67.56608552100761
12800.0 67.14693301683428
13200.0 68.3059146200371
13600.0 69.42421115454333
14000.0 68.7637387728715
14500.0 68.75087851182113
15000.0 69.81835296411339
15500.0 70.26392128011854
16000.0 70.10308814376344
16500.0 68.62035271039429
17000.0 68.22419126398377
17500.0 68.20505637655486
18000.0 67.93970505984075
18500.0 66.4195325771519
19000.0 64.63802347564521
19500.0 63.57163300124972
