Freq "Early Reflections"
22.4 19.52624718279276
23.0 21.094857345620653
23.6 22.6605458501586
24.0 24.19010304624223
25.0 25.725277547341506
25.8 27.3036595981948
26.5 28.964563216666477
27.2 30.637194544561936
28.0 32.28265265240009
29.0 33.86054585015859
30.0 35.28265265240009
30.7 36.544176182808854
31.5 37.56456321666647
32.5 38.33131759669604
33.5 38.866470003246405
34.5 39.23719454456193
35.5 39.52527754734149
36.5 39.789147564942795
37.5 40.065486927740466
38.7 40.449081513478205
40.0 40.96552412144953
41.2 41.69485734562065
42.5 42.57056370894858
43.7 43.5645632166665
45.0 44.590103046242234
46.2 45.6279353081857
47.5 46.590103046242234
48.7 47.43719454456192
50.0 48.12527754734148
51.5 48.589147564942806
53.0 48.90463407170648
54.5 49.15168760192442
56.0 49.370563708948595
58.0 49.67965439962882
60.0 50.11204688341299
61.5 50.7705637089486
63.0 51.70657217985604
65.0 52.99583379596962
67.0 54.5566068865286
69.0 56.3178873033971
71.0 58.19010304624224
73.0 60.0874151103837
75.0 61.96456321666649
77.5 63.70365959819479
80.0 65.22596177939802
82.5 66.49010304624223
85.0 67.51109621827743
87.5 68.29104833037714
90.0 68.89848434751868
92.5 69.32193552484487
95.0 69.65045579353666
97.5 69.88220094779832
100.0 70.02596177939803
103.0 70.15663876229486
106.0 70.24109645058358
109.0 70.31377407924731
112.0 70.37856563624776
115.0 70.42295490638531
118.0 70.433743507579
122.0 70.45655648635288
125.0 70.48431477662055
128.0 70.52443373515051
132.0 70.55221184810397
136.0 70.58743268010863
140.0 70.64485437836944
145.0 70.73834393531565
150.0 70.8318039217419
155.0 70.97630748420403
160.0 71.13201885796552
165.0 71.33812778519446
170.0 71.53215097457637
175.0 71.78001533636126
180.0 71.96444499795797
185.0 72.11921146215782
190.0 72.24717706698625
195.0 72.2772065473779
200.0 72.23246398854859
206.0 72.07960494379013
212.0 71.8515216935497
218.0 71.56055597971626
224.0 71.22692053753161
230.0 70.86614717943777
236.0 70.51078443647637
240.0 70.19306780327855
250.0 69.91130058418952
258.0 69.69554822137763
265.0 69.54993043929889
272.0 69.44782745642281
280.0 69.39717891362794
290.0 69.37912153544963
300.0 69.36472859712211
307.0 69.369053589688
315.0 69.36358651578009
325.0 69.31827683653736
335.0 69.25889132220969
345.0 69.21469788998797
355.0 69.11815314174815
365.0 69.04333363911309
375.0 68.97068471643753
387.0 68.91742376962225
400.0 68.8735671891232
412.0 68.85632885369267
425.0 68.85273987595465
437.0 68.87763772129459
450.0 68.86858135967091
462.0 68.86820037059672
475.0 68.85514042173757
487.0 68.82194751007985
500.0 68.73978153250191
515.0 68.63249439670264
530.0 68.50282314270402
545.0 68.3347611602913
560.0 68.19234335519836
580.0 68.05820116857885
600.0 67.94538547102431
615.0 67.86058258019938
630.0 67.82906207490751
650.0 67.86521724354799
670.0 67.97393029703926
690.0 68.10869037231319
710.0 68.25948927525302
730.0 68.39920187342764
750.0 68.5415136623529
775.0 68.62138686883833
800.0 68.6618502681462
825.0 68.60213191855193
850.0 68.45005367737866
875.0 68.26492530792284
900.0 68.04536937185699
925.0 67.78774948805004
950.0 67.54433006693753
975.0 67.30954690964349
1000.0 67.13196012473341
1030.0 67.00849021294947
1060.0 66.92355558142114
1090.0 66.87913182126634
1120.0 66.83485329544723
1150.0 66.8067280817836
1180.0 66.764954260268
1220.0 66.66864828765756
1250.0 66.53602229806846
1280.0 66.33802755480386
1320.0 66.08081362146204
1360.0 65.79643417203621
1400.0 65.50401814803675
1450.0 65.25154758331658
1500.0 64.99870199333226
1550.0 64.79907052777386
1600.0 64.66889773329858
1650.0 64.60250177960863
1700.0 64.58779265985581
1750.0 64.60869710021157
1800.0 64.67367425540937
1850.0 64.76744132732392
1900.0 64.84946466485667
1950.0 64.92681841600069
2000.0 64.99736257175226
2060.0 65.02239497122726
2120.0 65.03419391404782
2180.0 65.02367382546308
2240.0 64.99185620982057
2300.0 64.98973172319262
2360.0 64.96546253397852
2400.0 64.95968719793308
2500.0 64.92666438446133
2580.0 64.9252789067853
2650.0 64.90866556366896
2720.0 64.91067629468986
2800.0 64.89745704071358
2900.0 64.90934868419122
3000.0 64.91058393814777
3070.0 64.90159387682374
3150.0 64.88024873963818
3250.0 64.80619904087456
3350.0 64.712619473739
3450.0 64.59146354758269
3550.0 64.48264675463315
3650.0 64.38469006361724
3750.0 64.29402532416516
3870.0 64.15820001208259
4000.0 64.04901776035383
4120.0 63.93468311359044
4250.0 63.80372942375217
4370.0 63.66823934075484
4500.0 63.57379317849136
4620.0 63.46887331719944
4750.0 63.42947998456245
4870.0 63.41457057036496
5000.0 63.394844106230096
5150.0 63.463071728088266
5300.0 63.52139320505097
5450.0 63.61754255622964
5600.0 63.72081284083535
5800.0 63.831388061018544
6000.0 63.91229517305999
6150.0 63.95798355662426
6300.0 63.95462761780378
6500.0 63.85505718547009
6700.0 63.694528741786584
6900.0 63.477821129203974
7100.0 63.240196628263845
7300.0 62.95430160335911
7500.0 62.67603865670333
7750.0 62.404619288820314
8000.0 62.13259767575278
8250.0 61.92485174065641
8500.0 61.73935166983479
8750.0 61.5913855688225
9000.0 61.459844172581285
9250.0 61.343632446526556
9500.0 61.23922408173971
9750.0 61.13640141599873
10000.0 61.03016213017891
10300.0 60.920800265560274
10600.0 60.8217855197594
10900.0 60.75076774117261
11200.0 60.654115062518585
11500.0 60.6673191094678
11800.0 60.71379946266332
12200.0 60.809788176479174
12500.0 61.027749722852235
12800.0 61.273297561235836
13200.0 61.62108822502081
13600.0 61.96320792824234
14000.0 62.320610710474995
14500.0 62.620292094892264
15000.0 62.78017715327192
15500.0 62.83154910792432
16000.0 62.74833834145893
16500.0 62.47088064952874
17000.0 62.027766813747974
17500.0 61.43014836738257
18000.0 60.74225420067988
18500.0 60.02799199937253
19000.0 59.24206645434121
19500.0 58.473299598281784
