Freq "Ceiling Bounce"
22.4 7.235130591779836
23.0 4.265888460596869
23.6 3.2658884605968694
24.0 8.471508007869375
25.0 11.8030695710425
25.8 9.00076749445563
26.5 9.066921851160487
27.2 10.334351408685052
28.0 14.234351408685
29.0 17.0
30.0 19.366921851160498
30.7 22.400000000000006
31.5 25.03358982687996
32.5 27.46692185116052
33.5 30.300767494455613
34.5 32.100767494455624
35.5 34.133589826879984
36.5 36.90076749445561
37.5 39.0007674944556
38.7 40.50076749445563
40.0 42.5007674944556
41.2 44.23358982687998
42.5 45.83358982687997
43.7 47.90076749445562
45.0 49.40076749445562
46.2 51.30076749445561
47.5 53.10076749445561
48.7 54.63513059177984
50.0 56.60076749445561
51.5 58.600767494455624
53.0 60.43513059177984
54.5 62.168450838054326
56.0 63.70076749445562
58.0 65.16845083805433
60.0 66.40076749445561
61.5 67.36845083805434
63.0 68.10076749445561
65.0 68.63513059177981
67.0 68.90076749445561
69.0 68.83513059177983
71.0 68.60076749445562
73.0 68.33513059177983
75.0 68.10076749445561
77.5 67.93513059177984
80.0 67.83513059177983
82.5 67.83513059177983
85.0 67.83513059177983
87.5 67.86845083805433
90.0 67.93513059177984
92.5 68.06845083805432
95.0 68.13513059177983
97.5 68.20306957104252
100.0 68.23513059177984
103.0 68.33513059177983
106.0 68.50306957104253
109.0 68.60306957104252
112.0 68.60306957104252
115.0 68.60306957104252
118.0 68.60306957104252
122.0 68.33821129888743
125.0 68.03821129888743
128.0 67.83821129888742
132.0 67.80306957104253
136.0 67.87150800786937
140.0 68.00306957104252
145.0 68.10690501035458
150.0 68.10690501035458
155.0 68.10690501035458
160.0 67.90690501035459
165.0 67.74283030471975
170.0 67.6760917544922
175.0 67.7069050103546
180.0 67.54283030471973
185.0 67.21227178315618
190.0 66.94283030471975
195.0 66.54898514879551
200.0 66.8489851487955
206.0 67.0489851487955
212.0 66.98219967332307
218.0 67.0122717831562
224.0 66.68219967332305
230.0 66.41916705502754
236.0 66.41916705502754
240.0 66.48982856673473
250.0 66.82758719283594
258.0 67.15667255930049
265.0 67.12758719283593
272.0 67.02758719283594
280.0 66.76588846059688
290.0 66.43752777300027
300.0 66.24898359150842
307.0 65.87662798253905
315.0 65.48888547155003
325.0 65.03546263134683
335.0 65.13469773360899
345.0 65.592378988098
355.0 65.65062128010364
365.0 65.39237898809802
375.0 65.39237898809802
387.0 65.2672655885961
400.0 65.00982855556757
412.0 64.62875610128313
425.0 64.50497668676807
437.0 64.2491520399883
450.0 64.07100612011482
462.0 64.07100612011482
475.0 64.04852015458805
487.0 63.697809843818575
500.0 63.47695775614915
515.0 63.052749942143606
530.0 62.48230649956842
545.0 62.09472217650472
560.0 61.41411392837598
580.0 60.826804265156085
600.0 60.153152979242094
615.0 59.619032343648
630.0 60.665039375907526
650.0 62.57641629732153
670.0 64.4179278976485
690.0 65.17100612011481
710.0 65.37245249207645
730.0 65.00432912249858
750.0 64.82457993687898
775.0 64.5844476236301
800.0 64.38230649956841
825.0 63.62756634145693
850.0 62.94465953615895
875.0 62.695332570149844
900.0 62.70252973822758
925.0 62.65684436552907
950.0 62.5816538778036
975.0 62.45299799878154
1000.0 62.668821435148516
1030.0 62.98859177923461
1060.0 62.29193280811249
1090.0 61.34707489675645
1120.0 61.04882433806492
1150.0 60.860913642107846
1180.0 59.866732107611455
1220.0 57.386129583525985
1250.0 53.41667054520437
1280.0 50.416648669852904
1320.0 51.14610334316876
1360.0 53.12869245367796
1400.0 53.55005982411261
1450.0 52.05466921816178
1500.0 49.40061593718842
1550.0 47.77266776373736
1600.0 48.34142122357895
1650.0 49.915556654875445
1700.0 52.27985234006252
1750.0 54.79136016184577
1800.0 55.63833499684071
1850.0 55.79431032499558
1900.0 56.40566507474114
1950.0 57.03204493459819
2000.0 57.68880826748325
2060.0 57.7931413362611
2120.0 57.51509780819512
2180.0 57.899945245417555
2240.0 57.91835238013434
2300.0 58.61109008146771
2360.0 58.987599236842186
2400.0 59.972446606786036
2500.0 61.5376990747845
2580.0 62.53921320342698
2650.0 63.30378614698745
2720.0 64.08538710465899
2800.0 64.97001488257477
2900.0 65.47928732607433
3000.0 65.56194867563765
3070.0 65.73921161314462
3150.0 65.77035193787354
3250.0 65.7491520399883
3350.0 65.60784363371621
3450.0 65.55295536787779
3550.0 65.73999927958744
3650.0 65.76503937590752
3750.0 65.86338775251363
3870.0 65.8434703902935
4000.0 66.02389224424518
4120.0 66.13510550729974
4250.0 66.59691915590437
4370.0 66.94066681957173
4500.0 66.58564440517112
4620.0 65.97882682230878
4750.0 65.42429736591518
4870.0 65.1491520399883
5000.0 64.97244660678604
5150.0 65.0377673428554
5300.0 64.78064061661162
5450.0 64.43546091849048
5600.0 64.33469773360899
5800.0 64.40982855556756
6000.0 64.72812233674836
6150.0 64.71458026313016
6300.0 64.67757950460712
6500.0 64.60034112939827
6700.0 64.69257011413609
6900.0 64.72875610128315
7100.0 64.66136837622764
7300.0 64.50409483010014
7500.0 64.38367895591848
7750.0 64.68143621591467
8000.0 65.20901938276998
8250.0 65.16157116782159
8500.0 65.17461960007611
8750.0 65.20378614698744
9000.0 65.17461960007611
9250.0 65.11152699540307
9500.0 65.09257377748327
9750.0 64.65571581414376
10000.0 64.09742480089824
10300.0 63.26137189992221
10600.0 62.33162277988926
10900.0 62.54264053902358
11200.0 61.10833704711783
11500.0 59.95623495782837
11800.0 60.34010271092208
12200.0 61.230121772216535
12500.0 60.15218761292407
12800.0 59.032099199483724
13200.0 59.3223915743246
13600.0 59.664233149513294
14000.0 60.319032343648004
14500.0 59.95632382767522
15000.0 59.58165387780359
15500.0 58.179852340062524
16000.0 54.90222301168453
16500.0 54.137802664306975
17000.0 53.622476499655676
17500.0 53.733411397881284
18000.0 53.40870389637976
18500.0 52.24752518744492
19000.0 51.35864068487882
19500.0 52.294846644554596
