Freq "Rear Wall Bounce"
20.1416 64.20172353830961
20.5078 65.7484184411291
21.2402 67.69756793931558
21.9727 69.28559028281143
22.7051 70.20915993488569
23.8037 72.47018823658809
24.5361 73.84511188833417
25.2686 74.60653888084647
26.3672 75.46102953228366
27.0996 76.05078395165452
28.1982 76.90528600810448
29.2969 77.74226512284966
30.0293 78.44914589170861
31.1279 79.04562524857343
32.2266 78.87961297188869
33.3252 79.31550990678849
34.79 80.13277631578191
35.8887 80.22200304492804
36.9873 80.49136651428529
38.4521 81.48564866543182
39.917 82.37392643277806
41.3818 82.64983288992846
42.8467 83.37137714034724
44.3115 83.904074043451
45.7764 84.19974274900336
47.2412 84.64522763165925
49.0723 85.36075271505459
50.9033 85.87728711864798
52.7344 86.08903662824278
54.5654 86.11657585376942
56.3965 86.29298998752952
58.2275 86.32039982581374
60.4248 86.61492134066505
62.6221 86.71887417998795
64.8193 86.80212978612671
67.0166 86.89101185492935
69.2139 86.94580431939029
71.7773 87.02951872523646
74.3408 87.16801632051141
76.9043 87.16252159955508
79.834 87.08232598705487
82.3975 87.11455234194656
85.3271 87.22004485804729
88.2568 87.25306571504372
91.5527 87.00718005907906
94.8486 87.13247998816095
98.1445 87.10889197430964
101.44 86.7617559727618
105.103 86.67085856549363
108.765 86.43018008974668
112.793 86.39358372674667
116.455 86.1540845916097
120.85 85.89029561426909
124.878 85.77066494692664
129.272 85.68180543752186
134.033 85.77247111089835
138.794 86.10760602729437
143.555 85.91228089919213
148.682 86.0877010260823
153.809 86.29229800143865
159.302 86.55856903078146
164.795 86.75830275041488
170.654 86.86484026274815
176.88 87.0946772348795
183.105 87.15859308039703
189.331 86.85883152191151
196.289 86.37960631119213
202.881 85.99591594331707
210.205 85.51227172339449
217.529 85.31125457559686
225.22 84.70484933720014
233.276 84.0460749475106
241.333 84.00178949659984
250.122 83.53414740767923
258.911 83.25081810425098
268.066 83.54049290273463
277.222 82.75517538092946
287.109 82.5365196234912
297.363 81.92300874209167
307.617 81.62407132377308
318.604 80.93273344591535
329.956 80.6423743653335
341.675 78.8380109039473
353.394 78.5562792797847
365.845 79.32572930743807
379.028 79.44829138355891
392.212 79.43010384768793
406.128 80.78237629471487
420.41 78.92162397998572
435.425 78.4590762729714
450.806 79.92538400037122
466.553 79.9009546765586
483.032 77.98338779461473
499.878 78.2692729955525
517.456 77.45673627892259
535.767 77.46516500509973
554.81 76.80102009116234
574.219 77.97814783322761
594.727 76.53500974788992
615.601 77.43503351532193
637.207 77.11445585628238
659.912 78.06962649456369
682.983 78.84607319033061
707.153 76.80117926734059
732.056 77.16241474020474
757.69 76.3975543358934
784.424 76.48401962846515
812.256 74.83206471449336
840.82 76.58135373971693
870.483 79.44952396855945
901.245 77.05654072509401
933.105 74.63762127624412
966.064 74.88732104334488
1000.12 76.93926770460786
1035.28 75.07626073156959
1071.9 74.62242524695863
1109.62 75.660928597495
1148.8 76.81924830536056
1189.09 77.91473129533007
1231.2 77.65345774201619
1274.41 75.77803117791476
1319.46 74.86621248589746
1365.97 73.35663368797607
1414.31 72.10033356366566
1464.11 71.46066745919137
1515.75 71.27678122490734
1569.21 71.82357592428643
1624.51 74.3247313068035
1681.64 70.47795230011695
1740.97 71.57831285562935
1802.49 71.40507985035393
1866.21 71.22519088942217
1931.76 72.22051211060104
1999.88 73.13568943987377
2070.56 74.87778037860951
2143.43 76.02730232296578
2219.24 76.71456751214077
2297.24 76.33357426064018
2378.54 75.62830921995062
2462.4 74.80258303345802
2549.19 72.35663900259485
2638.92 69.39842574995072
2731.93 72.5354985499921
2828.25 74.60681889224273
2928.22 74.81092658599914
3031.49 74.60671104481261
3138.43 73.78098784290613
3249.02 72.68983868106416
3363.65 70.83958853781238
3482.3 70.31772409590384
3604.98 71.26251904360156
3732.06 71.7946204458308
3863.89 73.71315149734448
4000.12 73.67404097232435
4141.11 72.21703375920734
4287.23 70.44781132848007
4438.11 71.26245266824829
4594.85 71.62531164813525
4756.71 70.65052268298825
4924.44 66.61252569412038
5098.39 64.01219275269045
5278.2 66.20509303052046
5464.23 68.73744244055689
5656.86 68.8581107362244
5856.45 65.8504396947102
6062.99 63.90407647806559
6276.86 66.41563495569186
6498.05 67.59449876048113
6727.29 66.76634067756609
6964.23 65.67918936140741
7209.96 65.10738445284724
7464.11 65.56481211931772
7727.42 64.56781596002554
7999.88 64.18434058656598
8282.23 66.4155629345405
8574.1 66.73128344074256
8876.59 67.78253174735123
9189.7 67.35344402877126
9513.79 66.12730933347112
9849.24 67.70616018132517
10196.4 67.9491793768918
10556.0 66.4288499763352
10928.5 66.361934972277
11313.7 67.78211638125283
11712.5 67.70485334593643
12125.6 69.12380620946952
12553.3 72.51620323551303
12996.1 73.26324126250367
13454.2 71.18837254313488
13928.8 68.90049528677713
14419.9 68.23993688370288
14928.6 66.88271658437114
15454.8 64.9553557202197
16000.1 61.31929174852661
16564.1 58.398607022673986
17148.2 59.65547193360993
17753.2 59.996408177544225
18379.0 57.974280545971
19027.2 55.64963195137486
19698.5 55.73742248333616
19999.9 56.965886849722494
