Freq "Listening Window"
20.5078 75.48653248877662
21.9727 77.69589741691111
23.4375 79.41318711962245
24.9023 80.94460640149393
26.3672 82.26185743334858
27.832 83.51411248496453
29.2969 84.57475286578897
30.7617 85.37542028072329
32.2266 85.86617470167286
33.6914 86.06401183217791
35.1562 86.0287121861382
36.6211 85.9293019314585
38.0859 85.8749788385412
39.5508 85.71546662787006
41.0156 85.5445296450053
42.4805 85.49528653073003
43.9453 85.37641639002504
45.4102 85.2705924038188
46.875 85.18390212935093
48.3398 85.09675300534481
51.2695 85.08595537143864
52.7344 85.122737020797
54.1992 85.11881975229178
55.6641 85.16933367185727
58.5938 85.34643455121878
60.0586 85.41717118680182
62.9883 85.60928284138105
64.4531 85.69136712983152
67.3828 85.76863590109801
68.8477 85.80368706202867
71.7773 85.81379039096895
74.707 85.94522179400025
77.6367 86.09159299595095
79.1016 86.02613263473394
82.0312 85.8870228449541
84.9609 85.97252916016333
87.8906 86.17069356319402
90.8203 85.88431449241588
95.2148 85.68036095580413
98.1445 85.76002354206466
101.074 85.51393364522698
105.469 85.24256643306825
108.398 85.47169020581967
112.793 85.45443897050241
117.188 85.51911675586693
120.117 85.66691948208273
124.512 85.76595147387107
128.906 85.82953295203905
133.301 85.88302879092939
139.16 85.89778420283848
143.555 85.86302168767936
147.949 85.81152675040995
153.809 85.71300620090035
159.668 85.68703072964519
165.527 85.55135526499204
171.387 85.42723274834799
177.246 85.22362907524925
183.105 85.04240894335445
188.965 85.05908429999488
196.289 85.15289688472103
203.613 85.17962277511704
210.938 85.13325282473139
218.262 84.96915491294259
225.586 85.06447411754932
232.91 84.99528490598237
241.699 85.00565996905051
250.488 85.1320506459003
259.277 85.04304572102247
268.066 85.08572645509457
276.855 84.85302188518179
287.109 84.97327793156171
297.363 85.05675666470447
307.617 84.96953465611529
319.336 85.01886431802816
329.59 84.82827681511816
341.309 84.83796083595908
353.027 84.80753237236658
366.211 85.05615042004737
379.395 84.90780584136046
392.578 84.77220671128879
405.762 84.63955921399005
420.41 84.72191998899689
435.059 85.01830872349267
451.172 85.45102575927808
465.82 85.40790724947024
483.398 85.59440431743714
499.512 85.72803079398193
517.09 85.38356016512856
536.133 85.69933355322723
555.176 85.7164961426246
574.219 85.81579337521852
594.727 85.58226606677746
615.234 85.72875016671502
637.207 86.08662224955062
659.18 85.90033994273006
682.617 86.1333283785209
707.52 86.202118003159
732.422 85.9507841744186
757.324 85.86533527635163
785.156 85.66829726531691
811.523 85.27939707774455
840.82 85.27640056700409
870.117 84.90170412434769
900.879 84.8571356494346
933.105 86.04394259527949
965.332 86.23066342019231
1000.49 85.5307394119851
1035.64 84.76549228893792
1072.27 84.49023357137435
1108.89 84.18479492531975
1148.44 84.16169989387767
1189.45 84.35057998599383
1230.47 84.13625919733428
1274.41 83.98647216764708
1319.82 83.88646964465525
1366.7 83.61260231070014
1413.57 83.7546864551586
1463.38 84.09238772895007
1516.11 84.22682667257362
1568.85 83.95310847728467
1624.51 83.4241851936626
1681.64 83.26730476445152
1741.7 84.07360600869089
1803.22 84.74596081355145
1866.21 84.59860300211938
1932.13 83.97274939350532
1999.51 84.68175003521313
2069.82 84.87071000464698
2143.07 84.04313506081442
2219.24 83.82580007356893
2296.88 84.5564830005744
2378.91 84.623682094326
2462.4 83.98614471917642
2548.83 85.3721570920472
2639.65 85.68486824100097
2731.93 84.60703292835227
2828.61 84.42886922760877
2928.22 84.68582294031683
3030.76 84.67419739323847
3137.7 84.62995393955764
3249.02 85.15166377630402
3363.28 85.04610512623478
3481.93 84.7145909839761
3604.98 84.42482579066507
3732.42 84.82215892728993
3864.26 84.34061501927756
4000.49 85.14161945988978
4141.11 85.06429814693331
4287.6 85.3788401124936
4438.48 85.53610832213514
4595.21 85.88683498294847
4756.35 85.38078253886277
4924.8 84.65520109801975
5097.66 85.37709267583415
5277.83 84.66173463719208
5463.87 83.9580245702083
5657.23 82.32991253230146
5856.45 81.81577418230054
6062.99 82.14765847229735
6276.86 82.95798680396038
6498.05 83.02658974836152
6726.56 82.63198180101276
6963.87 82.96284291877552
7209.96 82.73830398720168
7464.84 82.45889413060422
7727.05 83.37944465101832
7999.51 84.3619253809326
8282.23 84.71413180592353
8573.73 84.4690225765388
8876.95 84.10216450496944
9188.96 84.1968040455277
9514.16 84.44453810931769
9849.61 84.64194995671556
10196.8 84.59900113350707
10555.7 84.55177326149581
10927.7 84.49118038350554
11313.0 84.39448697215623
11712.9 84.31324954454031
12126.0 84.21152346564772
12553.7 84.31497862029202
12996.1 84.99575322043273
13454.6 85.3186789596256
13929.2 84.58925080545637
14419.9 83.6484286539195
14928.2 82.97944216566619
15455.6 83.16987595354554
16000.5 83.58584414542993
16564.5 83.78629285129456
17148.9 83.82456572085778
17752.4 83.32284807424551
18379.4 82.36286942487615
19026.9 81.15241855780926
19697.8 79.1686730429058
19999.5 78.52245045849124
