Freq "Listening Window"
20.5078 47.02848880225453
21.9727 45.83382118979655
23.4375 45.66679194282203
24.9023 43.85353607113858
26.3672 42.479588016014375
27.832 42.823244627646076
29.2969 43.26040048274059
30.7617 44.00441518411385
32.2266 43.7266643326832
33.6914 44.52701535811197
35.1562 44.40741154214537
36.6211 45.262676926031034
38.0859 46.08960369759781
39.5508 47.290930789515485
41.0156 48.74964037241121
42.4805 50.379653266421556
43.9453 52.05120125170187
45.4102 54.22446707616918
46.875 56.13648290642175
48.3398 58.06901950246481
51.2695 61.59467031966609
52.7344 63.12074801696096
54.1992 64.52835049587468
55.6641 65.82783067324795
58.5938 68.0063441915505
60.0586 68.90028957332453
62.9883 70.56549858314455
64.4531 71.36589598183996
67.3828 72.59542756249785
68.8477 73.04129817213807
71.7773 73.61878401823098
74.707 73.79273474703022
77.6367 73.79196299078242
79.1016 74.28535772342211
82.0312 74.11305213114419
84.9609 74.05024642786287
87.8906 74.03497902704544
90.8203 74.03239382979338
95.2148 74.00999015309738
98.1445 74.06652628213463
101.074 74.10741993738966
105.469 74.32218036414025
108.398 74.50722609178376
112.793 74.88644422819519
117.188 75.27623984095955
120.117 75.66617909538205
124.512 76.07349142812238
128.906 76.44873696609793
133.301 76.77788256522922
139.16 77.0181220321679
143.555 77.10507179164193
147.949 77.2498907967907
153.809 77.3597648031029
159.668 77.37600519801886
165.527 77.25378771958266
171.387 77.33830529063762
177.246 77.1940527458684
183.105 77.20547090752694
188.965 77.23088133855106
196.289 77.11389714878413
203.613 77.01800820392877
210.938 77.04133359469125
218.262 77.0591674326589
225.586 76.96043670062188
232.91 76.87085333194499
241.699 76.8476702170941
250.488 76.93548237715707
259.277 77.23960484898127
268.066 77.15596003061688
276.855 77.2317611786726
287.109 77.3298751452445
297.363 77.602586701838
307.617 77.52555797515409
319.336 77.58631861197945
329.59 77.60657691083264
341.309 78.01399389368568
353.027 77.93228009806056
366.211 77.92566390987123
379.395 77.51194396033624
392.578 77.20256927225482
405.762 76.72865988879947
420.41 77.49973473362725
435.059 77.7845573044121
451.172 77.6247877719373
465.82 77.73445231817367
483.398 77.88735421844372
499.512 77.93558822735085
517.09 77.8368098544099
536.133 77.88444117347485
555.176 77.99802915977324
574.219 78.7149567922135
594.727 79.37255843227148
615.234 78.91048683147486
637.207 79.01387256469549
659.18 78.3996338570813
682.617 77.86524750449338
707.52 77.74036047880593
732.422 76.86626104183587
757.324 76.04980194833024
785.156 75.63425944137967
811.523 74.91835541857948
840.82 76.0499443515507
870.117 76.68195642566361
900.879 76.62528444038561
933.105 76.39438454358124
965.332 76.4237804245748
1000.49 76.33661750214698
1035.64 76.62149117876838
1072.27 78.26693293473743
1108.89 78.67170016126825
1148.44 78.45336081278818
1189.45 78.25144389519778
1230.47 77.9590220630675
1274.41 77.3298234551623
1319.82 76.98290834895035
1366.7 76.61923079730505
1413.57 76.76280274498338
1463.38 76.83218962125875
1516.11 76.84656420136504
1568.85 77.34076011315604
1624.51 77.56366681860008
1681.64 77.86635456188574
1741.7 77.14845791998655
1803.22 77.10118914974316
1866.21 77.26553911704592
1932.13 76.42971891952423
1999.51 76.2787908738616
2069.82 76.86800201024809
2143.07 77.1673895182256
2219.24 77.1219971533705
2296.88 76.44556239470391
2378.91 77.15700048587678
2462.4 76.80809623820073
2548.83 76.14982423415768
2639.65 76.08285561172313
2731.93 75.63564200873917
2828.61 75.14526960754486
2928.22 74.6051835253969
3030.76 74.45300810644808
3137.7 73.82991781214146
3249.02 73.65336079114523
3363.28 73.52939180255217
3481.93 74.75186318960546
3604.98 75.54293301939181
3732.42 76.46976738274287
3864.26 75.907610100377
4000.49 75.98637925689106
4141.11 75.69148638334822
4287.6 75.5210127014653
4438.48 75.38801569033922
4595.21 75.46923627913527
4756.35 75.64845332921688
4924.8 75.31146073135154
5097.66 75.65123455949437
5277.83 75.55789784535332
5463.87 75.75122642701795
5657.23 75.37783277309784
5856.45 75.17918272418513
6062.99 75.04940612654039
6276.86 74.88789800250157
6498.05 74.94968311254759
6726.56 75.0802159157488
6963.87 75.26094169098779
7209.96 75.61935172306595
7464.84 76.12238337482137
7727.05 76.45625238414195
7999.51 76.73925152597559
8282.23 76.8768823330695
8573.73 76.89016031519178
8876.95 76.93349966801503
9188.96 76.9904740213471
9514.16 77.12243596583653
9849.61 77.26185765569791
10196.8 77.4497292192778
10555.7 77.77278452596633
10927.7 78.34307426049538
11313.0 78.89621793406972
11712.9 79.42036179941908
12126.0 79.69399443800845
12553.7 79.94571792990719
12996.1 80.29871120091867
13454.6 80.45478962422179
13929.2 79.94752273853261
14419.9 79.23621729788722
14928.2 78.46843155056273
15455.6 77.45420237593683
16000.5 76.58086006572127
16564.5 76.37546444403426
17148.9 77.29997448932845
17752.4 77.66848939790293
18379.4 78.04608207185997
19026.9 78.92170299547509
19697.8 79.82613469777004
19999.5 79.88391530523813
