Freq "Front Wall Bounce"
20.5078 66.0446382560164
21.2402 66.625886470276
21.9727 68.2352395145789
22.7051 68.09813143282116
23.4375 69.65167927151052
24.1699 70.06842777143605
25.6348 71.71178563777131
26.3672 72.29540316087376
27.0996 73.08519648801781
27.832 73.5894784272299
29.2969 74.969425756827
30.0293 75.57503753892412
31.4941 76.87565684318459
32.2266 77.35518031753458
33.6914 78.2764283677291
34.4238 78.71053939822441
35.8887 79.64751613282327
37.3535 80.40952732013359
38.8184 81.12165927962063
39.5508 81.41448071145122
41.0156 82.17329127578519
42.4805 82.90773679819709
43.9453 83.54430252497728
45.4102 84.12294776718251
47.6074 84.85348480640897
49.0723 85.3045015032158
50.5371 85.67385024009037
52.7344 86.21908947427691
54.1992 86.52720984746682
56.3965 86.88593426033216
58.5938 87.16715452320821
60.0586 87.25919771390862
62.2559 87.52832886650232
64.4531 87.66257519997964
66.6504 87.71525301579423
69.5801 87.76422384669478
71.7773 87.76388098391268
73.9746 87.7611434871946
76.9043 87.68191635432241
79.834 87.64061001517791
82.7637 87.55908194929766
85.6934 87.42942322372627
88.623 87.45073051346645
91.5527 87.3870377815881
94.4824 87.31620095456591
98.1445 87.14464394444154
101.807 86.96802988671465
105.469 86.90004805893422
109.131 86.77897928621205
112.793 86.55051705163451
116.455 86.56682103179713
120.85 86.59102185343423
125.244 86.56681408112901
129.639 86.49433277994329
134.033 86.37515613678909
138.428 86.26555707771693
143.555 86.24110560690987
148.682 86.24155701044708
153.809 86.08118436203482
159.668 85.87671945784093
164.795 85.98851711805948
170.654 85.82792389648009
176.514 85.62949691245306
183.105 85.76884485970142
189.697 85.65732800042058
196.289 85.69939351626827
202.881 85.70724594903514
210.205 85.66406011621412
217.529 85.7632351749614
225.586 85.867608096533
232.91 85.60809718444108
241.699 85.72125157258226
249.756 84.90220509709056
258.545 85.17919743394661
268.066 85.151753575041
277.588 84.80806399643933
287.109 85.30496098120476
297.363 85.21719582706822
307.617 85.70937630760189
318.604 85.72919242880117
329.59 86.0448960975508
341.309 86.02485788044486
353.76 85.4768148322843
366.211 84.84201526126678
378.662 85.01361986073258
392.578 85.1999928373295
405.762 84.54402365965645
420.41 85.73874644267077
435.059 85.16459836173046
450.439 84.78618014228518
466.553 85.05284003682375
482.666 85.28293181446409
500.244 85.15157171151493
517.822 85.47008705255634
536.133 85.91750729704864
554.443 86.36663545647563
574.219 87.71507959159109
594.727 88.4146026963469
615.234 86.55950932843449
637.207 85.97385807932174
659.912 85.60699299141938
683.35 86.6986484640277
706.787 86.0609427293967
731.689 86.04463434442295
758.057 85.98885627160134
784.424 86.08256563734933
812.256 85.90631336210625
840.82 86.0954188062277
870.85 86.45166733369578
901.611 86.79812947082094
933.105 86.83258618115119
966.064 86.64159523636799
999.756 86.01568286941627
1034.91 86.21683411394446
1071.53 85.33682423736646
1109.62 85.46388679561389
1148.44 85.24151701662726
1189.45 85.40648271099218
1231.2 85.77011332066546
1274.41 84.98535876901313
1319.82 85.30967452978433
1365.97 85.61840725024736
1414.31 85.35095739176933
1464.11 85.95203399178759
1515.38 86.25244784665183
1568.85 86.14154991901874
1624.51 85.9793323796747
1681.64 86.3121192164875
1740.97 86.55237890642609
1802.49 87.34463750660403
1866.21 86.71768970798553
1932.13 85.65722241081552
2000.24 85.70848062156338
2070.56 86.12962773984226
2143.8 85.385479754538
2219.24 85.08688405834889
2297.61 86.11713361200184
2378.17 86.22909088694492
2462.4 85.62311584977232
2548.83 86.6169930711019
2638.92 87.53184963356506
2731.93 86.82787015767148
2828.61 86.59519067528723
2928.22 86.73337459551902
3031.49 87.49918638734373
3138.43 87.48172807782522
3249.02 87.40067060979713
3363.28 88.52503115941403
3481.93 89.2088289351069
3604.98 89.64658233811039
3732.42 89.69280441005246
3863.53 89.68350578075372
3999.76 89.81877735535244
4141.11 88.6647456708059
4286.87 88.94418533106364
4438.48 88.00626115130208
4594.48 87.89704464645423
4757.08 88.08453008201921
4924.8 87.88000580878138
5098.39 88.42344550826684
5277.83 88.96241974934983
5463.87 88.69940864556067
5656.49 89.19745049589844
5856.45 88.20559841096883
6062.99 88.72249489790526
6276.86 88.11191528114492
6498.05 88.83237866289225
6727.29 88.23497731143394
6964.6 89.07598178755521
7209.96 88.75840013355929
7464.11 88.57450064963061
7727.78 88.06625517048529
8000.24 87.58955662297325
8282.23 87.90763415289778
8574.46 88.00302778208318
8876.22 88.03199463258238
9189.7 88.12022035806594
9513.43 88.21175249655761
9848.88 88.29678992070245
10196.8 88.53783528547079
10556.4 88.44439146829437
10928.5 88.39529274754956
11313.7 88.14043074535853
11712.9 87.78707093103141
12126.0 87.66083754237914
12553.7 87.53337176114144
12996.1 87.43015112036548
13454.6 87.50141645699527
13928.5 87.47971071210596
14419.9 87.55361780316045
14928.2 87.61546566539737
15454.8 87.38352861465988
15999.8 86.85108961628673
16564.5 86.04554576159718
17148.2 85.0947085400297
17753.2 83.96900102768288
18379.4 82.96343304844963
19027.6 82.10022749397366
19698.5 81.9193225210331
19999.5 81.81768788103668
