Freq "Rear Wall Bounce"
20.5078 72.85469470029541
21.2402 73.43390629554642
21.9727 74.08996574254363
22.7051 74.60151354571238
23.4375 75.40748069174582
24.1699 75.79303389699349
25.6348 76.59087635785308
26.3672 76.98183699477632
27.0996 77.38683596577245
27.832 77.69857729606971
29.2969 78.7682007564075
30.0293 79.28246511649068
31.4941 80.14564010484885
32.2266 80.31801466613177
33.6914 80.88411782025015
34.4238 81.22256010256316
35.8887 81.9280215833791
37.3535 82.49845427790937
38.8184 83.05105915944706
39.5508 83.33451840543843
41.0156 83.8837852677652
42.4805 84.38653534761835
43.9453 84.907386423165
45.4102 85.37859110810842
47.6074 85.95341441707882
49.0723 86.30089952720216
50.5371 86.58905769532149
52.7344 86.99673804482175
54.1992 87.2280367733275
56.3965 87.49081134423919
58.5938 87.66586922812051
60.0586 87.66753924526797
62.2559 87.88693212174805
64.4531 87.98191461099648
66.6504 87.97062251438945
69.5801 88.00182008197226
71.7773 87.91550076681703
73.9746 87.76272258156179
76.9043 87.53387344614276
79.834 87.37687953945064
82.7637 87.17617134852439
85.6934 87.05421095761056
88.623 86.89093467363082
91.5527 86.79569709513954
94.4824 86.70621467161185
98.1445 86.47125217594204
101.807 86.28884946714909
105.469 86.16664854746641
109.131 85.97498597956567
112.793 85.66116182226558
116.455 85.47554868930925
120.85 85.50099288827087
125.244 85.54383902197539
129.639 85.48778207270279
134.033 85.21173990806332
138.428 84.95215950485866
143.555 84.74656651760256
148.682 84.59391334110538
153.809 84.5244866901286
159.668 84.14517712867972
164.795 83.78905688460127
170.654 83.43010100946105
176.514 82.90465546788795
183.105 82.69703553997816
189.697 82.8330122126061
196.289 82.30326909055265
202.881 82.41427170134635
210.205 82.35063981393333
217.529 82.52034043093298
225.586 83.11702249827381
232.91 82.7202635425428
241.699 81.85129598560844
249.756 81.70346773425231
258.545 81.20624694654182
268.066 80.60028460148338
277.588 80.56192180157652
287.109 81.57217071157007
297.363 81.6041074904188
307.617 80.89736518609203
318.604 82.01072899784351
329.59 81.25905140833744
341.309 82.60452174611993
353.76 81.51241794121776
366.211 82.30047993525972
378.662 81.31040382169006
392.578 80.21176644063208
405.762 81.08090611418423
420.41 79.54824277707334
435.059 80.40041051992971
450.439 80.22843051940312
466.553 79.75690924712457
482.666 79.43294783543038
500.244 77.75841807627944
517.822 78.94543912552474
536.133 79.67606117888722
554.443 81.91954228096067
574.219 81.01079443949892
594.727 78.86391978133973
615.234 78.53202279235923
637.207 79.54781737627376
659.912 80.2173898953489
683.35 81.01207762462204
706.787 78.64820895021627
731.689 78.71143323043444
758.057 78.11884550875008
784.424 78.02991359813622
812.256 77.5763056845126
840.82 77.99301232390992
870.85 78.44504781780749
901.611 77.03316870927104
933.105 78.38985933004332
966.064 79.47715626825551
999.756 80.46189665632726
1034.91 80.46036146358318
1071.53 78.70355709870914
1109.62 77.63012812101005
1148.44 77.12781517520692
1189.45 76.66317139715788
1231.2 76.56364248438895
1274.41 75.33795333007954
1319.82 75.26079045336452
1365.97 75.23063218872075
1414.31 76.11487407909267
1464.11 76.09717251635423
1515.38 76.06501679753708
1568.85 75.0898767644421
1624.51 74.88262651114405
1681.64 74.75442168664446
1740.97 75.0813153245493
1802.49 75.43751399855533
1866.21 74.80592635556967
1932.13 74.05014406785185
2000.24 74.12530388339299
2070.56 74.62581182268184
2143.8 73.95271899985191
2219.24 74.13471938088855
2297.61 74.78565063693863
2378.17 74.32978504627515
2462.4 74.02278496767772
2548.83 73.70480519027211
2638.92 73.71531699668002
2731.93 73.21172085834901
2828.61 72.92535232895477
2928.22 73.15178895476622
3031.49 73.17564101510992
3138.43 73.35837269214424
3249.02 73.86721274859994
3363.28 74.47804418450406
3481.93 75.12141388768315
3604.98 74.07846582563266
3732.42 73.53116007725542
3863.53 74.1944304677957
3999.76 73.90026645657586
4141.11 73.25957887431017
4286.87 73.11082341797942
4438.48 73.54830633685395
4594.48 72.87854124779854
4757.08 72.26181097927966
4924.8 72.24433529525102
5098.39 72.394853097379
5277.83 73.15733610513242
5463.87 72.18180445666358
5656.49 71.98767620196918
5856.45 71.22836459106219
6062.99 70.88871648845524
6276.86 70.77137643517162
6498.05 70.03243849586326
6727.29 69.422846307369
6964.6 70.0640012102839
7209.96 69.86564117761255
7464.11 69.58937979816841
7727.78 69.17292593096286
8000.24 68.26150721669613
8282.23 68.04768035511992
8574.46 67.44787737297659
8876.22 68.01911872109163
9189.7 66.83831712946949
9513.43 65.5290221393529
9848.88 66.02278926168499
10196.8 65.63196490717864
10556.4 65.05298767788996
10928.5 63.80972029659357
11313.7 61.89802583205419
11712.9 60.4660168035859
12126.0 57.531363042175755
12553.7 53.110572490797736
12996.1 49.366520155556586
13454.6 50.98280034922446
13928.5 52.699101937182704
14419.9 56.2148014465095
14928.2 58.18548220507337
15454.8 59.87661039067784
15999.8 61.64317836816032
16564.5 62.709436785229045
17148.2 63.7576185455889
17753.2 64.37408340114418
18379.4 64.02638138369464
19027.6 63.3162978061944
19698.5 62.127512499733555
19999.5 61.16338617393667
