Freq "Rear Wall Bounce"
20.5078 88.8965322415927
21.9727 85.35058185120634
23.4375 83.55953174723999
24.9023 85.7715133018384
26.3672 84.75863192996704
27.832 86.12945282556717
29.2969 87.31149071165078
30.7617 87.72908988249094
32.2266 89.27989151608132
33.6914 89.91813605016065
35.1562 90.40866575365195
36.6211 91.1686622489976
38.0859 91.74536315023767
39.5508 91.98019496831769
41.0156 92.18955545622713
42.4805 92.4260577639882
43.9453 92.22772222543428
45.4102 92.13426188028124
46.875 91.99642198438897
48.3398 91.89266549716055
51.2695 91.66088766450076
52.7344 92.11889578659245
54.1992 92.9475217865642
55.6641 93.62155882747113
58.5938 94.63825730181513
60.0586 94.87700528908249
62.9883 95.09789066005098
64.4531 95.01653412713426
67.3828 94.91012699769504
68.8477 96.5959551451734
71.7773 98.34844485528399
74.707 98.97946541967838
77.6367 99.22181365448617
79.1016 99.45945358706606
82.0312 99.97010708054056
84.9609 100.5867400326359
87.8906 101.24719758396445
90.8203 100.94587444065739
95.2148 101.33165636071627
98.1445 101.4665644510069
101.074 101.79483129231963
105.469 102.0790531373687
108.398 102.26807220330879
112.793 102.06990790746366
117.188 102.52072998928789
120.117 102.91083709366339
124.512 102.3836408300747
128.906 102.51766408933173
133.301 102.48786155937216
139.16 102.67030561342096
143.555 102.82568975759412
147.949 102.8558182680248
153.809 102.84901710376626
159.668 102.76468079692052
165.527 102.77905413253002
171.387 102.43191915736804
177.246 102.66617050698434
183.105 101.97626792642431
188.965 101.5138381027401
196.289 101.51277981275652
203.613 101.25093031242834
210.938 101.27219820663578
218.262 100.756953984048
225.586 100.27964577683491
232.91 100.27606464458714
241.699 100.38916134305676
250.488 99.83331039460695
259.277 100.58735843822784
268.066 99.37658640570585
276.855 99.57265259463449
287.109 99.15437415073434
297.363 99.64542214457052
307.617 100.20741690547925
319.336 99.34370568921689
329.59 97.77767749094014
341.309 98.47907411354208
353.027 99.16518586368606
366.211 99.0897979582659
379.395 99.49347757482866
392.578 99.18980624070495
405.762 99.17261100291711
420.41 99.60042216469697
435.059 97.47314261562218
451.172 97.63784549491305
465.82 98.16327883363584
483.398 98.20464675127043
499.512 98.32192424068927
517.09 97.9725405607713
536.133 96.95425674931889
555.176 97.00378344588886
574.219 95.81109850561471
594.727 96.26397845660955
615.234 95.14517063172927
637.207 95.32632574983744
659.18 95.19754671218338
682.617 95.01613726039652
707.52 95.09760034126283
732.422 95.38461682636452
757.324 94.66742056365067
785.156 95.01189872495381
811.523 95.15708733052257
840.82 94.04292073002917
870.117 94.18037823874421
900.879 92.78432188090251
933.105 93.06164319194708
965.332 93.10441348289767
1000.49 93.44657055556924
1035.64 92.08335496674732
1072.27 92.83858830353248
1108.89 93.1767039481478
1148.44 93.94730394329581
1189.45 93.10961147923943
1230.47 93.07384752744878
1274.41 93.47693588857051
1319.82 92.77274167482483
1366.7 92.21104598837245
1413.57 91.88947023698026
1463.38 91.48422409150736
1516.11 91.85073593853039
1568.85 91.79360140248926
1624.51 92.0838670789611
1681.64 92.476422970506
1741.7 90.5705810318269
1803.22 97.65167710882149
1866.21 97.75689785845901
1932.13 98.35673537651334
1999.51 96.30591785286992
2069.82 98.56350260483937
2143.07 98.74535014478738
2219.24 94.26734438114049
2296.88 91.78422296729553
2378.91 88.42951813986566
2462.4 91.83342067900432
2548.83 91.30012778648572
2639.65 83.9949717656772
2731.93 84.15753776953666
2828.61 85.0704438872703
2928.22 87.43004913537554
3030.76 86.74214062864718
3137.7 88.26427455674488
3249.02 87.23276425344687
3363.28 89.12394244305295
3481.93 92.15546927975164
3604.98 93.96416044913732
3732.42 95.39754827346059
3864.26 86.8107745257604
4000.49 93.64266452200549
4141.11 96.71444293525612
4287.6 95.77234857947886
4438.48 95.88881545466091
4595.21 92.66912137524176
4756.35 87.36564301357367
4924.8 92.94042780071727
5097.66 89.09385636500895
5277.83 88.67533046653593
5463.87 91.10383901830832
5657.23 92.78153592017603
5856.45 92.52386078074687
6062.99 92.81297575811897
6276.86 90.97367653769311
6498.05 86.86227108008752
6726.56 88.49185901139663
6963.87 92.3117622963072
7209.96 95.38405806418723
7464.84 92.42151700149726
7727.05 92.99235507175219
7999.51 88.36140360887103
8282.23 90.53129597038749
8573.73 84.99535702070779
8876.95 92.18135209174838
9188.96 88.6027748703286
9514.16 88.05750859870894
9849.61 92.71102881065363
10196.8 94.46124445231037
10555.7 91.953524404733
10927.7 86.14772038733935
11313.0 85.41091579406316
11712.9 89.61750944386245
12126.0 90.30124767492345
12553.7 85.76349124344108
12996.1 83.01037826273252
13454.6 79.52401710576176
13929.2 83.03044414372033
14419.9 85.693070764345
14928.2 87.23916314701138
15455.6 83.61228699218027
16000.5 85.70921437681315
16564.5 83.34335532899115
17148.9 77.21134159862174
17752.4 79.82574269247868
18379.4 87.10179903243794
19026.9 78.83976269550686
19697.8 79.13384980969676
19999.5 82.25067160972486
