Freq "Sound Power DI"
20.5078 39.57409153267014
21.9727 37.41329833205998
23.4375 34.88577671973624
24.9023 37.93741268297026
26.3672 38.12059550932378
27.832 37.043800420086626
29.2969 36.02917249613412
30.7617 36.56813896520629
32.2266 38.01117374317526
33.6914 37.90018839866252
35.1562 38.265341491525746
36.6211 38.14160153958383
38.0859 38.152936259681496
39.5508 38.20342929300023
41.0156 38.77712128165854
42.4805 38.51138858526207
43.9453 38.520442695449105
45.4102 38.64133318061906
46.875 38.763305213949906
48.3398 38.692154603874144
51.2695 38.86702982199063
52.7344 38.95758674932432
54.1992 39.005544177905364
55.6641 38.9918457054722
58.5938 39.13470543428744
60.0586 39.1780818727876
62.9883 39.28393074386766
64.4531 39.340375738081676
67.3828 39.43766080454678
68.8477 39.463373489654074
71.7773 39.49534645985361
74.707 39.55445059024355
77.6367 39.60068269742925
79.1016 39.62549075488353
82.0312 39.68679750073311
84.9609 39.729360163190535
87.8906 39.782220435009435
90.8203 39.83959340680613
95.2148 39.87839878511693
98.1445 39.91726265309346
101.074 39.953115540672755
105.469 40.03297384846688
108.398 40.059488625417316
112.793 40.068034384044466
117.188 40.149709750695834
120.117 40.25401229310782
124.512 40.293288183759046
128.906 40.31192573981892
133.301 40.42637673873563
139.16 40.47220714721392
143.555 40.45154952682711
147.949 40.520998284814056
153.809 40.70861115832756
159.668 40.67664359626389
165.527 40.74286180948522
171.387 41.05429609399208
177.246 40.910386923832306
183.105 40.97371542700118
188.965 41.08252488147566
196.289 41.17242032364588
203.613 41.307465972515004
210.938 41.62647488805321
218.262 41.54168352285929
225.586 41.5939160317333
232.91 41.80476291145786
241.699 42.112774984125565
250.488 42.56322756870469
259.277 42.57205745572365
268.066 42.31260876837099
276.855 42.39866233608345
287.109 42.66205829876053
297.363 42.9077029066994
307.617 42.8196678340682
319.336 42.85295151560358
329.59 42.815379770898815
341.309 42.973288842178846
353.027 43.384315359532124
366.211 43.28691505280604
379.395 43.46543963504605
392.578 43.60904744277458
405.762 43.634049443095364
420.41 43.60173288861789
435.059 44.0570770927378
451.172 43.605595674130925
465.82 44.545952314672206
483.398 44.5241848386498
499.512 44.40602849787139
517.09 44.172000027812345
536.133 44.14228169869999
555.176 43.620303795738266
574.219 44.123764925691034
594.727 45.03628049879394
615.234 44.624055181365506
637.207 45.1905660542494
659.18 44.45406463674351
682.617 44.70314982071804
707.52 45.44619165186076
732.422 45.43680972734167
757.324 45.468062732411596
785.156 45.16846776611223
811.523 44.96215184370763
840.82 45.38898631991337
870.117 44.28069733714945
900.879 45.700965769520735
933.105 46.12855271580861
965.332 45.78624749839635
1000.49 45.27434707278644
1035.64 44.96596364949146
1072.27 45.186916352359674
1108.89 44.79914904737187
1148.44 44.197742093474815
1189.45 44.058838989361064
1230.47 44.39054500793232
1274.41 45.27076830890486
1319.82 45.29944021336772
1366.7 45.72792747159866
1413.57 46.18282491445315
1463.38 46.35706754869635
1516.11 46.60548275331371
1568.85 47.68955594747085
1624.51 48.21934095361246
1681.64 48.273539999059636
1741.7 48.112719464157365
1803.22 48.279984924639834
1866.21 48.49244503407965
1932.13 48.42321138091441
1999.51 48.15704266834119
2069.82 47.898078724904806
2143.07 47.98205131602066
2219.24 47.86971463309577
2296.88 48.03999138381123
2378.91 47.81641141372367
2462.4 47.70531657885218
2548.83 47.65944987565432
2639.65 47.71817538083211
2731.93 47.53438209883335
2828.61 47.61950876383166
2928.22 47.57179081288635
3030.76 47.63335341747397
3137.7 47.52992702097312
3249.02 47.64285287417967
3363.28 47.687590529139285
3481.93 47.67786773411726
3604.98 47.69908439638007
3732.42 47.78014024293023
3864.26 47.81093008726636
4000.49 47.88108790473828
4141.11 47.86505164740264
4287.6 47.943439566284695
4438.48 48.045411670388035
4595.21 48.05629079930762
4756.35 47.91448861453296
4924.8 47.99341967784589
5097.66 48.296761234033426
5277.83 48.52193387326557
5463.87 48.57788042930767
5657.23 48.49652757396794
5856.45 48.80573309962831
6062.99 48.94963430984224
6276.86 49.01989921535741
6498.05 49.12260779592722
6726.56 49.29937323820056
6963.87 49.362922718211195
7209.96 49.54026434334571
7464.84 49.73125642658283
7727.05 49.85708073619705
7999.51 49.91205224008702
8282.23 49.944274713833664
8573.73 49.774350834228784
8876.95 49.96842140181346
9188.96 50.10142047450047
9514.16 50.248463534958006
9849.61 50.32607740332615
10196.8 50.21056737886177
10555.7 50.26720918608261
10927.7 50.25034396209088
11313.0 50.238029648338696
11712.9 50.175416506112285
12126.0 50.13264003772703
12553.7 50.01582750543092
12996.1 49.91176992875924
13454.6 49.80189134634597
13929.2 49.741086924486424
14419.9 49.76233323785321
14928.2 50.18104693572364
15455.6 50.964977401568106
16000.5 52.188613998806304
16564.5 53.440518606008595
17148.9 53.784716744481656
17752.4 53.29018301640498
18379.4 52.65965018336692
19026.9 51.906142476437836
19697.8 51.17724074161542
19999.5 50.7716955159496
