Freq "Ceiling Bounce"
20.5078 46.31163779842426
21.9727 47.540104604370455
23.4375 49.738478832888646
24.9023 50.499528663251894
26.3672 51.60885764404914
27.832 54.708164819565056
29.2969 56.22337080635843
30.7617 59.49199840499365
32.2266 61.53038109827311
33.6914 64.60842566915653
35.1562 67.03997851808754
36.6211 69.34946335493956
38.0859 71.43992315650603
39.5508 73.4443934422142
41.0156 75.24539308043369
42.4805 77.01376890973278
43.9453 78.67991664698886
45.4102 80.11605160898712
46.875 81.39952938646562
48.3398 82.63898818819786
51.2695 84.73505624789614
52.7344 85.5988969553238
54.1992 86.33583218769145
55.6641 86.97267680869177
58.5938 87.90847047196625
60.0586 88.27359332602386
62.9883 88.75555862334552
64.4531 88.8384717688216
67.3828 88.97880506638693
68.8477 88.99614279283598
71.7773 89.00230553270278
74.707 88.92004462812936
77.6367 88.84072095575742
79.1016 88.75470160058265
82.0312 88.55996098654568
84.9609 88.45947711983725
87.8906 88.55251624539046
90.8203 88.44613792810789
95.2148 88.3287364605289
98.1445 88.22637173719745
101.074 88.09899146365902
105.469 87.9227114718265
108.398 87.87870871020951
112.793 87.74454566605016
117.188 87.44488117817282
120.117 87.5275431271036
124.512 87.63326258849229
128.906 87.70563455381742
133.301 87.58594337502986
139.16 87.17843517833575
143.555 87.27502731328106
147.949 87.38318428570356
153.809 87.158848544562
159.668 87.03018339527581
165.527 87.02581633827175
171.387 87.0290598841414
177.246 86.98100952010735
183.105 86.82355782300215
188.965 86.65452023375276
196.289 86.43163479819722
203.613 86.30542768728763
210.938 86.28642653132482
218.262 86.13546115957503
225.586 85.7646234476159
232.91 85.61722877739844
241.699 85.45458641501985
250.488 85.94150540371301
259.277 86.14825285668647
268.066 85.90718971433394
276.855 85.55652921468302
287.109 84.99633529354377
297.363 84.84014275662018
307.617 85.585056579496
319.336 85.22917419000733
329.59 85.6344678000383
341.309 85.36507606799664
353.027 84.94637930176796
366.211 84.94036053789854
379.395 84.62637712067469
392.578 85.62739784450913
405.762 85.95968645178836
420.41 86.49346587548487
435.059 85.93004613332756
451.172 84.94261119471945
465.82 85.24275335110777
483.398 85.48796059946052
499.512 85.50966755973732
517.09 84.45293563731371
536.133 84.3500532397404
555.176 83.36562062845988
574.219 83.68596534314946
594.727 83.77413448474523
615.234 82.59137542429222
637.207 82.10724420833502
659.18 81.57883338587543
682.617 80.972598831671
707.52 80.89040066784575
732.422 82.13111182730941
757.324 84.4886627324157
785.156 82.0890832942424
811.523 83.46858147566937
840.82 84.1346664900213
870.117 84.93667948075948
900.879 85.14602177176934
933.105 84.36592794817655
965.332 84.91718519740888
1000.49 82.58254799852422
1035.64 85.72573464810304
1072.27 85.56623942422685
1108.89 85.22734668484672
1148.44 84.8033176096435
1189.45 82.20373723213172
1230.47 83.01628849353828
1274.41 81.99800636870158
1319.82 80.61276513926063
1366.7 81.50364277890135
1413.57 82.86821720791058
1463.38 86.91715616263366
1516.11 87.44252457476456
1568.85 84.81416813824966
1624.51 85.39554287665054
1681.64 84.3371647606616
1741.7 82.19920387432215
1803.22 81.05916184332489
1866.21 79.62796429994128
1932.13 78.64969843380482
1999.51 79.98458503410642
2069.82 78.84564678991424
2143.07 76.93366787453385
2219.24 79.19417563786202
2296.88 79.76338627902028
2378.91 78.61906516908846
2462.4 77.03721525798942
2548.83 78.20545411374681
2639.65 79.08534380296511
2731.93 79.69695473556413
2828.61 79.6680887412457
2928.22 79.13290913361317
3030.76 79.12385870102607
3137.7 79.81022661118068
3249.02 80.86080419746284
3363.28 81.53628618699494
3481.93 81.44114295301189
3604.98 81.3622675823369
3732.42 81.67872707026123
3864.26 81.33644230492907
4000.49 80.44176867865964
4141.11 79.93365877317035
4287.6 80.71476332916555
4438.48 80.10857487038137
4595.21 79.9177708302153
4756.35 79.37500847011965
4924.8 79.78905904369576
5097.66 80.07451072426741
5277.83 80.21933253269788
5463.87 79.74205512249611
5657.23 79.75020457832451
5856.45 79.8846189229764
6062.99 79.76380913370987
6276.86 78.25516612144511
6498.05 77.70348285693704
6726.56 77.16136158126824
6963.87 78.15770114415322
7209.96 78.50281076564757
7464.84 77.53086514018875
7727.05 76.72082446102323
7999.51 76.35537051802311
8282.23 76.90895088218718
8573.73 76.72537957563338
8876.95 76.1328033096414
9188.96 76.46145957333084
9514.16 76.85743155561248
9849.61 77.45916780013162
10196.8 78.46793483388522
10555.7 79.25480323250582
10927.7 80.03331898320285
11313.0 80.90971329907319
11712.9 81.13560148672089
12126.0 81.36678519889703
12553.7 80.90426230608013
12996.1 80.0695656243798
13454.6 79.46016547892181
13929.2 78.46326293886008
14419.9 77.56901227090684
14928.2 76.20916686620365
15455.6 74.8405155595457
16000.5 74.0099097492283
16564.5 73.91464360449959
17148.9 73.54783510013375
17752.4 72.41766093454956
18379.4 70.78395126016468
19026.9 68.33616287387407
19697.8 65.87221964119307
19999.5 65.75690186455442
