Freq "Front Wall Bounce"
22.4 56.0
23.0 56.471662753918906
23.6 57.5
24.0 60.79999999999998
25.0 63.0
25.8 64.6
26.5 65.70000000000002
27.2 65.5
28.0 65.00666880483882
29.0 64.23268844419795
30.0 65.18096076463803
30.7 68.34604967449248
31.5 70.28776210871219
32.5 71.37387154719815
33.5 70.203524701241
34.5 67.52115290435754
35.5 60.83251176467971
36.5 54.68306645083547
37.5 52.41476570018696
38.7 62.24696556081426
40.0 69.44696556081426
41.2 72.17967015298773
42.5 72.36785238953104
43.7 70.91288351262403
45.0 69.01288351262404
46.2 67.04660958777563
47.5 63.84660958777559
48.7 62.6466095877756
50.0 64.29955564626522
51.5 71.78085223515284
53.0 74.56930698186231
54.5 73.0341698325223
56.0 69.61128757081109
58.0 73.19235668791852
60.0 74.5060181290421
61.5 71.16240972193987
63.0 72.45327657101464
65.0 75.70324950543105
67.0 74.30324950543105
69.0 72.67072266146707
71.0 73.7401454944877
73.0 75.16336033696226
75.0 75.97757918405894
77.5 77.07757918405893
80.0 79.67757918405894
82.5 81.37757918405893
85.0 81.9155536946442
87.5 81.81555369464421
90.0 81.45407202939965
92.5 80.89313707123083
95.0 80.49313707123082
97.5 79.99313707123082
100.0 79.59313707123083
103.0 81.56409154095297
106.0 83.30826714771635
109.0 86.30826714771634
112.0 87.97932296839602
115.0 88.97932296839602
118.0 90.07932296839601
122.0 90.84809312479162
125.0 91.47932296839602
128.0 91.94809312479161
132.0 92.44809312479163
136.0 92.49485407749125
140.0 93.06373611801399
145.0 93.36373611801397
150.0 93.29485407749127
155.0 93.04809312479162
160.0 92.59485407749126
165.0 91.79485407749127
170.0 91.86373611801397
175.0 91.96373611801397
180.0 92.04809312479162
185.0 92.13942623521457
190.0 91.29485407749127
195.0 89.66373611801397
200.0 86.49485407749127
206.0 84.94809312479163
212.0 86.6729181897017
218.0 89.24809312479161
224.0 89.80190494384014
230.0 89.9269946725239
236.0 89.5576642435428
240.0 87.61192981210716
250.0 88.95251964068127
258.0 89.51192981210716
265.0 91.13754321429634
272.0 92.33754321429635
280.0 92.63754321429634
290.0 91.53754321429633
300.0 91.69264660232007
307.0 91.59264660232007
315.0 90.44831893971335
325.0 89.04831893971335
335.0 88.27491267188478
345.0 85.48942357824278
355.0 88.51637928414996
365.0 92.33108675663176
375.0 92.80229476693692
387.0 93.21739302852535
400.0 92.36204375999246
412.0 92.3498031107224
425.0 91.83915377408951
437.0 89.58534427065696
450.0 87.22338269567005
462.0 90.07120335102466
475.0 91.75337853085087
487.0 90.90269292187831
500.0 90.72956664747633
515.0 91.50463955524606
530.0 90.4564756610259
545.0 88.11295170320734
560.0 85.98786512280337
580.0 88.85907003611942
600.0 88.60464956375901
615.0 89.99452236235969
630.0 90.78068188217033
650.0 92.23245402027413
670.0 89.50097926743463
690.0 86.27395729753971
710.0 90.1639294920729
730.0 92.55217930938397
750.0 90.47189400929487
775.0 91.92369527469371
800.0 91.82049822821769
825.0 90.22146308291565
850.0 88.16218600819971
875.0 89.31522148513216
900.0 90.09963940497852
925.0 89.25359280808362
950.0 89.79248837581528
975.0 88.8962315366465
1000.0 90.62221119657247
1030.0 89.27146601405573
1060.0 87.4863537814774
1090.0 88.32382803817121
1120.0 86.9218822889991
1150.0 90.69093017477553
1180.0 86.87991956645797
1220.0 88.57224439796833
1250.0 87.5489737125232
1280.0 89.40322715060003
1320.0 86.2597011275407
1360.0 87.69724485329064
1400.0 87.73603171794927
1450.0 87.74907208502792
1500.0 92.04907582266885
1550.0 86.22984034927796
1600.0 88.83040891300331
1650.0 90.42461621504582
1700.0 86.55444843105937
1750.0 83.12439358226734
1800.0 88.5046529567195
1850.0 89.34443124925542
1900.0 87.440751377278
1950.0 86.62551248554072
2000.0 87.84868828141393
2060.0 86.07973853199876
2120.0 88.48753305400285
2180.0 88.74361453369256
2240.0 88.50117151773419
2300.0 88.29546157284129
2360.0 85.81773114689392
2400.0 85.14275195798494
2500.0 84.96824145655641
2580.0 85.18074030772948
2650.0 84.57845921102702
2720.0 83.12840246614707
2800.0 84.0605425501732
2900.0 86.47493541557598
3000.0 87.89049132677145
3070.0 87.5196911674133
3150.0 87.21486922884665
3250.0 86.13847163940528
3350.0 85.45406932562182
3450.0 85.9444000029741
3550.0 85.69514094002085
3650.0 86.1045480486444
3750.0 86.29363160827629
3870.0 85.48106283542724
4000.0 85.3863051955793
4120.0 84.75027720868957
4250.0 84.00920117232181
4370.0 83.44193313979571
4500.0 83.07682005268387
4620.0 82.3310372552243
4750.0 81.26160982024436
4870.0 82.34857197102305
5000.0 83.06440113610005
5150.0 83.86930954316708
5300.0 83.72165362591059
5450.0 83.47295886685475
5600.0 83.14059292076641
5800.0 82.04529094755404
6000.0 81.55011750274852
6150.0 80.22154118863763
6300.0 78.2983555342993
6500.0 76.36011472061124
6700.0 74.70769032186719
6900.0 73.57510940097943
7100.0 71.12080741869606
7300.0 68.64106564862652
7500.0 63.14210372117344
7750.0 57.944138252380526
8000.0 60.640534868563634
8250.0 65.33663144140553
8500.0 73.60560547298743
8750.0 78.78876311739938
9000.0 80.10893463397488
9250.0 81.7326093881471
9500.0 82.31564851869516
9750.0 84.74150659383926
10000.0 85.22014675285908
10300.0 88.30154697532821
10600.0 90.79151079396856
10900.0 91.11156295347027
11200.0 93.88386058024565
11500.0 94.33538180047067
11800.0 95.46287179516953
12200.0 96.37087675134492
12500.0 95.90988215374297
12800.0 98.10571710087623
13200.0 96.326519432972
13600.0 97.77608904829033
14000.0 96.94337887903771
14500.0 96.89383663655832
15000.0 90.91941159370398
15500.0 89.67785992674237
16000.0 88.88552709095546
16500.0 89.59455469008506
17000.0 88.20236034619204
17500.0 85.73552078483749
18000.0 83.89326574676465
18500.0 82.29225282595704
19000.0 75.7602246764319
19500.0 72.82981456670623
