Freq "Rear Wall Bounce"
22.4 53.858780337499226
23.0 51.98061552139656
23.6 49.70712574671869
24.0 47.635878939174475
25.0 46.099488136334244
25.8 46.72977423988338
26.5 48.229279243168705
27.2 49.573123404193225
28.0 50.9725920502607
29.0 51.67258197154406
30.0 52.35356412161424
30.7 53.26325167251919
31.5 54.172257730178984
32.5 55.37147794728875
33.5 56.72037975598114
34.5 57.906801879025394
35.5 59.08115568773914
36.5 60.098495996079365
37.5 60.99601494765693
38.7 62.35800602793299
40.0 63.798137743371015
41.2 65.31515654594777
42.5 66.89994871025405
43.7 68.33211562363572
45.0 69.70381260442893
46.2 70.9227643433559
47.5 71.85316875182112
48.7 72.55794186471287
50.0 73.03114678552278
51.5 73.28848497049658
53.0 73.29749397005989
54.5 73.14313776463042
56.0 72.91813757011843
58.0 72.69943643911985
60.0 72.58361404166243
61.5 72.47638745889512
63.0 72.34368725405933
65.0 72.20147288667988
67.0 72.0906724646254
69.0 72.04653909187194
71.0 72.04653909187194
73.0 72.07419265257917
75.0 72.12664718237932
77.5 72.26620245868754
80.0 72.45151978354106
82.5 72.6895102115062
85.0 73.04013419149521
87.5 73.45366217615798
90.0 73.80276453776125
92.5 73.98168513619139
95.0 73.88635972805558
97.5 73.61852613534191
100.0 73.29822422470528
103.0 73.056501544532
106.0 73.02174193056634
109.0 73.10058305292216
112.0 73.27131596481843
115.0 73.44236171169122
118.0 73.52064662651799
122.0 73.60439466286094
125.0 73.73549141086538
128.0 73.95723167481539
132.0 74.32727349274548
136.0 74.72652387470991
140.0 74.97662397912349
145.0 75.0625912744932
150.0 74.95314385649759
155.0 74.78585841085244
160.0 74.71259480687793
165.0 74.93460415184403
170.0 75.35022136722894
175.0 75.82835181486514
180.0 76.15020254779184
185.0 75.88394768585536
190.0 74.64828378398087
195.0 72.21085294081092
200.0 69.28128410523072
206.0 67.21426525137792
212.0 66.67841894824733
218.0 67.97092504977547
224.0 70.07671892024571
230.0 71.837480243077
236.0 73.17928060774865
240.0 74.08883185850507
250.0 74.60814823580961
258.0 74.62264947840372
265.0 74.19959513620356
272.0 73.43760222313043
280.0 72.1723134594069
290.0 70.74969890328244
300.0 69.27433900006682
307.0 67.48249814947253
315.0 65.70494956185156
325.0 64.03865358435858
335.0 62.478928318120964
345.0 61.06607698369176
355.0 59.67319719693839
365.0 58.445475515486166
375.0 58.332995404285455
387.0 59.78689643436526
400.0 61.85863655937807
412.0 63.542748020580234
425.0 63.926316400443085
437.0 63.355555390339404
450.0 62.57750595238328
462.0 61.51123741773567
475.0 59.99616539178696
487.0 58.432336767431096
500.0 58.20862739756706
515.0 60.06149722376142
530.0 62.404514405100514
545.0 63.96074619458294
560.0 64.36986981278926
580.0 63.70978157656394
600.0 63.120117458728984
615.0 63.95695747979788
630.0 65.36575115458967
650.0 66.77018117372404
670.0 68.60769109111588
690.0 70.47118819718881
710.0 71.6339732182875
730.0 71.43368426292396
750.0 69.99988645384853
775.0 67.98593103656684
800.0 66.34459168669095
825.0 65.87394621677497
850.0 65.81128435513781
875.0 65.30792456921647
900.0 64.50053156761048
925.0 63.54539515763818
950.0 62.67039858503949
975.0 62.12886418498964
1000.0 61.082703313033306
1030.0 59.71246343062789
1060.0 58.24041729527622
1090.0 55.99602141089642
1120.0 53.43760524601744
1150.0 51.99398227440743
1180.0 52.04472800965924
1220.0 53.77036055589524
1250.0 56.66737911892284
1280.0 58.43391019437739
1320.0 57.92626963925652
1360.0 56.51486687383402
1400.0 54.84379634585896
1450.0 53.93387893508144
1500.0 53.49307147350997
1550.0 52.79653100332892
1600.0 51.809603243387116
1650.0 51.1682426103162
1700.0 51.150974528954194
1750.0 50.62759227722471
1800.0 49.98455869503128
1850.0 49.58537441808376
1900.0 50.12558918938366
1950.0 51.30800067294301
2000.0 52.660168640935055
2060.0 52.97658507344114
2120.0 51.22860122379886
2180.0 48.64356196825186
2240.0 46.58511688479122
2300.0 45.44609434565815
2360.0 44.397344767090814
2400.0 42.784465707710766
2500.0 41.33381598854969
2580.0 40.496288794080854
2650.0 40.38166549005042
2720.0 41.732996807410004
2800.0 43.43152608797759
2900.0 43.93245920986284
3000.0 43.710183426100784
3070.0 42.984382037623035
3150.0 42.15828155913418
3250.0 41.139367258382904
3350.0 40.27160718614833
3450.0 40.16601627577977
3550.0 40.49720264372256
3650.0 41.495619862152964
3750.0 42.73259793076663
3870.0 43.352810311332306
4000.0 43.68605611700734
4120.0 44.33361702626466
4250.0 44.77706380651013
4370.0 45.661891972702406
4500.0 47.09926747061682
4620.0 48.41390783677936
4750.0 49.57701638431463
4870.0 49.88523816641809
5000.0 49.215057646536636
5150.0 48.213549216448754
5300.0 47.036330141487085
5450.0 45.55043124490369
5600.0 44.5155183676883
5800.0 44.14263352022316
6000.0 44.073258199471425
6150.0 44.76767132070573
6300.0 45.729501987583646
6500.0 46.726097583540096
6700.0 47.63817920286105
6900.0 48.555757059309386
7100.0 49.12268972630578
7300.0 49.71722732968867
7500.0 50.40675225233265
7750.0 50.91773456104589
8000.0 51.374498456132514
8250.0 51.35247696684165
8500.0 51.019013744423106
8750.0 50.91923042372211
9000.0 51.052688096731245
9250.0 51.44013657961001
9500.0 52.11471873721972
9750.0 52.2408052291005
10000.0 52.117551027163515
10300.0 52.26282731180977
10600.0 52.33052493881853
10900.0 52.22853137157709
11200.0 51.87914991894492
11500.0 50.69084535016107
11800.0 49.28983482393345
12200.0 48.5772093034288
12500.0 48.52470503928221
12800.0 48.89971405698081
13200.0 49.77108757331406
13600.0 50.521033822789505
14000.0 50.89530986095586
14500.0 50.82678159864024
15000.0 50.24638711082294
15500.0 49.611041125018474
16000.0 49.53087577857757
16500.0 49.75326892789154
17000.0 49.15407502634433
17500.0 46.797454608555356
18000.0 41.91419404673904
18500.0 36.19171407263444
19000.0 31.18472444330358
19500.0 28.514410150576154
