Freq "Floor Bounce"
20.5078 37.97236600000001
21.9727 42.46036500000001
23.4375 45.72737099999999
24.9023 48.103370999999996
26.3672 51.274367999999996
27.832 53.89736899999998
29.2969 56.24736800000001
30.7617 58.72236600000001
32.2266 61.033366999999984
33.6914 62.998363
35.1562 64.79036700000002
36.6211 66.31037099999999
38.0859 68.19336700000001
39.5508 70.042366
41.0156 71.74337000000001
42.4805 73.241371
43.9453 74.58536500000001
45.4102 75.849365
46.875 76.84137
48.3398 77.891365
51.2695 79.333366
52.7344 79.746368
54.1992 80.014366
55.6641 80.213371
58.5938 80.50336499999999
60.0586 80.64637
62.9883 80.888367
64.4531 80.985367
67.3828 81.135368
68.8477 81.211365
71.7773 81.36136599999999
74.707 81.508369
77.6367 81.643372
79.1016 81.717369
82.0312 81.861366
84.9609 81.995369
87.8906 82.108368
90.8203 82.21836899999998
95.2148 82.353371
98.1445 82.420364
101.074 82.48037
105.469 82.545364
108.398 82.575371
112.793 82.607368
117.188 82.617371
120.117 82.622368
124.512 82.63936600000001
128.906 82.634369
133.301 82.561371
139.16 82.434372
143.555 82.389366
147.949 82.367371
300.0 81.64012988143259
307.0 81.69625031600819
315.0 81.75305013243333
325.0 81.81339656541955
335.0 81.86407147619906
345.0 81.90584012589287
355.0 81.93967296264931
365.0 81.96623644760417
375.0 81.98643217593923
387.0 82.00250206821342
400.0 82.01211579788377
412.0 82.01542842348297
425.0 82.01412503277753
437.0 82.00970447806415
450.0 82.00250827753477
462.0 81.99454076089754
475.0 81.9854207293764
487.0 81.97704620358856
500.0 81.96869684113405
515.0 81.96030936633912
530.0 81.95389885868634
545.0 81.94926917359287
560.0 81.94620390658706
580.0 81.94397855769448
600.0 81.94237966036236
615.0 81.94045808237361
630.0 81.93710272104467
650.0 81.92859081880445
670.0 81.91398571584801
690.0 81.89105061523442
710.0 81.85775690293231
730.0 81.8130779024703
750.0 81.75597919199492
775.0 81.66372514556902
800.0 81.5479229708553
825.0 81.40780620802796
850.0 81.24329973302748
875.0 81.05521403987844
900.0 80.84565034655442
925.0 80.61796100952843
950.0 80.37705227500864
975.0 80.13024687688024
1000.0 79.88683895298844
1030.0 79.6137245245828
1060.0 79.38148355447677
1090.0 79.20667958206307
1120.0 79.10741457556445
1150.0 79.08451482837899
1180.0 79.13652090876685
1220.0 79.29455526780562
1250.0 79.45545667833836
1280.0 79.62865649909203
1320.0 79.8484176702288
1360.0 80.02685400189934
1400.0 80.14352197456378
1450.0 80.19429566197665
1500.0 80.14580193451462
1550.0 80.02151990055832
1600.0 79.86007612610108
1650.0 79.70427971713741
1700.0 79.59451001506393
1750.0 79.55368527516363
1800.0 79.58731245994885
1850.0 79.68328229698027
1900.0 79.82075139036021
1950.0 79.97666172011304
2000.0 80.13110292351507
2060.0 80.2928643072848
2120.0 80.4100220246254
2180.0 80.46938082434866
2240.0 80.46542831592309
2300.0 80.40144072567942
2360.0 80.2873964864438
2430.0 80.10914384053443
2500.0 79.90393259047937
2580.0 79.66446896045314
2650.0 79.47246053471785
2720.0 79.3094582557875
2800.0 79.15723156043641
2900.0 78.99365032596991
3000.0 78.84126552191374
3070.0 78.74886188507926
3150.0 78.67532582057041
3250.0 78.65737949722327
3350.0 78.73820665647314
3450.0 78.89834243952113
3550.0 79.08714014759371
3650.0 79.26254841719364
3750.0 79.40193876650785
3870.0 79.50325652123247
4000.0 79.54903888115093
4120.0 79.58522705788492
4250.0 79.64558841943497
4370.0 79.69440320546984
4500.0 79.70468927668063
4620.0 79.70235221050125
4750.0 79.74038275821435
4870.0 79.80422468655755
5000.0 79.8551835342226
5150.0 79.817971808945
5300.0 79.68356908853038
5450.0 79.61793256863358
5600.0 79.77620184763701
5800.0 80.04483252247736
6000.0 80.01881301034305
6150.0 79.94226105438895
6300.0 79.96468942739644
6500.0 80.06893092464522
6700.0 80.07105842593604
6900.0 80.02516777351447
7100.0 80.00943021120162
7300.0 79.96492162820812
7500.0 79.94724955351008
7750.0 79.93994861263967
8000.0 79.685353830676
8250.0 79.3691644678306
8500.0 79.56430656250895
8750.0 79.76519684157972
9000.0 79.48645478781484
9250.0 79.4216330411223
9500.0 79.62604223554145
9750.0 79.35037412663739
10000.0 79.16394268481051
10300.0 79.54215793213969
10600.0 79.12629792966213
10900.0 79.0303689025579
11200.0 79.15258380985978
11500.0 79.10140119739619
11800.0 78.69276427227534
12200.0 78.8911827830417
12500.0 79.11369398581125
12800.0 78.91954865721982
13200.0 79.22319699079863
13600.0 78.648551403881
14000.0 78.62571778303095
14500.0 78.38551603602623
15000.0 78.47333728714962
15500.0 78.49059504945855
16000.0 78.3337773333855
16500.0 78.08480042811713
17000.0 78.13638584244744
17500.0 77.87853229366706
18000.0 77.87228252032729
18500.0 77.86076130729055
19000.0 77.73399916290361
19500.0 77.87264464658816
