Freq "Side Wall Bounce"
22.4 5.782168111258315
23.0 8.700074710034315
23.6 12.080118685678102
24.0 13.834023999551292
25.0 15.160759041327921
25.8 16.488030115487632
26.5 17.91392207191892
27.2 20.759666008250363
28.0 23.592929143135322
29.0 26.326577823870153
30.0 29.124630972286198
30.7 31.35627226960635
31.5 33.238727216336585
32.5 35.12810236453829
33.5 38.617200829239536
34.5 43.231718632225935
35.5 47.23625502767099
36.5 44.89041858192651
37.5 46.14927044752257
38.7 48.02396403060369
40.0 50.17989779255804
41.2 52.209565443842294
42.5 55.33544038496636
43.7 58.7773110421722
45.0 62.10103046514932
46.2 65.55019094968303
47.5 68.47455417948255
48.7 70.7329957569421
50.0 72.36725612457948
51.5 73.41962588730074
53.0 74.36422763100735
54.5 74.84619691668468
56.0 75.72678776364943
58.0 76.64446862274583
60.0 77.2418640060785
61.5 77.52678578650662
63.0 77.70703710541407
65.0 77.87338418915378
67.0 77.98936201214485
69.0 78.26992006142439
71.0 78.62775587377381
73.0 78.91356233963332
75.0 79.28353008000795
77.5 79.68133658946061
80.0 80.03794678697969
82.5 80.21197901507225
85.0 80.25469467534496
87.5 80.15374086939173
90.0 79.98155403908056
92.5 79.92449312512616
95.0 79.96257216582995
97.5 79.79047431418542
100.0 79.67513492966927
103.0 79.49757534712386
106.0 79.41014367696778
109.0 79.16157098583857
112.0 78.84170755527873
115.0 78.62358878020649
118.0 78.5805339642407
122.0 78.51001665484799
125.0 78.49983194428322
128.0 78.47873047718782
132.0 78.4800395572836
136.0 78.49914362993319
140.0 78.43364080992802
145.0 78.34319077049469
150.0 78.26204929872101
155.0 78.20958292615303
160.0 78.15579104346303
165.0 78.152991726154
170.0 78.25730294779757
175.0 78.48359968885676
180.0 78.7037171752866
185.0 78.92318043648113
190.0 79.01032107775684
195.0 78.748150334414
200.0 78.7524253051168
206.0 78.80156316107671
212.0 78.85085241488922
218.0 78.4195413141618
224.0 78.50955307291105
230.0 78.46162879272013
236.0 77.6791585002831
240.0 77.14154155153552
250.0 77.43769173244404
258.0 77.8338764392611
265.0 77.64257365916764
272.0 78.00526256486329
280.0 79.19050404237942
290.0 79.5463410823448
300.0 77.38999697989019
307.0 75.94800025373542
315.0 75.2548643128659
325.0 74.89994881845978
335.0 75.60325355079544
345.0 76.8031722721729
355.0 77.45044011904031
365.0 77.14388680345353
375.0 77.57994842921048
387.0 78.17205247335627
400.0 78.19199740414136
412.0 77.80573841578895
425.0 77.29462978450421
437.0 77.26648100977441
450.0 77.5587740276183
462.0 78.03035630192058
475.0 78.41650631597466
487.0 78.48687431895003
500.0 78.12273405814123
515.0 77.77865704140302
530.0 77.52141249053824
545.0 77.89896859911259
560.0 78.04509043550308
580.0 77.3111750937142
600.0 76.4396251560242
615.0 75.40398336306336
630.0 74.31051769493784
650.0 73.69392989345572
670.0 73.62881857881507
690.0 73.6819073321578
710.0 73.77116763058201
730.0 73.63996380924004
750.0 73.28310435431152
775.0 72.75747188102626
800.0 72.17530437586414
825.0 72.23762530566822
850.0 72.80139050774086
875.0 74.78781578898871
900.0 75.07469213670808
925.0 74.25528873292811
950.0 73.64032714191201
975.0 72.92272263759558
1000.0 72.98672072311906
1030.0 73.35699885881104
1060.0 73.98139951395952
1090.0 74.28649308960622
1120.0 74.64000923423795
1150.0 74.2821371955377
1180.0 73.93615939656704
1220.0 73.39769062040317
1250.0 73.251196725739
1280.0 73.03945086500168
1320.0 73.32247078897812
1360.0 72.66860667824547
1400.0 71.70748206529986
1450.0 71.00575090243241
1500.0 70.88469189441432
1550.0 70.30553813993788
1600.0 69.81604420724184
1650.0 70.03014405075635
1700.0 70.93089037237546
1750.0 72.09223114718985
1800.0 72.59249241500305
1850.0 72.94808351406613
1900.0 73.16968886379425
1950.0 72.92640554207335
2000.0 72.59806487644843
2060.0 71.67481148944832
2120.0 70.45778417863987
2180.0 70.0021738507726
2240.0 69.36245330461064
2300.0 69.66289846633617
2360.0 69.63943212456526
2400.0 69.20747372089917
2500.0 69.09527434759
2580.0 69.08690932804241
2650.0 69.99394964990256
2720.0 71.44762457273151
2800.0 71.47164905426773
2900.0 70.25662641361376
3000.0 70.59691998327784
3070.0 71.50598366120595
3150.0 72.56845915974881
3250.0 71.95483583022555
3350.0 71.55187819690171
3450.0 70.53344989450984
3550.0 71.26551445052462
3650.0 71.43252410174578
3750.0 70.98661061198915
3870.0 70.80923126744713
4000.0 72.24617003202995
4120.0 74.06803214009737
4250.0 75.17894417809333
4370.0 73.77260877314872
4500.0 72.64330761018994
4620.0 71.69756530471615
4750.0 72.19413841055292
4870.0 73.99786993417504
5000.0 75.07729352053164
5150.0 73.3341746915542
5300.0 71.21752920986337
5450.0 69.7437981191236
5600.0 69.69120996951287
5800.0 72.56304510339183
6000.0 72.57744421777363
6150.0 71.53919626708341
6300.0 71.47515641319279
6500.0 71.79469338141628
6700.0 74.47905024310252
6900.0 74.91594896209945
7100.0 73.63086020580165
7300.0 71.11962720877654
7500.0 72.20266069277278
7750.0 73.93319305452603
8000.0 74.18415703784852
8250.0 73.73161081869182
8500.0 73.54161410945112
8750.0 73.84225936148006
9000.0 75.27662841336594
9250.0 74.34537134230258
9500.0 72.46638952855777
9750.0 75.5075843625235
10000.0 76.30867379708516
10300.0 74.8026065639602
10600.0 75.53528203371175
10900.0 74.56280081221011
11200.0 73.24412109914316
11500.0 75.74689047791378
11800.0 76.20286492736018
12200.0 71.66386653559032
12500.0 73.07561545694523
12800.0 74.80645337165319
13200.0 74.21428953108874
13600.0 74.73457642056451
14000.0 72.04223082781687
14500.0 75.02465144794502
15000.0 71.99541073265736
15500.0 67.77921024914433
16000.0 66.92293520181065
16500.0 67.35233174633198
17000.0 64.554115247919
17500.0 65.4354793045855
18000.0 65.14366641923196
18500.0 62.146007209285614
19000.0 55.263192586979486
19500.0 49.18441302087119
