Freq "Floor Bounce"
20.5078 46.94147722635191
21.9727 46.58976273932706
23.4375 48.06632199498176
24.9023 48.73230238856212
26.3672 51.34080841360162
27.832 53.40719131443632
29.2969 55.496219438885106
30.7617 57.97020080390689
32.2266 59.90118880772792
33.6914 62.18393776898671
35.1562 64.38376298312241
36.6211 66.26546523763716
38.0859 68.2755036869304
39.5508 70.2834387997722
41.0156 72.08504233017007
42.4805 73.69251292745639
43.9453 75.11818850040535
45.4102 76.5167424235818
46.875 77.51850768891578
48.3398 78.11066019673879
51.2695 78.99750290947652
52.7344 79.19806822744438
54.1992 79.41373002095042
55.6641 79.58591964833391
58.5938 79.79109899786751
60.0586 79.96386198652307
62.9883 80.30499483388473
64.4531 80.33942749654923
67.3828 80.45987505560903
68.8477 80.5737517721676
71.7773 81.06732721637987
74.707 81.43337423958941
77.6367 81.71500610591283
79.1016 81.89857383219262
82.0312 82.16116886610115
84.9609 82.25213058087854
87.8906 82.60386176971343
90.8203 83.23952626745994
95.2148 82.97084126549387
98.1445 83.21736182677323
101.074 83.37679779762155
105.469 83.55549095262576
108.398 83.73179443432326
112.793 83.96067712251556
117.188 84.15874431366935
120.117 84.1964493639459
124.512 84.11375162570462
128.906 84.13129647666125
133.301 84.13121810351669
139.16 84.05997222469517
143.555 84.00469177063877
147.949 83.95455769883061
153.809 83.89990447475068
159.668 83.8727304888639
165.527 83.95757326359205
171.387 83.96879337681452
177.246 83.87386610978042
183.105 83.57153280483956
188.965 83.58439061329136
196.289 83.63952322303764
203.613 83.56559111983881
210.938 83.71274748476125
218.262 83.54678256944695
225.586 83.51035224611368
232.91 83.59513645596797
241.699 83.66679157896701
250.488 83.62483590997779
259.277 84.03448668808382
268.066 83.87281630852259
276.855 83.68616059553916
287.109 83.84528692656555
297.363 83.78051866071917
307.617 84.04996763142299
319.336 83.97113392860683
329.59 83.98994689495875
341.309 83.94957794588456
353.027 84.0671072330649
366.211 84.19008973552624
379.395 84.48897208035154
392.578 84.554835576102
405.762 84.31098984407019
420.41 84.65809138329595
435.059 84.18634075606761
451.172 84.73854199453673
465.82 84.71942769349096
483.398 84.47851740314918
499.512 84.39132354048321
517.09 85.00456380186012
536.133 83.88070261312734
555.176 84.71231101982592
574.219 84.61830565294686
594.727 84.23089529794284
615.234 84.22102436063456
637.207 84.15309704449479
659.18 84.70541737462767
682.617 83.81541658737498
707.52 84.0510547972789
732.422 84.45785430579005
757.324 84.08114512718313
785.156 84.50371492407626
811.523 84.2796244264628
840.82 84.46457909335702
870.117 84.02090405173246
900.879 84.27952018352255
933.105 83.82813674290239
965.332 84.19210990707148
1000.49 83.38405799588227
1035.64 83.16776550070387
1072.27 82.09047167422838
1108.89 81.52137258219923
1148.44 80.42307138225158
1189.45 80.59283492643866
1230.47 80.89319571584018
1274.41 80.86015374307982
1319.82 82.0700047619467
1366.7 83.4806196196786
1413.57 83.41166868568746
1463.38 83.7696490165332
1516.11 83.36832072463315
1568.85 82.56524977347874
1624.51 82.20211544312623
1681.64 82.50134290727776
1741.7 82.7593365483744
1803.22 84.00970074187842
1866.21 84.3167987604194
1932.13 83.86904150411263
1999.51 83.36502591117289
2069.82 82.29589440315695
2143.07 82.12492244026703
2219.24 82.32725123054787
2296.88 81.96499851122155
2378.91 81.31279288765872
2462.4 80.3704569870609
2548.83 79.98259036939022
2639.65 80.83378434503464
2731.93 80.8906169802495
2828.61 80.3087133524258
2928.22 80.3986933634622
3030.76 80.83062575687131
3137.7 80.97745378018163
3249.02 81.50753063786453
3363.28 81.26616659334576
3481.93 81.16953797312115
3604.98 81.61833117354799
3732.42 81.07685744089972
3864.26 81.36226915881946
4000.49 81.6058392834366
4141.11 80.93094038222856
4287.6 80.91004217922523
4438.48 81.40128296305551
4595.21 82.22014494671393
4756.35 82.83148346800532
4924.8 82.31686232020351
5097.66 82.02552010931669
5277.83 82.23539048183386
5463.87 81.54052022253329
5657.23 81.07328318029275
5856.45 81.6552782412565
6062.99 82.41259548384849
6276.86 82.73436253812251
6498.05 82.32240715510375
6726.56 81.1775965416737
6963.87 80.64405217361971
7209.96 81.65153135117879
7464.84 82.31504801010666
7727.05 82.41170804580752
7999.51 81.44147449910784
8282.23 81.1151191802262
8573.73 81.15034842914213
8876.95 81.51568997243773
9188.96 81.50341349206121
9514.16 81.48425109281186
9849.61 81.7805837161647
10196.8 81.83120864825797
10555.7 81.45932517195477
10927.7 81.32126864226933
11313.0 81.5022942050544
11712.9 81.20402422503548
12126.0 80.99863957514111
12553.7 81.60448813242823
12996.1 81.29818589319652
13454.6 80.8859981821239
13929.2 80.32193017719688
14419.9 80.55875776540205
14928.2 80.52121220850182
15455.6 80.31091652753577
16000.5 81.07515394799788
16564.5 79.60054553904419
17148.9 80.12588079310828
17752.4 79.62128475309039
18379.4 79.39472686346737
19026.9 79.09392649618815
19697.8 78.13214113703008
19999.5 78.2938677391947
