Freq "Side Wall Bounce"
20.5078 56.755183570238614
21.9727 57.24908860933405
23.4375 56.751237830749005
24.9023 60.712210936148296
26.3672 64.87479859063652
27.832 68.79143481974808
29.2969 70.57740738574816
30.7617 72.61255058025935
32.2266 74.08208365728711
33.6914 75.20310545274103
35.1562 76.305335608956
36.6211 77.17037324704516
38.0859 77.8919545521985
39.5508 78.57559827284018
41.0156 79.19340727011149
42.4805 79.76353011607496
43.9453 80.27715213179448
45.4102 80.75877163609194
46.875 81.19280467722585
48.3398 81.58396994434813
51.2695 82.2958689470815
52.7344 82.58760874839243
54.1992 82.93339640376568
55.6641 83.1849041671141
58.5938 83.6404537887538
60.0586 83.79376457862344
62.9883 84.13675193803448
64.4531 84.2994018285562
67.3828 84.53139299888264
68.8477 84.59512342115148
71.7773 84.68760606215888
74.707 84.84465847309126
77.6367 84.95311249199537
79.1016 84.93632816900909
82.0312 84.93387736670186
84.9609 84.97842290465492
87.8906 84.97223077104807
90.8203 84.9396438050891
95.2148 84.91505733370059
98.1445 84.88353098674233
101.074 84.8076044375145
105.469 84.73730280566741
108.398 84.70997676387444
112.793 84.73921233461915
117.188 84.71543944636016
120.117 84.66609874643648
124.512 84.56607233311664
128.906 84.41757308905125
133.301 84.4081418196683
139.16 84.3118685112675
143.555 84.21284100768003
147.949 84.14492795782031
153.809 84.14287706090408
159.668 84.24077803340694
165.527 84.20924978996592
171.387 84.13673122521432
177.246 84.0505366883861
183.105 83.948394265477
188.965 83.90163506076313
196.289 83.8458417324104
203.613 83.74444373713806
210.938 83.71706041277201
218.262 83.6917800493814
225.586 83.6058912796728
232.91 83.61965084070837
241.699 83.73992419287362
250.488 84.06470722103492
259.277 83.91043926118662
268.066 83.97520278917898
276.855 83.82904500453792
287.109 83.90147485465157
297.363 83.79696653572458
307.617 83.89408732662721
319.336 83.69044945677412
329.59 83.62739192738707
341.309 83.85658398319359
353.027 84.1915685157002
366.211 83.85174833323279
379.395 84.114917430513
392.578 84.09652217961901
405.762 83.88708979127455
420.41 83.48307162763797
435.059 83.73446180284162
451.172 83.73795974723821
465.82 83.83378019599101
483.398 83.69830864117655
499.512 83.71906865999541
517.09 83.00150450578778
536.133 82.60855020341648
555.176 83.29740736104883
574.219 83.09673506182631
594.727 82.62511267968594
615.234 82.3982494794281
637.207 82.62231294309453
659.18 82.54403722661658
682.617 82.66579162283475
707.52 82.49807529673372
732.422 82.57068019575179
757.324 81.71914373447947
785.156 81.58463888731012
811.523 81.5028513813524
840.82 81.55284693523967
870.117 81.80280032915772
900.879 81.49927725129153
933.105 81.85053960395865
965.332 81.79809530418146
1000.49 81.9677374047927
1035.64 81.17429388520058
1072.27 81.43456202770795
1108.89 81.00194088806725
1148.44 80.26551467628572
1189.45 80.36635475577458
1230.47 80.33245278053396
1274.41 80.50359569887108
1319.82 80.67093468648402
1366.7 80.96142356473575
1413.57 80.54680601747684
1463.38 80.67922968128151
1516.11 80.21605408580258
1568.85 79.6298270848348
1624.51 79.57387088030902
1681.64 79.39889224798401
1741.7 80.29491655807273
1803.22 80.6834997526564
1866.21 80.8497437208188
1932.13 80.206834816558
1999.51 79.21573273112318
2069.82 78.32395127397558
2143.07 78.59817749204089
2219.24 79.35838583466663
2296.88 79.37667494245864
2378.91 79.29999799708978
2462.4 78.5665372164018
2548.83 78.80799751355929
2639.65 79.24031610165808
2731.93 78.98207195581739
2828.61 78.27574166106261
2928.22 78.52119830869992
3030.76 79.80117159243244
3137.7 79.31517985582092
3249.02 77.35063390552115
3363.28 78.57007397551321
3481.93 79.81273311754865
3604.98 78.82742562007076
3732.42 78.07176724359323
3864.26 77.91161316607511
4000.49 78.04749418653866
4141.11 78.55194643526907
4287.6 77.95465831738044
4438.48 77.61868954715682
4595.21 78.753082808697
4756.35 79.04198441335359
4924.8 78.68248952232784
5097.66 78.27712546119261
5277.83 79.43442444667153
5463.87 78.50227512225437
5657.23 78.91958403444507
5856.45 78.33617691119382
6062.99 78.22342909075972
6276.86 77.96264741497376
6498.05 78.40269737146231
6726.56 77.85970882715563
6963.87 78.37453414604227
7209.96 77.29632601954337
7464.84 77.36993694135712
7727.05 77.30816632837455
7999.51 77.36885481729126
8282.23 77.86266050990059
8573.73 77.96708570472967
8876.95 78.4250089103615
9188.96 78.6306673494688
9514.16 78.44195355031867
9849.61 79.04421501248618
10196.8 78.41624241931254
10555.7 78.99242525917923
10927.7 78.66748620328653
11313.0 77.83917597890992
11712.9 78.47809478526256
12126.0 78.4394116826993
12553.7 77.98360691636127
12996.1 77.94921361619225
13454.6 78.22102144512777
13929.2 78.04188953674789
14419.9 77.40635156353645
14928.2 76.89923259482443
15455.6 76.48629412538138
16000.5 76.26476192797907
16564.5 75.52348079088227
17148.9 75.16829276399383
17752.4 74.49898920913007
18379.4 74.09977881741801
19026.9 74.02006425609125
19697.8 74.08687365035578
19999.5 73.53190371214018
