Freq "Listening Window"
20.5078 58.09405614927526
21.9727 61.461360641125296
23.4375 63.702523429140555
24.9023 65.21968509339855
26.3672 67.66324501423551
27.832 69.38673113869305
29.2969 70.94706932090978
30.7617 72.35080488901441
32.2266 73.68034525767139
33.6914 74.87022657377393
35.1562 75.75291216281697
36.6211 76.5935107158875
38.0859 77.49993510843701
39.5508 78.22982401340083
41.0156 78.83908254797818
42.4805 79.43330744219985
43.9453 80.08540547062502
45.4102 80.66020386576272
46.875 81.02579025975724
48.3398 81.44294575709469
51.2695 82.49520375681675
52.7344 83.04188754359407
54.1992 83.48325131190255
55.6641 83.90405504610942
58.5938 84.86563790519816
60.0586 85.3483398175611
62.9883 86.19168552712449
64.4531 86.68852508682218
67.3828 87.543799701536
68.8477 87.96108873387601
71.7773 88.75844982557089
74.707 89.4844312514367
77.6367 90.0225670028487
79.1016 90.25246080126304
82.0312 90.80998676198956
84.9609 91.1266483071637
87.8906 91.30243322100797
90.8203 91.99664140171595
95.2148 92.36530272949743
98.1445 92.29594891046206
101.074 92.1128456762097
105.469 91.83977387506324
108.398 91.68148528618684
112.793 91.10474658190438
117.188 90.33411627525972
120.117 90.57375664748314
124.512 90.58795304727579
128.906 90.25017703912243
133.301 90.02938907502039
139.16 89.37208063044402
143.555 88.69347885659093
147.949 89.22054664278768
153.809 88.96988350170106
159.668 88.05585870055772
165.527 87.5729337286733
171.387 88.13289657507376
177.246 88.29587818879295
183.105 87.99842069033515
188.965 88.08814242534548
196.289 89.10033920203828
203.613 89.22852437234587
210.938 90.34952774918561
218.262 90.94886257795272
225.586 90.58466029154336
232.91 90.60191584569188
241.699 91.51834079394818
250.488 89.93806729266824
259.277 90.59620173488507
268.066 91.85182747786384
276.855 90.37851459817331
287.109 89.74337407886752
297.363 91.42206409877984
307.617 90.92190156245319
319.336 91.208675819351
329.59 90.7941369007695
341.309 91.2451778369185
353.027 91.87735129543692
366.211 91.51584334902363
379.395 91.27666192621624
392.578 91.14543711965173
405.762 89.4350795869374
420.41 87.21903095806651
435.059 86.6179712395061
451.172 87.12482281357181
465.82 87.90316424840543
483.398 87.92218708527737
499.512 87.55456228120302
517.09 89.18246245724691
536.133 89.75220768372448
555.176 89.39293250045166
574.219 89.37527162124569
594.727 90.02457719413847
615.234 89.31856213474431
637.207 89.2039962664315
659.18 89.11023319515688
682.617 89.16483082611559
707.52 89.2502956702042
732.422 88.83097594829077
757.324 89.68321769544336
785.156 89.92987699916503
811.523 90.9981207634602
840.82 91.44301032660668
870.117 91.47052404514623
900.879 91.52631588038811
933.105 91.2632352656717
965.332 91.38745109473818
1000.49 91.07199317588673
1035.64 90.98363060079724
1072.27 91.11258572167151
1108.89 90.82968569999818
1148.44 90.40179222317227
1189.45 90.36529358494055
1230.47 90.73738493095736
1274.41 90.71001314232161
1319.82 90.81414344032915
1366.7 90.99297738381449
1413.57 90.96463912463558
1463.38 90.4785644367694
1516.11 89.9683198704457
1568.85 89.5488707951564
1624.51 89.60622568008394
1681.64 90.1882738852129
1741.7 90.20336187337786
1803.22 89.91145290035992
1866.21 90.06231428988268
1932.13 90.24126799930174
1999.51 90.30064816581277
2069.82 90.0840776892418
2143.07 90.1335203926497
2219.24 90.20993883055588
2296.88 89.57886120866611
2378.91 89.61711652115766
2462.4 89.91759914951483
2548.83 89.28992486415235
2639.65 88.92847661459145
2731.93 89.37005256547661
2828.61 89.2955223015568
2928.22 88.88550217739196
3030.76 89.43321349176043
3137.7 89.49376468268984
3249.02 89.22915338711674
3363.28 90.31022144687016
3481.93 90.23129333417286
3604.98 90.6425868205922
3732.42 87.9300187695544
3864.26 87.39704841960345
4000.49 87.06774299984797
4141.11 88.55861372313858
4287.6 88.83496082512563
4438.48 89.41729520666875
4595.21 89.62243520304773
4756.35 89.62485986556639
4924.8 89.70011946054264
5097.66 89.53477669542539
5277.83 89.35427224424318
5463.87 89.02986199452732
5657.23 88.33690481359983
5856.45 88.32547949226905
6062.99 88.58047545761443
6276.86 88.93046472846997
6498.05 89.4737333205292
6726.56 89.803984022108
6963.87 90.36822589407542
7209.96 91.07548614218229
7464.84 91.41454677312684
7727.05 90.36056853823699
7999.51 89.6610331745261
8282.23 90.32324876234772
8573.73 90.28340090398795
8876.95 90.11524464876011
9188.96 90.1474026359838
9514.16 90.66181130649262
9849.61 90.8780640747809
10196.8 91.68747254859144
10555.7 91.72760137772717
10927.7 91.45867569575782
11313.0 91.33784242395157
11712.9 91.73559954398362
12126.0 91.40876570873618
12553.7 91.52144317904332
12996.1 92.29471886046147
13454.6 91.37558071984468
13929.2 91.39008867852692
14419.9 91.41297179410122
14928.2 90.02361857616334
15455.6 88.37566079275123
16000.5 89.14339292255623
16564.5 90.12094088987953
17148.9 91.12241445765115
17752.4 92.55644780147206
18379.4 92.81622677363688
19026.9 91.280713880714
19697.8 83.89509187297745
19999.5 80.17788189797803
