Freq "Sound Power"
20.5078 49.12967641336314
21.9727 51.91788787387375
23.4375 56.16467449861844
24.9023 59.29706404384976
26.3672 62.028336118432776
27.832 65.20048450893195
29.2969 69.67937237889817
30.7617 71.92401745721051
32.2266 74.08259215758608
33.6914 75.99384749261606
35.1562 77.70179707012504
36.6211 78.99269285142299
38.0859 79.68798328327497
39.5508 80.27122392661285
41.0156 80.84413380033877
42.4805 81.43834944942442
43.9453 81.88941212777395
45.4102 82.72455620579353
46.875 82.93609399036849
48.3398 83.13667955286766
51.2695 83.54727227822859
52.7344 83.70178835419809
54.1992 83.89336139049202
55.6641 84.0124954699205
58.5938 84.44895928268402
60.0586 84.53899153541272
62.9883 84.67039194077299
64.4531 84.74309266253267
67.3828 84.89577314007029
68.8477 85.07177846658935
71.7773 85.08524704796048
74.707 85.2305863315768
77.6367 85.40214876874151
79.1016 85.44190720574704
82.0312 85.63791892598704
84.9609 85.98752218128818
87.8906 86.2059258280004
90.8203 86.4350380406911
95.2148 86.82451847027306
98.1445 86.99717916446735
101.074 87.09567182487962
105.469 87.34999821714291
108.398 87.5063605576444
112.793 87.58402151609404
117.188 87.56235005993298
120.117 87.73752680629131
124.512 87.90886340820357
128.906 87.97806397098988
133.301 87.8856923359364
139.16 87.50907541351397
143.555 87.16163819203996
147.949 86.75113937239763
153.809 86.45055263070097
159.668 86.15806661011985
165.527 85.94149846874777
171.387 85.88030977487541
177.246 85.45716020295896
183.105 85.10886466303121
188.965 84.97796701605638
196.289 84.82672953389203
203.613 84.55619449965876
210.938 84.2900964698638
218.262 84.34407188115338
225.586 84.54466332311509
232.91 84.55942270650394
241.699 84.93847223913369
250.488 84.83716982389831
259.277 85.17110443621183
268.066 85.17432903881206
276.855 84.87106357947575
287.109 84.89393271628632
297.363 84.62812559074025
307.617 84.66724097858486
319.336 84.27802226665275
329.59 84.01308675545559
341.309 84.15589776205331
353.027 84.49950915119366
366.211 84.41797677372344
379.395 84.00221630679229
392.578 84.16248449285163
405.762 83.86358693238729
420.41 83.78530236863399
435.059 84.14996198510404
451.172 84.27914044787599
465.82 84.1884349038369
483.398 83.89143417185402
499.512 83.72257474857938
517.09 84.03714130786214
536.133 84.29071451593943
555.176 83.71872792739751
574.219 83.47578449024876
594.727 83.57249886601191
615.234 83.37856159609964
637.207 83.49649120410213
659.18 83.00870833621698
682.617 83.31439050385521
707.52 82.74993418384157
732.422 82.89747534015079
757.324 82.58693173880326
785.156 82.63437545778746
811.523 83.1894668513482
840.82 82.89609090269096
870.117 84.19214161252941
900.879 83.49070485428088
933.105 82.91203132643774
965.332 83.31689816272545
1000.49 82.75744773276762
1035.64 82.9567124655425
1072.27 83.31352940528123
1108.89 82.51031962282016
1148.44 82.5463331222712
1189.45 81.92342719666429
1230.47 82.78781139868235
1274.41 81.51662292817814
1319.82 81.89063731994133
1366.7 81.39182282327181
1413.57 81.56823485731843
1463.38 82.29306137928546
1516.11 81.68920167635783
1568.85 81.60345687546491
1624.51 81.5596616716339
1681.64 81.44183551476182
1741.7 81.36498570396974
1803.22 81.49564735195308
1866.21 80.95775138854546
1932.13 80.23876218212726
1999.51 80.50982272903246
2069.82 80.8973520297873
2143.07 80.81111013576789
2219.24 80.29649466314531
2296.88 81.00853769974756
2378.91 81.53125174489023
2462.4 81.44203771735074
2548.83 81.98314253235446
2639.65 82.35085888264226
2731.93 82.16259892383579
2828.61 82.63455390957185
2928.22 82.63399333619539
3030.76 82.45153615582673
3137.7 82.37235455873045
3249.02 82.31069816084694
3363.28 81.73973985163053
3481.93 82.32758565264777
3604.98 81.91243561868541
3732.42 81.48640140405924
3864.26 81.77849330336679
4000.49 81.35670710551913
4141.11 81.52215578292387
4287.6 81.50205314509822
4438.48 81.09884372815588
4595.21 81.11384384376987
4756.35 80.61107482883085
4924.8 80.94845018353206
5097.66 80.69603064091552
5277.83 80.77461959247644
5463.87 80.71920925707965
5657.23 80.80527679492144
5856.45 80.70952873997544
6062.99 80.62498177385132
6276.86 80.70112366587924
6498.05 80.50688592846797
6726.56 80.26247666170539
6963.87 80.20138503013395
7209.96 80.04164273446388
7464.84 79.8512506917812
7727.05 79.66903963607702
7999.51 79.41286544445414
8282.23 79.15121017065451
8573.73 78.83199318237078
8876.95 78.77836598824152
9188.96 78.83270938672308
9514.16 78.80340995344005
9849.61 78.71609800390048
10196.8 78.58383797283979
10555.7 78.43255564037779
10927.7 78.263415126003
11313.0 78.15575887614071
11712.9 78.02698336072643
12126.0 77.89895884474765
12553.7 77.7394472693567
12996.1 77.40735480672521
13454.6 77.06786257844996
13929.2 77.00858775349867
14419.9 76.8893358403659
14928.2 76.64720714481845
15455.6 76.29718738840992
16000.5 75.97789928712199
16564.5 75.64538615870137
17148.9 75.24519323348497
17752.4 74.67094029996434
18379.4 73.99501655568017
19026.9 73.36687822260019
19697.8 72.77813410497957
19999.5 72.55680954288316
