Freq "Side Wall Bounce"
20.5078 67.94566872566342
21.2402 68.6839163809248
21.9727 70.63485447124008
22.7051 70.61681585572661
23.4375 71.7436834479518
24.1699 72.2994478793563
25.6348 70.9835298870193
26.3672 71.68312405237339
27.0996 73.20883488088388
27.832 73.59608167455069
29.2969 73.90037800580262
30.0293 73.80411382090436
31.4941 74.18432336318236
32.2266 74.30925017437562
33.6914 73.97368703089329
34.4238 74.3458930061484
35.8887 75.27129496154326
37.3535 75.3547172411142
38.8184 75.97038501539242
39.5508 75.91863042750812
41.0156 76.30419180165741
42.4805 76.25022283522257
43.9453 76.60625986675552
45.4102 77.07664729622412
47.6074 77.35315613233618
49.0723 77.71935697474544
50.5371 77.84095507066304
52.7344 78.13669295404308
54.1992 78.32841874214539
56.3965 78.33977812894081
58.5938 78.17191613604906
60.0586 78.19321990217448
62.2559 78.24710733471927
64.4531 78.15689973886087
66.6504 77.9377590110816
69.5801 77.74433709996063
71.7773 77.72489272245198
73.9746 77.5752639202215
76.9043 77.11901723100193
79.834 77.16019321275026
82.7637 76.9228170651088
85.6934 76.9968518502953
88.623 76.85760660020713
91.5527 76.79686506024412
94.4824 76.71816394958307
98.1445 76.56236738748635
101.807 76.72779004031024
105.469 76.64047284175955
109.131 76.62376510573519
112.793 76.4299313035647
116.455 76.51893771197282
120.85 76.53591304186159
125.244 76.57755331782394
129.639 76.47988159083225
134.033 76.41356851352627
138.428 76.23992424249279
143.555 76.07814107320839
148.682 75.85729947409598
153.809 75.68053494169821
159.668 75.13979529860998
164.795 74.66582065686951
170.654 74.21387774824579
176.514 74.20747932529302
183.105 73.98307722948819
189.697 73.95086709184295
196.289 73.76260266491018
202.881 74.08834957415245
210.205 74.3336057461657
217.529 74.64306380547318
225.586 74.97364447156748
232.91 75.26121285149658
241.699 74.94839409239819
249.756 74.38304207972928
258.545 75.21783868577964
268.066 75.92039145433968
277.588 74.42190690114528
287.109 75.95649731711389
297.363 75.85613259678463
307.617 75.14444353903092
318.604 75.44365576225117
329.59 75.2123129243471
341.309 75.89125383321148
353.76 76.51277572133624
366.211 74.95050221305172
378.662 76.63382563009041
392.578 77.4898409754543
405.762 77.74530086700291
420.41 78.75939869978419
435.059 79.31338059701268
450.439 79.02478030912457
466.553 78.6061220193735
482.666 78.4727563644441
500.244 78.7653971690685
517.822 78.58233946878522
536.133 78.14833359464247
554.443 77.93469512278223
574.219 76.94848215568136
594.727 77.11662402889304
615.234 75.52553602053742
637.207 76.75567274703135
659.912 74.69863870637981
683.35 74.08592892418157
706.787 75.47535458551233
731.689 75.15744936940852
758.057 76.08577832404929
784.424 75.35589816275551
812.256 76.09814148097351
840.82 76.4882569147271
870.85 77.72020082725592
901.611 76.2623127910862
933.105 76.60441713966286
966.064 77.60826415194005
999.756 76.56967016526032
1034.91 77.03946799934086
1071.53 76.16686149522546
1109.62 77.00904091617296
1148.44 76.5957293227627
1189.45 76.06640465803461
1231.2 77.63724930193173
1274.41 77.07360400454857
1319.82 75.54001707275098
1365.97 76.04933607062489
1414.31 75.51189900887658
1464.11 76.23105292991544
1515.38 76.07679673142285
1568.85 75.25469725733338
1624.51 73.85301442786486
1681.64 73.40351898666917
1740.97 73.95029039565775
1802.49 74.84275196181652
1866.21 75.2970491642818
1932.13 74.85919967042695
2000.24 73.79293570611252
2070.56 73.31524216819172
2143.8 73.24050769500244
2219.24 72.52250002246309
2297.61 72.99059241065468
2378.17 74.04678415017061
2462.4 74.4899805975802
2548.83 73.94018529486866
2638.92 74.21605456794917
2731.93 74.22875601854123
2828.61 74.03383726515821
2928.22 74.489555956098
3031.49 73.81800236950077
3138.43 73.05343115741644
3249.02 73.57964972052137
3363.28 74.24411432545934
3481.93 74.35683169711969
3604.98 73.73371980774009
3732.42 73.434999054365
3863.53 73.26298607790443
3999.76 72.89385174672486
4141.11 73.11342144132479
4286.87 71.9140298135721
4438.48 72.57744397053663
4594.48 72.31175325351207
4757.08 72.01559223006225
4924.8 71.94646127708721
5098.39 73.23320219091529
5277.83 72.6815727009014
5463.87 72.37769047868723
5656.49 72.53940135079505
5856.45 71.32671374733741
6062.99 70.5226254199469
6276.86 71.58348915111411
6498.05 71.41193600548635
6727.29 72.310814911225
6964.6 72.57259897924743
7209.96 72.69085029112647
7464.11 72.27893094334122
7727.78 72.61098241048673
8000.24 71.91927290113459
8282.23 71.80936435053292
8574.46 71.50334308426135
8876.22 71.08548913484488
9189.7 70.84373799137173
9513.43 70.2138571380713
9848.88 69.58312192030502
10196.8 70.68546472299548
10556.4 70.4591051746934
10928.5 70.04737045612983
11313.7 69.41444928238595
11712.9 69.02344283758127
12126.0 69.04987532016324
12553.7 69.0936031616772
12996.1 69.07264869399259
13454.6 68.7677066656448
13928.5 68.53702459485196
14419.9 68.3893876380606
14928.2 68.83876059062625
15454.8 69.35036881962415
15999.8 69.80425106557983
16564.5 70.0039672150248
17148.2 69.52946393802377
17753.2 68.27868122803653
18379.4 66.50701163518055
19027.6 62.923128815006535
19698.5 59.431241023655545
19999.5 57.78601200041483
