Freq "Rear Wall Bounce"
20.5078 61.368735379979555
21.9727 60.49274870210503
23.4375 62.132725383212076
24.9023 62.790165307233835
26.3672 63.217586110241044
27.832 64.20281777650438
29.2969 64.91501326554041
30.7617 65.72652306569354
32.2266 66.72283027647599
33.6914 67.2140432241019
35.1562 67.63554863362853
36.6211 68.65834416709079
38.0859 69.0777309931715
39.5508 69.92415438172762
41.0156 70.3674220947532
42.4805 71.00309720901349
43.9453 71.64496068279077
45.4102 72.34936658870835
46.875 72.79607639394403
48.3398 73.52820456976949
51.2695 74.35565874125923
52.7344 75.27022160173257
54.1992 75.56721148428954
55.6641 75.62785600570163
58.5938 76.90887432776475
60.0586 77.36133235554823
62.9883 78.10383118736765
64.4531 78.50806854200704
67.3828 79.31327692916823
68.8477 79.70857585988026
71.7773 80.54351484745905
74.707 81.21618440605447
77.6367 81.90789477264254
79.1016 82.24793127965377
82.0312 82.93293720129702
84.9609 83.8099729126527
87.8906 84.04680829240951
90.8203 84.33208632069604
95.2148 85.08739941059366
98.1445 85.4526514437377
101.074 85.76635956656374
105.469 86.22667274671657
108.398 86.43826541676684
112.793 86.73504682658121
117.188 87.0609572920694
120.117 87.14807421200152
124.512 87.47606037147825
128.906 87.58021289778837
133.301 87.71154289258145
139.16 87.74713172848911
143.555 87.73566971266824
147.949 87.69974741834481
153.809 87.65834501404764
159.668 87.68884111424511
165.527 87.76150549148197
171.387 87.61448291370552
177.246 87.39067686312866
183.105 87.11457165923977
188.965 86.87037391533325
196.289 86.69090881686512
203.613 86.47307295287762
210.938 86.43329460847416
218.262 86.40082496777855
225.586 86.224250506078
232.91 85.92082617018076
241.699 85.70268694552166
250.488 85.23315749386622
259.277 85.25098938180749
268.066 84.8215506692538
276.855 84.3836957282053
287.109 84.15720455210153
297.363 83.97755006564195
307.617 83.62596356659513
319.336 83.45711020991001
329.59 82.95123101595505
341.309 82.8215498405138
353.027 82.2907383098208
366.211 81.72603937903484
379.395 82.14676877481058
392.578 82.12026153701783
405.762 81.47202210646257
420.41 81.15452789889306
435.059 80.52153956631057
451.172 81.78593149879568
465.82 80.97519144940976
483.398 80.49057219137714
499.512 80.4193247910594
517.09 80.86029493496297
536.133 79.78017253192819
555.176 78.67522710647808
574.219 78.90114351032557
594.727 79.80985232867911
615.234 79.23857395373764
637.207 79.87061288199061
659.18 79.31539255334681
682.617 78.89540040409675
707.52 79.31328960438539
732.422 78.92426214796662
757.324 79.29156470672861
785.156 79.22353793146858
811.523 78.96146795081354
840.82 78.66003409874841
870.117 77.81792793519246
900.879 77.2959055920662
933.105 77.22370315593832
965.332 75.91504985482844
1000.49 76.83799926399669
1035.64 76.16481628550703
1072.27 75.82073221274486
1108.89 75.63306933468029
1148.44 76.21223037483281
1189.45 75.6630146613149
1230.47 76.09213058571879
1274.41 75.38783780335363
1319.82 74.83964591347527
1366.7 74.74923071759666
1413.57 73.16915533305259
1463.38 72.64421472256468
1516.11 73.80549336937196
1568.85 74.66048918887597
1624.51 74.543134094555
1681.64 74.4481656174234
1741.7 73.92969057643481
1803.22 76.03779844978246
1866.21 75.44670168566148
1932.13 73.25663956075675
1999.51 71.06913122012881
2069.82 75.10415510586428
2143.07 75.2832392763813
2219.24 76.04872366852578
2296.88 72.74370061373726
2378.91 73.05131983040657
2462.4 71.99321618354672
2548.83 72.57658551627308
2639.65 72.75513496396404
2731.93 71.86014899984683
2828.61 70.97879765971847
2928.22 69.64168919358703
3030.76 68.83686838685412
3137.7 69.96372497158764
3249.02 70.40940507164952
3363.28 69.42701541565812
3481.93 68.96526638725322
3604.98 70.80112426411728
3732.42 70.37001796796676
3864.26 69.69683591115073
4000.49 69.52305296473774
4141.11 67.45515646370353
4287.6 66.29014358094939
4438.48 67.99727004576005
4595.21 70.4126629924351
4756.35 71.16747286523388
4924.8 71.36575224071069
5097.66 71.88250932796304
5277.83 70.7510379926902
5463.87 69.87352987403744
5657.23 70.58429419048399
5856.45 70.80983380319124
6062.99 71.13386712903697
6276.86 71.00181398167325
6498.05 70.63038171343247
6726.56 70.643193656013
6963.87 69.97141899164716
7209.96 70.28559239112987
7464.84 68.8522654139676
7727.05 70.21924813938229
7999.51 70.92484486537329
8282.23 70.7244825673241
8573.73 70.31961225547957
8876.95 69.89760145875091
9188.96 69.1630739786749
9514.16 67.37257985095147
9849.61 68.08109393421763
10196.8 67.04904291234617
10555.7 66.2506584651172
10927.7 65.2329223097446
11313.0 65.35439199866379
11712.9 64.15410443157434
12126.0 61.099394356098074
12553.7 59.537970742713654
12996.1 60.64111386652594
13454.6 60.28149356957094
13929.2 57.639497284981374
14419.9 57.43196205460437
14928.2 58.96119839127262
15455.6 58.53007054109277
16000.5 57.42228469620376
16564.5 57.413574310639845
17148.9 56.981477444815525
17752.4 56.08871912928494
18379.4 54.882046815334476
19026.9 53.45541249444106
19697.8 54.512616734261385
19999.5 60.32762013221425
