Freq "Early Reflections DI"
20.5078 39.759420164116534
21.9727 39.882464827656065
23.4375 39.71835719754668
24.9023 39.39282137309681
26.3672 39.331641212865975
27.832 39.39432682860601
29.2969 39.45713931282167
30.7617 39.42515015370033
32.2266 39.50625166173623
33.6914 39.52326687307483
35.1563 39.540517502385654
36.6211 39.55627813129317
38.0859 39.59675689370148
39.5508 39.601109712902044
41.0156 39.65960894987029
42.4805 39.687187763475364
43.9453 39.71565879491136
45.4102 39.73734919722713
46.875 39.72781361108068
48.3398 39.721189286340675
51.2695 39.780798914609775
52.7344 39.80145613984898
54.1992 39.80754961289993
55.6641 39.8437683545436
58.5938 39.85232273274737
60.0586 39.85354098825616
62.9883 39.87083663909078
64.4531 39.876816870762
67.3828 39.8903282056563
68.8477 39.898391817326825
71.7773 39.918602023013804
74.707 39.939161088719544
77.6367 39.94360638770901
79.1016 39.950863855924084
82.0313 39.966988318934966
84.9609 39.964293321172875
87.8906 39.99232537118763
90.8203 40.02074744025177
95.2148 40.03514774133848
98.1445 40.03364887568743
101.074 40.06080642490957
105.469 40.07461015422329
108.398 40.08947632313942
112.793 40.11860903763585
117.188 40.14197157512352
120.117 40.14797519452155
124.512 40.15915133420215
128.906 40.201146913204326
133.301 40.21347289519427
139.16 40.228839321045385
143.555 40.257710025806404
147.949 40.29360255940193
153.809 40.34175853955968
159.668 40.3613898655923
165.527 40.35669223420581
171.387 40.383788644969144
177.246 40.41204505891747
183.105 40.49773774744156
188.965 40.555330144999715
196.289 40.50077556784109
203.613 40.53702841860728
210.938 40.59063521672002
218.262 40.59942207413185
225.586 40.64263016873966
232.91 40.7922181659291
241.699 40.73295634962352
250.488 40.80908060365395
259.277 40.89491075574547
268.066 40.87377552041738
276.855 41.09377810285271
287.109 41.04366309761605
297.363 41.067954076496605
307.617 41.0539076911752
319.336 41.01904008460028
329.59 41.04448401992096
341.309 41.0223821426393
353.027 41.20869169987178
366.211 41.2259795231886
379.395 41.25769819582078
392.578 41.00649073895438
405.762 41.146375028588935
420.41 41.48883722012921
435.059 41.229258353195874
451.172 41.640366636083556
465.82 41.5632702723091
483.398 41.527001842244516
499.512 41.73102595004708
517.09 41.852808273166914
536.133 42.165662563434466
555.176 42.26884361558773
574.219 42.0542132086468
594.727 41.99006167077903
615.234 42.1451178568762
637.207 42.08114266588018
659.18 42.215679668837296
682.617 42.15753393720787
707.52 42.03469583418524
732.422 42.17904358284174
757.324 42.18433798912878
785.156 42.104409809304585
811.523 42.24498851912948
840.82 42.33127364544997
870.117 42.33896432061216
900.879 42.4434046142503
933.105 42.64696034730042
965.332 42.850010461574556
1000.49 43.119968604089664
1035.64 43.30811254552553
1072.27 43.31321139640329
1108.89 43.00730029384151
1148.44 42.855597280977605
1189.45 42.95031801074602
1230.47 43.227311799088724
1274.41 43.246832972590965
1319.82 43.29578621581389
1366.7 43.196535843033416
1413.57 43.446963462102204
1463.38 43.96866530607906
1516.11 44.2013171563853
1568.85 44.24352790372278
1624.51 44.42226986231148
1681.64 44.7659017620129
1741.7 45.0124424605759
1803.22 45.191316001321
1866.21 45.215523790186694
1932.13 44.5063679218118
1999.51 44.22951882034299
2069.82 43.94137171026135
2143.07 43.92578713555551
2219.24 44.028419493925
2296.88 43.61767817866928
2378.91 43.19413625100732
2462.4 43.274168403105776
2548.83 42.98844078011807
2639.65 43.127597837044064
2731.93 43.212100562962874
2828.61 42.82152314382061
2928.22 42.894606175799126
3030.76 42.45491430314158
3137.7 42.2681573793578
3249.02 42.10145887101986
3363.28 41.80958306606871
3481.93 41.7871696648743
3604.98 41.62936227536365
3732.42 41.41850539141822
3864.26 41.416055935579394
4000.49 41.15017062341347
4141.11 41.340666704452744
4287.6 41.46326919760722
4438.48 41.644488551060434
4595.21 41.73821972031861
4756.35 42.068126065685504
4924.8 41.82253035304312
5097.66 42.04699878839483
5277.83 42.28045349207254
5463.87 42.2578147754525
5657.23 42.45570123288887
5856.45 42.77514387421441
6062.99 42.97440504037448
6276.86 43.20045496648561
6498.05 43.52124962403239
6726.56 43.742598295194725
6963.87 43.918914174679585
7209.96 43.86477056122662
7464.84 43.894758930522315
7727.05 43.84213033265681
7999.51 43.76941366716967
8282.23 43.59733417970264
8573.73 43.442276868232554
8876.95 43.30841229728942
9188.96 43.234534190353145
9514.16 43.33583255767151
9849.61 43.43566743608538
10196.8 43.65931881661366
10555.7 43.778005411817404
10927.7 43.973471274509265
11313.0 44.27153749158754
11712.9 44.54572123817843
12126.0 44.7053128385937
12553.7 44.90165484496465
12996.1 45.07161182920524
13454.6 45.107803176737534
13929.2 45.13871467796798
14419.9 45.32654184148832
14928.2 45.58306964664281
15455.6 45.81927122564784
16000.5 46.045251547214974
16564.5 46.20425323395453
17148.9 46.37624635030369
17752.4 46.47277305405075
18379.4 46.478832990130954
19026.9 46.60282062106394
19697.8 46.68994711595906
19999.5 46.71766421502767
