Freq "Ceiling Bounce"
20.5078 57.53374685138134
21.9727 58.925959661636185
23.4375 60.26047446257836
24.9023 62.04324486326699
26.3672 63.225173303494856
27.832 64.87008162946685
29.2969 66.07240795448017
30.7617 67.25261202241224
32.2266 68.20955563054817
33.6914 69.27880148673641
35.1562 70.31541222047369
36.6211 71.16090873564836
38.0859 72.00693080677301
39.5508 72.84105024138647
41.0156 73.66660843646578
42.4805 74.36754077266448
43.9453 75.11780989111901
45.4102 75.75064209220434
46.875 76.44113686433285
48.3398 76.8816256880886
51.2695 77.90748265667965
52.7344 78.4334964828867
54.1992 78.9590651643153
55.6641 79.3956588712749
58.5938 80.11950265921898
60.0586 80.52093787946127
62.9883 81.13254669860997
64.4531 81.35206770181642
67.3828 81.77405553471775
68.8477 81.95542433313592
71.7773 82.47030690483587
74.707 82.87879870419697
77.6367 83.24743848059376
79.1016 83.41572564605416
82.0312 83.53050385308546
84.9609 83.78140586992328
87.8906 84.25114134121482
90.8203 84.54909759424665
95.2148 84.59981193703346
98.1445 84.8331246909692
101.074 84.82073568941365
105.469 85.12727973630918
108.398 85.3079591384117
112.793 85.45249785030303
117.188 85.66887503836514
120.117 85.68222404212217
124.512 85.68481452564188
128.906 85.67951509136168
133.301 85.74508814846209
139.16 85.7530546904064
143.555 85.76298338659942
147.949 85.73027096183449
153.809 85.7178545633888
159.668 85.68043028809122
165.527 85.77212563026232
171.387 85.69962244870999
177.246 85.67338886574217
183.105 85.55175174699754
188.965 85.45445920986482
196.289 85.3817323023117
203.613 85.29576593387465
210.938 85.11429472970947
218.262 84.81958367190242
225.586 84.79424502696727
232.91 84.77270967354772
241.699 84.52737553267205
250.488 84.33789034231252
259.277 84.46468401135677
268.066 84.0440042702382
276.855 84.22050603478583
287.109 83.76568067001016
297.363 83.83937109140332
307.617 83.74641505493389
319.336 82.93600952592534
329.59 82.9427065578025
341.309 82.71751605970893
353.027 82.90086017872031
366.211 82.16150420802929
379.395 82.3367875232363
392.578 81.77360749241255
405.762 81.014834960243
420.41 81.47427757830476
435.059 80.36507341129456
451.172 80.18425220969579
465.82 79.61788590490676
483.398 79.62934946323347
499.512 79.07239378598508
517.09 78.19789924116311
536.133 77.38705779955777
555.176 76.78284257750147
574.219 74.90782339908493
594.727 72.85258407900064
615.234 70.96757174213862
637.207 73.09238280476931
659.18 74.33532201813706
682.617 72.7586490382161
707.52 71.75389243720794
732.422 72.75206376585514
757.324 71.71230241437732
785.156 72.57975306363622
811.523 73.37998376727244
840.82 72.73824461523742
870.117 73.88786564582655
900.879 73.79342896595897
933.105 69.53059485750224
965.332 77.23388227258323
1000.49 76.61301965212348
1035.64 74.41946974928912
1072.27 77.81476148935772
1108.89 77.99063099260049
1148.44 79.4047454612122
1189.45 78.7039699036466
1230.47 77.25205591927423
1274.41 79.47286661053843
1319.82 80.33996144349503
1366.7 82.07777635837034
1413.57 82.70107215570934
1463.38 83.70618400760144
1516.11 82.44475399267844
1568.85 82.59369784203368
1624.51 83.13204642669801
1681.64 83.69614680930134
1741.7 84.3924524091074
1803.22 83.37028967353174
1866.21 82.9684527537217
1932.13 81.44662697224851
1999.51 79.87747626248012
2069.82 78.81315290233879
2143.07 77.88500176186031
2219.24 76.96339150209529
2296.88 75.47818007361917
2378.91 74.32439632326509
2462.4 76.15897884052917
2548.83 76.34542480035823
2639.65 75.89289124810445
2731.93 76.40430060202993
2828.61 78.98482106216672
2928.22 81.31306683701838
3030.76 82.46227238745932
3137.7 84.15646506806932
3249.02 84.11893593553674
3363.28 83.56222109079245
3481.93 84.5109026811706
3604.98 84.91209387210154
3732.42 85.94120212798603
3864.26 85.67328078391387
4000.49 85.52680692912587
4141.11 86.05180819145811
4287.6 85.83143127024046
4438.48 85.78219280590689
4595.21 85.1362275920301
4756.35 83.39785505141693
4924.8 83.9038899188278
5097.66 83.35472685275606
5277.83 84.27285124087308
5463.87 84.5732356733841
5657.23 83.77642229571528
5856.45 82.42375804586295
6062.99 81.44062766453717
6276.86 81.15175870830643
6498.05 82.45239729557348
6726.56 83.0173362261
6963.87 82.1458479049738
7209.96 82.54001207001524
7464.84 81.95118735209867
7727.05 80.98230189729816
7999.51 80.9375600781827
8282.23 80.24054415834614
8573.73 80.41035904746217
8876.95 80.0374596766955
9188.96 79.98262094720982
9514.16 79.19156352079602
9849.61 78.01697031404565
10196.8 77.57726754944953
10555.7 77.11527291457163
10927.7 76.62601058125576
11313.0 76.23892636743251
11712.9 75.19616560492535
12126.0 74.41862834153277
12553.7 73.58313600150196
12996.1 72.59966911489964
13454.6 72.86072700857079
13929.2 72.38343283171918
14419.9 72.14656316951333
14928.2 71.13677716752447
15455.6 70.52472173779823
16000.5 69.42497976862276
16564.5 69.15481037558315
17148.9 69.10016356491793
17752.4 70.380489693879
18379.4 70.74106981704652
19026.9 70.34408406003037
19697.8 70.60350990776213
19999.5 71.31553314964147
