Freq "Estimated In-Room Response"
20.5078 49.351237078449884
21.2402 33.048289486566034
21.9727 43.99994854341355
22.7051 48.270158207193646
23.4375 42.96933265469201
24.1699 32.81553897135856
25.6348 47.41051207629104
26.3672 46.77822665686668
27.0996 49.15489610254372
27.832 44.54303645579003
29.2969 53.77859925386517
30.0293 55.321784536948456
31.4941 46.129621589891826
32.2266 47.4731941331473
33.6914 53.68733010830968
34.4238 52.82596389538324
35.8887 54.34318628462319
37.3535 57.905489153556005
38.8184 61.829858103057234
39.5508 63.86189322528617
41.0156 68.03455655047061
42.4805 71.88701806693986
43.9453 75.07621065984975
45.4102 77.8791657639951
47.6074 81.16252554378539
49.0723 82.72419160977061
50.5371 83.82394047010779
52.7344 84.84337808754734
54.1992 85.20195716780015
56.3965 85.45814060707457
58.5938 85.48991823326229
60.0586 85.517883230454
62.2559 85.59906591838336
64.4531 85.57496708306964
66.6504 85.58102550989204
69.5801 85.54803485458949
71.7773 85.54785252115188
73.9746 85.54910768250936
76.9043 85.55142191885315
79.834 85.58026979656805
82.7637 85.58364961533798
85.6934 85.51230293054303
88.623 85.66159644080446
91.5527 85.71887431298215
94.4824 85.7070231629272
98.1445 85.67807627176242
101.807 85.7735902616284
105.469 85.72605579344483
109.131 85.74163059342645
112.793 85.75783982813492
116.455 85.78149744720145
120.85 85.79917468421222
125.244 85.83136272640111
129.639 85.78794426497214
134.033 85.64714059710761
138.428 85.75028931912108
143.555 85.85053258879832
148.682 85.74085854580781
153.809 85.70139946255375
159.668 85.62332981108258
164.795 85.71156296136722
170.654 85.78915854013239
176.514 85.65389738726263
183.105 85.66619086471741
189.697 85.67518532823756
196.289 85.58636971114933
202.881 85.6402169143605
210.205 85.66638231295036
217.529 85.60151837733478
225.586 85.55404742615046
232.91 85.5880499754727
241.699 85.52073764238638
249.756 85.71241243612832
258.545 85.75643842170268
268.066 85.62385604693883
277.588 85.67545348904196
287.109 85.60192453445033
297.363 85.35071633630582
307.617 85.37314616123385
318.604 85.09783502362104
329.59 85.1344762762528
341.309 84.69095577359892
353.76 84.80117745476315
366.211 85.27142783946184
378.662 85.2178008183267
392.578 85.25983941727368
405.762 84.98579581082448
420.41 85.04729253757567
435.059 84.9652188758572
450.439 84.60637630023439
466.553 84.43170791242888
482.666 85.20010508510212
500.244 85.13913085161848
517.822 85.01394151730311
536.133 84.78327581554461
554.443 84.31178387877975
574.219 84.17597486497074
594.727 84.34120121533844
615.234 84.59905121598702
637.207 84.79835706003585
659.912 84.79627499310067
683.35 84.71706840501163
706.787 84.67292295936963
731.689 84.9064624572202
758.057 84.50844301868074
784.424 84.23162448410716
812.256 84.30984387622661
840.82 84.48572845440647
870.85 84.47450637985038
901.611 84.56931525296636
933.105 84.6777553281797
966.064 84.48899399134051
999.756 84.47007976963656
1034.91 84.11851314313687
1071.53 84.03566868023555
1109.62 84.18556131411087
1148.44 84.12965473994595
1189.45 84.5725579236908
1231.2 84.51190152917526
1274.41 84.3366963307979
1319.82 83.50424540328657
1365.97 82.72470294440832
1414.31 82.50665782277349
1464.11 83.07893249915492
1515.38 83.33148761943127
1568.85 83.10577977538009
1624.51 82.55721003685646
1681.64 82.61953577432791
1740.97 82.67475589337651
1802.49 82.56007641569826
1866.21 82.14592266928662
1932.13 81.91679854366775
2000.24 82.18102849103627
2070.56 82.53708034841591
2143.8 82.15966991527283
2219.24 82.30766906759794
2297.61 82.69951705438802
2378.17 82.64832248361735
2462.4 82.27092670416184
2548.83 82.48388506425059
2638.92 82.46525775393789
2731.93 82.55191572407244
2828.61 82.52676916215154
2928.22 82.34041467101483
3031.49 82.2539421946869
3138.43 81.82026093857672
3249.02 81.3732262908866
3363.28 81.26117263161201
3481.93 81.5099007256312
3604.98 81.06532437350245
3732.42 80.88472810822589
3863.53 80.58322700403065
3999.76 80.63156351992055
4141.11 80.14725648194965
4286.87 81.00561190928528
4438.48 81.32629444485801
4594.48 81.464884887076
4757.08 81.79118167131642
4924.8 82.3776042443244
5098.39 83.22298206249202
5277.83 83.58321779987267
5463.87 83.48543540526585
5656.49 83.61232032700998
5856.45 82.90279886116735
6062.99 82.74130542538508
6276.86 81.927090589489
6498.05 81.55808552310008
6727.29 82.51987077896251
6964.6 83.60380306540014
7209.96 82.72178932694005
7464.11 82.48430053783899
7727.78 82.51963709284995
8000.24 83.29802821359209
8282.23 83.97716445654136
8574.46 83.82536064561066
8876.22 83.49173674017673
9189.7 83.91950439303638
9513.43 84.00796931295875
9848.88 83.65414442990124
10196.8 83.47896470854442
10556.4 82.85742068947346
10928.5 82.82390526363619
11313.7 82.52277531280251
11712.9 81.78487063776663
12126.0 81.41274119864364
12553.7 81.78384823679559
12996.1 81.65234736560926
13454.6 82.48504530846624
13928.5 82.21391759088463
14419.9 81.96318185628586
14928.2 81.98322884010977
15454.8 81.3465278358465
15999.8 80.69771084815766
16564.5 79.94830360353762
17148.2 79.24072326818623
17753.2 79.82639159591702
18379.4 80.3519598635871
19027.6 80.05354027664296
19698.5 79.69157531347768
19999.5 79.56552235010601
