Freq "Estimated In-Room Response"
22.4 52.00874803077147
23.0 53.003464396259744
23.6 53.948746088616275
24.0 55.04163822706383
25.0 56.05747007008324
25.8 57.242411624157256
26.5 58.33814457713143
27.2 59.58181305654355
28.0 60.750928394141454
29.0 62.02355076797471
30.0 63.2336064850649
30.7 64.47061500154297
31.5 65.70935643061527
32.5 66.93607168444133
33.5 68.18563450948753
34.5 69.39251283435057
35.5 70.57963489254794
36.5 71.77825821618882
37.5 72.91701340152562
38.7 74.0388386329362
40.0 75.13944685801368
41.2 76.22279964490902
42.5 77.28367017216665
43.7 78.28723226476373
45.0 79.22681689544828
46.2 80.14657644445424
47.5 81.0253215162842
48.7 81.81229565728344
50.0 82.56005228905362
51.5 83.23013092782898
53.0 83.83790451742487
54.5 84.38120029941214
56.0 84.85595797517257
58.0 85.25553041943465
60.0 85.5520485205941
61.5 85.77556134691804
63.0 85.94406369521246
65.0 86.0275406457996
67.0 86.04875991818234
69.0 86.0306445969598
71.0 85.99066938361038
73.0 85.90794676268776
75.0 85.87257941048573
77.5 85.80299926090267
80.0 85.78286848664612
82.5 85.78455853221617
85.0 85.80997381076077
87.5 85.83678426286421
90.0 85.8494583960782
92.5 85.86946104106886
95.0 85.85955859170937
97.5 85.90630915110023
100.0 85.91473051421514
103.0 85.96619511421059
106.0 85.98644282007358
109.0 85.99648993245155
112.0 85.9896145373256
115.0 85.93558241943288
118.0 85.78724171583099
122.0 85.60061497826085
125.0 85.38466937914833
128.0 85.18509101931566
132.0 85.04666025185728
136.0 84.91204091214409
140.0 84.73570220394767
145.0 84.39741341022564
150.0 84.08944755797366
155.0 83.90812234924314
160.0 83.76292250424416
165.0 83.58751699551435
170.0 83.36925330773444
175.0 83.19122137131355
180.0 83.11258122799504
185.0 83.04917964235618
190.0 82.96941888351327
195.0 83.02359039989395
200.0 83.23848549053739
206.0 83.43726852519903
212.0 83.40484582704002
218.0 83.25167198268143
224.0 83.03649151100205
230.0 82.83084136748168
236.0 82.75039642218677
240.0 82.93255798299322
250.0 83.09975523132422
258.0 83.03593091526875
265.0 82.94506751614534
272.0 83.35068233747437
280.0 84.08995006835497
290.0 84.59102722790232
300.0 84.62044926508867
307.0 84.44006156584261
315.0 84.49466468157144
325.0 84.47585704542188
335.0 84.0364884812414
345.0 83.460045975116
355.0 82.87647229089694
365.0 82.27018289409575
375.0 82.08577948596135
387.0 82.44083956218356
400.0 82.60552696622878
412.0 82.35739397127429
425.0 81.94405802336158
437.0 81.99964931804294
450.0 82.28911390372426
462.0 82.13672616187938
475.0 82.47538246187321
487.0 83.10636677165691
500.0 83.28452890087073
515.0 83.00323407592525
530.0 82.35908103821359
545.0 81.98107101024937
560.0 81.9085513496602
580.0 81.81391488243725
600.0 81.94073019378995
615.0 81.9960991410593
630.0 81.91907320348935
650.0 81.6609374876568
670.0 81.30374040046823
690.0 81.45748212608149
710.0 81.84901629700694
730.0 82.36136226925093
750.0 81.78014326486712
775.0 81.98629349840171
800.0 82.57558665734282
825.0 82.6917012784072
850.0 83.59619063229748
875.0 82.98930129596305
900.0 82.77812741999001
925.0 83.17807561180078
950.0 83.15154320978802
975.0 83.25061589483171
1000.0 83.08053066898059
1030.0 83.20118486980545
1060.0 83.95483401724178
1090.0 84.20530157382166
1120.0 84.32865855663465
1150.0 84.4566054967353
1180.0 85.06144023962526
1220.0 85.12384231175862
1250.0 85.20321324353121
1280.0 85.5798851586835
1320.0 85.96155801872735
1360.0 85.83678561998578
1400.0 85.93608067617043
1450.0 85.83707910703453
1500.0 85.70132950094167
1550.0 85.91078103486564
1600.0 86.03540495426961
1650.0 85.77281310502875
1700.0 86.15444399813623
1750.0 85.65808733142343
1800.0 85.56436470691746
1850.0 84.93730657668729
1900.0 84.3051039225737
1950.0 84.50598216345558
2000.0 83.92284431657444
2060.0 83.93011691735713
2120.0 84.35480587162962
2180.0 84.52599606884549
2240.0 84.92667980593106
2300.0 85.59179046243264
2360.0 85.60597550009756
2400.0 85.12758956005983
2500.0 85.40446860306605
2580.0 85.7552177049683
2650.0 85.47513359024126
2720.0 85.86256138704837
2800.0 86.39922394476699
2900.0 86.41168486450533
3000.0 85.83722916374623
3070.0 85.64206153951218
3150.0 85.40060904822175
3250.0 84.80722242050636
3350.0 84.12385509866662
3450.0 83.33784387933368
3550.0 83.3525654041693
3650.0 83.28753760125873
3750.0 83.36380034267711
3870.0 83.34720665687715
4000.0 83.64393140560986
4120.0 83.65910549698475
4250.0 83.9202792295335
4370.0 84.02550474896964
4500.0 83.756931068915
4620.0 83.61743565089061
4750.0 83.67181558910445
4870.0 84.3027998749734
5000.0 84.4936812849042
5150.0 85.24820215625653
5300.0 86.07618261785223
5450.0 86.51578520561762
5600.0 86.4721902385441
5800.0 86.07161860868705
6000.0 85.48206492544709
6150.0 84.52877216072349
6300.0 84.29628285310488
6500.0 84.32486470977285
6700.0 84.15382748111645
6900.0 84.17168119934904
7100.0 84.12673788987394
7300.0 83.6079623813853
7500.0 82.47955338257057
7750.0 83.02394692418676
8000.0 84.29776498596313
8250.0 84.1567342289274
8500.0 83.07445249870884
8750.0 81.79552446222232
9000.0 81.34597334664346
9250.0 81.25418710108865
9500.0 80.7438594775675
9750.0 80.68069519068
10000.0 79.77772938107752
10300.0 80.32622719692881
10600.0 81.62232673094869
10900.0 83.74365269945682
11200.0 83.99660401904984
11500.0 84.33917266489703
11800.0 83.99205340110854
12200.0 79.3617625109635
12500.0 79.60418292615391
12800.0 80.30147400592915
13200.0 81.00037228962587
13600.0 81.95142955036256
14000.0 82.59546411753968
14500.0 83.57738300264192
15000.0 83.84202434919568
15500.0 83.74915268530063
16000.0 83.1693258530143
16500.0 82.68587629225783
17000.0 85.4519571974271
17500.0 86.52880306326463
18000.0 79.63822329902587
18500.0 75.24271209296884
19000.0 69.5621953095878
19500.0 56.47770553173248
