Freq "Sound Power DI"
20.5078 49.31445778879552
21.9727 49.345937261610004
23.4375 49.37593611455608
24.9023 49.401235758548
26.3672 49.424918373930694
27.832 49.44790777592716
29.2969 49.44873143975488
30.7617 49.448895617255175
32.2266 49.43956495086516
33.6914 49.44469755470013
35.1562 49.454126292559636
36.6211 49.46646462130434
38.0859 49.483262517618144
39.5508 49.4920519898059
41.0156 49.500460545569695
42.4805 49.5088233175662
43.9453 49.52314028979326
45.4102 49.541262695891376
46.875 49.55976999066789
48.3398 49.58384563778415
51.2695 49.62080136398622
52.7344 49.63325848886598
54.1992 49.65216122615172
55.6641 49.67796752998704
58.5938 49.73568727161687
60.0586 49.76352459956023
62.9883 49.81924038639032
64.4531 49.85395286349225
67.3828 49.942962554649085
68.8477 50.00481657563954
71.7773 50.13359712973103
74.707 50.24238659920566
77.6367 50.36538054364111
79.1016 50.437356007883395
82.0312 50.59621564868837
84.9609 50.778844156757174
87.8906 50.931137272284246
90.8203 51.101734043568825
95.2148 51.37438656131734
98.1445 51.547770050751495
101.074 51.767507084712335
105.469 51.97484459911897
108.398 52.131755961832496
112.793 52.404182303864545
117.188 52.63568390642753
120.117 52.71477443324393
124.512 52.88164932103926
128.906 53.07731407219738
133.301 53.25371817237189
139.16 53.450705714914434
143.555 53.56586388673793
147.949 53.690045303411
153.809 53.844409147265154
159.668 53.89402237563483
165.527 53.98426929655092
171.387 54.077317182894916
177.246 54.12902852523702
183.105 54.21446588923445
188.965 54.32488134499857
196.289 54.35228994105404
203.613 54.45890054769687
210.938 54.464037756851695
218.262 54.41233524422066
225.586 54.67321695752186
232.91 54.67922512732906
241.699 54.72678336190299
250.488 54.788408410829675
259.277 54.68081028889256
268.066 54.7029174535337
276.855 54.60524659652897
287.109 54.70157421525465
297.363 55.00779352809853
307.617 55.30733836938428
319.336 55.748691355928756
329.59 55.75061790139357
341.309 55.69496955968039
353.027 55.562460062289034
366.211 55.733518157155046
379.395 55.745756320087764
392.578 55.79343135960973
405.762 55.985073683094825
420.41 55.7684894749173
435.059 55.98858390575586
451.172 56.16668965374657
465.82 56.29381168321281
483.398 56.23057800809099
499.512 56.59066428183996
517.09 56.58969917140614
536.133 56.66493634606411
555.176 56.71362350512145
574.219 56.57285891394204
594.727 56.45320403531257
615.234 56.451258175834425
637.207 56.47296581690432
659.18 56.3458317189269
682.617 56.29191879702731
707.52 56.85875168202547
732.422 56.35054291427808
757.324 55.951728157793596
785.156 56.09897742396605
811.523 56.436136962995036
840.82 56.83031808585757
870.117 56.831781946264755
900.879 57.13131161067871
933.105 57.20678765267027
965.332 57.03299110845599
1000.49 57.17035155280696
1035.64 57.30916505322479
1072.27 57.069673857340035
1108.89 56.951053129509006
1148.44 57.071103318296636
1189.45 57.2939297586646
1230.47 57.3187654110976
1274.41 57.24258422327769
1319.82 56.96463364834099
1366.7 56.936418672731236
1413.57 57.08865634519782
1463.38 57.2515109683484
1516.11 57.22009395325925
1568.85 57.36190077785601
1624.51 57.0247638481232
1681.64 56.83712617584659
1741.7 56.9374850295025
1803.22 57.24707930342369
1866.21 56.98836507354984
1932.13 56.511473709108316
1999.51 56.82954110206822
2069.82 56.828390691683026
2143.07 56.543935482672865
2219.24 56.24560779864947
2296.88 56.73626913737125
2378.91 56.824762236692294
2462.4 56.432904128160345
2548.83 56.873440258748786
2639.65 57.19512308849046
2731.93 57.02101002341199
2828.61 57.242393458714076
2928.22 57.611252941194394
3030.76 57.57813202356945
3137.7 57.30676232168723
3249.02 57.49113986049514
3363.28 57.54063243543263
3481.93 57.61682833133753
3604.98 57.875256544689165
3732.42 58.22306846625803
3864.26 58.248122371959624
4000.49 58.428708394241426
4141.11 58.21638889809573
4287.6 58.136629170124095
4438.48 57.89483020319557
4595.21 58.07554755398803
4756.35 58.26587344199989
4924.8 58.274507596515676
5097.66 58.43522168545536
5277.83 58.226268105341205
5463.87 58.506983533892395
5657.23 58.19091853738735
5856.45 58.075517875014484
6062.99 58.09407208085949
6276.86 58.0725175595574
6498.05 57.884404102938205
6726.56 57.78241328662405
6963.87 57.788526442949376
7209.96 57.92072125917194
7464.84 57.97846400197923
7727.05 58.15628623492432
7999.51 58.248404052711464
8282.23 57.889432828347495
8573.73 57.911743818603654
8876.95 58.12748317784872
9188.96 58.07867850572677
9514.16 58.10342331888077
9849.61 58.0272542050253
10196.8 57.92528557934848
10555.7 57.87077538477283
10927.7 57.79828258012327
11313.0 57.60950700102133
11712.9 57.63646685083572
12126.0 57.64800258383681
12553.7 57.69058349790883
12996.1 57.80656996386654
13454.6 58.07006106980424
13929.2 58.184113672347934
14419.9 58.27738168450999
14928.2 58.536443150896574
15455.6 58.72023051114641
16000.5 58.94515675324844
16564.5 59.09384355492881
17148.9 59.00823597725598
17752.4 58.80766052465975
18379.4 58.69142619248328
19026.9 58.501503256515534
19697.8 58.08282536327765
19999.5 58.03220810256613
