Freq "Front Wall Bounce"
22.4 15.190531278415776
23.0 14.548611370998842
23.6 14.376387913582462
24.0 14.790531278415799
25.0 15.662845335098538
25.8 16.79053127841577
26.5 18.176387913582502
27.2 19.690531278415804
28.0 21.490531278415787
29.0 23.79053127841577
30.0 26.79053127841577
30.7 30.690531278415776
31.5 34.7905312784158
32.5 37.91868057446679
33.5 40.190531278415804
34.5 41.91868057446679
35.5 43.59053127841578
36.5 45.190531278415804
37.5 46.690531278415776
38.7 47.79053127841577
40.0 48.390531278415764
41.2 49.11868057446681
42.5 51.36219833851088
43.7 54.49053127841579
45.0 56.83301281305934
46.2 58.190531278415776
47.5 59.462198338510845
48.7 61.13301281305935
50.0 62.962198338510845
51.5 64.89053127841578
53.0 66.86219833851086
54.5 68.96219833851087
56.0 70.86219833851086
58.0 72.33301281305934
60.0 73.93301281305934
61.5 75.96219833851086
63.0 77.96219833851087
65.0 79.90495656016036
67.0 81.80495656016036
69.0 83.46219833851086
71.0 84.50495656016035
73.0 84.80495656016036
75.0 84.57671787935209
77.5 84.2343306017594
80.0 83.9343306017594
82.5 83.30495656016036
85.0 82.90495656016037
87.5 82.97736271664195
90.0 83.20495656016037
92.5 83.64894345384093
95.0 84.24894345384094
97.5 84.72162855634059
100.0 85.04894345384093
103.0 85.32162855634058
106.0 85.52162855634059
109.0 85.82162855634058
112.0 86.12162855634058
115.0 86.02162855634059
118.0 85.52162855634059
122.0 85.55022653595348
125.0 86.69476841145773
128.0 87.3216285563406
132.0 86.85022653595347
136.0 86.72162855634059
140.0 86.82162855634058
145.0 86.59476841145774
150.0 86.69476841145773
155.0 86.86512464414609
160.0 86.70985765173596
165.0 86.30985765173597
170.0 86.2683581991917
175.0 86.70985765173596
180.0 86.90985765173596
185.0 86.66835819919169
190.0 87.10985765173595
195.0 87.60985765173596
200.0 87.20985765173597
206.0 86.88353931868934
212.0 86.73987975789224
218.0 86.38353931868933
224.0 86.28353931868935
230.0 86.11374327868366
236.0 85.75766505316632
240.0 85.72911617494144
250.0 85.81374327868365
258.0 85.62911617494143
265.0 85.88804886862856
272.0 86.15766505316633
280.0 86.22911617494144
290.0 86.40351282379032
300.0 86.60351282379033
307.0 86.70351282379033
315.0 86.65766505316631
325.0 86.58804886862856
335.0 86.25766505316632
345.0 85.58804886862856
355.0 84.70351282379032
365.0 84.20351282379033
375.0 84.10351282379033
387.0 84.27834559699667
400.0 84.77834559699669
412.0 85.27834559699667
425.0 85.3536095357355
437.0 85.2292996529361
450.0 85.11670797085112
462.0 85.09274970072555
475.0 85.30093479786647
487.0 85.56627398819725
500.0 85.843657152467
515.0 85.97134620602884
530.0 85.9887599957073
545.0 85.96727542513285
560.0 85.91820565106038
580.0 85.96409864910534
600.0 86.06409864910535
615.0 86.1394403524764
630.0 86.0887599957073
650.0 86.02144076085018
670.0 86.0268546861671
690.0 86.07797421360105
710.0 86.184731054685
730.0 86.31357222832757
750.0 86.44570616851428
775.0 86.63904360318045
800.0 86.78264567759776
825.0 86.82859099493835
850.0 86.79508844042832
875.0 86.68051778397374
900.0 86.36173034378142
925.0 85.83576993271022
950.0 85.19339344757358
975.0 84.40925576697195
1000.0 83.64859484809311
1030.0 83.11055869510666
1060.0 82.93193736965148
1090.0 83.22415817414017
1120.0 83.81537656471146
1150.0 84.47414004802755
1180.0 85.04108824083501
1220.0 85.50056308074784
1250.0 85.7765153325391
1280.0 85.94955896513643
1320.0 86.03865523701195
1360.0 86.01820565106037
1400.0 85.99735351663742
1450.0 86.02545877094146
1500.0 86.0904512792126
1550.0 86.1857808306185
1600.0 86.14891372143542
1650.0 86.02868125867349
1700.0 85.84722317064713
1750.0 85.58697154206533
1800.0 85.2425579998869
1850.0 84.8151578122698
1900.0 84.29656511433994
1950.0 83.85151231480481
2000.0 83.4775890405005
2060.0 83.23189067384772
2120.0 83.01938849618615
2180.0 82.90644269536794
2240.0 83.09770743196201
2300.0 83.60226782002262
2360.0 83.98939122472908
2400.0 84.01382097905673
2500.0 83.97350612327382
2580.0 84.1954450496974
2650.0 84.36893011671397
2720.0 84.20068436387562
2800.0 84.06366633557725
2900.0 84.12398556038339
3000.0 84.23522574508983
3070.0 84.312093125489
3150.0 84.59071002189195
3250.0 84.92038203622782
3350.0 85.10798182067487
3450.0 85.31968798442777
3550.0 85.80635370100768
3650.0 86.43928779918774
3750.0 86.79191110023989
3870.0 86.80151981589206
4000.0 86.2263365644528
4120.0 85.58095570474447
4250.0 84.9263365644528
4370.0 84.01153747963444
4500.0 83.25879972500282
4620.0 83.2977875238028
4750.0 83.93012060794211
4870.0 84.67073980275846
5000.0 85.36738572840204
5150.0 85.79067984830627
5300.0 85.73340000300522
5450.0 85.237873291582
5600.0 84.5831519070487
5800.0 83.95967511094322
6000.0 83.48915130435782
6150.0 83.26605804580385
6300.0 83.32684060446904
6500.0 83.2276077014305
6700.0 83.04391628226361
6900.0 83.2827358934287
7100.0 83.88610991388727
7300.0 84.27986362953297
7500.0 84.27737452561728
7750.0 84.26847962321047
8000.0 84.37224502443246
8250.0 84.69939992670855
8500.0 85.22297055485492
8750.0 85.32004523774016
9000.0 85.00300512363411
9250.0 84.64293061291811
9500.0 84.33050483852448
9750.0 83.88942169540651
10000.0 83.89491240408059
10300.0 84.39319942055327
10600.0 84.45406452085798
10900.0 84.16108149209447
11200.0 83.89061491994711
11500.0 83.77044115105515
11800.0 83.56503383044571
12200.0 82.82750619887194
12500.0 83.44723763653118
12800.0 85.34420004306669
13200.0 86.10578804791848
13600.0 84.3526215479501
14000.0 81.27938976570051
14500.0 81.75968484465169
15000.0 83.08010488912548
15500.0 81.60225376471821
16000.0 78.67059330553481
16500.0 81.2752180558076
17000.0 84.95271906056053
17500.0 85.28824395026349
18000.0 82.42273106662734
18500.0 80.3599854506546
19000.0 78.85288760737383
19500.0 74.82638018921584
