Freq "Sound Power"
20.5078 70.25827458729577
21.2402 70.91425233006365
21.9727 72.8381473511613
22.7051 72.8143148849321
23.4375 73.99271255007633
24.1699 74.43174258575976
25.6348 73.41598561054226
26.3672 74.01341823003519
27.0996 75.22836957821865
27.832 75.51782815101133
29.2969 76.11112008660588
30.0293 76.08996540344452
31.4941 76.26239793246604
32.2266 76.56643221979222
33.6914 76.29473945591819
34.4238 76.56496637467885
35.8887 77.26670497899107
37.3535 77.40710888621635
38.8184 77.98132142896647
39.5508 77.98108226340577
41.0156 78.28907262873042
42.4805 78.26874170794207
43.9453 78.49234975251002
45.4102 78.95755298918846
47.6074 79.23249824512074
49.0723 79.58101648535602
50.5371 79.7223883932139
52.7344 80.0078219775466
54.1992 80.12113050876755
56.3965 80.11923920745316
58.5938 79.97508279847875
60.0586 80.01566440140165
62.2559 80.08224447713594
64.4531 80.0584323697959
66.6504 79.97512470943903
69.5801 79.71897234231177
71.7773 79.65353767866989
73.9746 79.50547199120282
76.9043 79.12783201099958
79.834 79.040203158559
82.7637 78.79362929045918
85.6934 78.90443522472341
88.623 78.79507237591528
91.5527 78.76336316670188
94.4824 78.60082722260604
98.1445 78.51563517753284
101.807 78.45565076553706
105.469 78.45019370574384
109.131 78.34839207939336
112.793 78.24916123765466
116.455 78.2821460185483
120.85 78.3874753151764
125.244 78.4295490775141
129.639 78.26412416623504
134.033 78.1321398519047
138.428 78.00297303706408
143.555 77.82871852784092
148.682 77.64943752643927
153.809 77.52489409485509
159.668 77.28324590708522
164.795 76.96117584263772
170.654 76.72342941264509
176.514 76.53116012952854
183.105 76.1553383052551
189.697 76.267682859117
196.289 76.14256418414305
202.881 76.17877983114653
210.205 76.23106116587924
217.529 76.24278944878893
225.586 76.66007635075061
232.91 76.80939748228234
241.699 76.72635965285849
249.756 76.98618726520024
258.545 77.22449653103851
268.066 77.29886744573916
277.588 77.37389438409781
287.109 77.5994505562034
297.363 77.6975780742631
307.617 76.9320754578427
318.604 77.56727440501072
329.59 77.41844510282695
341.309 77.87128008922718
353.76 77.81881763004186
366.211 77.54968462031478
378.662 77.81017850952
392.578 78.5275679714545
405.762 78.99843200178773
420.41 79.68980508693454
435.059 79.8988173805713
450.439 79.81258673408038
466.553 79.26003326863619
482.666 79.38931017131432
500.244 79.72483975324529
517.822 79.91308227434138
536.133 79.28779537148598
554.443 79.19040677954413
574.219 78.65829064939113
594.727 78.53549468057004
615.234 78.12975477561004
637.207 77.94678578838916
659.912 77.33860439371388
683.35 77.00612974800009
706.787 77.42955418641597
731.689 77.72170473724692
758.057 78.37325971942036
784.424 78.18602999517958
812.256 78.9873930968286
840.82 79.66723707452192
870.85 79.76832655608716
901.611 79.76667370968981
933.105 79.85070642165897
966.064 78.86045510621504
999.756 78.90769953870824
1034.91 79.22867887590238
1071.53 79.0779692515152
1109.62 78.72344305176397
1148.44 79.36983559076023
1189.45 79.54030855631012
1231.2 79.78944724208438
1274.41 80.40322990321127
1319.82 79.53350040005554
1365.97 79.7314620348362
1414.31 79.9475553229223
1464.11 79.81565256270987
1515.38 79.74893734569284
1568.85 79.29780708223679
1624.51 78.92680913935519
1681.64 78.73464510963782
1740.97 79.00475161450925
1802.49 78.76049603859569
1866.21 78.50987939880534
1932.13 78.0385747233969
2000.24 77.6210114376512
2070.56 77.6171983786773
2143.8 77.24900784800681
2219.24 76.77063641369003
2297.61 76.8749624831409
2378.17 77.09822561249078
2462.4 77.20116893058184
2548.83 76.7227438013044
2638.92 76.71662625712541
2731.93 76.72036529703924
2828.61 76.38556621375298
2928.22 76.00022043714013
3031.49 75.45669258203694
3138.43 75.3221413246705
3249.02 75.17214737437091
3363.28 74.89935473841008
3481.93 74.8895221217827
3604.98 74.56324414203542
3732.42 74.4619078228531
3863.53 74.54934547871771
3999.76 74.4290518481126
4141.11 74.6392961983374
4286.87 73.97676871332798
4438.48 74.46942783116953
4594.48 74.33381992964081
4757.08 74.48307736634385
4924.8 74.23834701468544
5098.39 74.48276726103526
5277.83 74.05229140179634
5463.87 73.81236847486784
5656.49 73.77191825131226
5856.45 73.14821895351571
6062.99 72.78001719135918
6276.86 72.82186270835898
6498.05 72.92811248568037
6727.29 73.41741942058684
6964.6 73.3632443682588
7209.96 73.77349269436928
7464.11 73.58665904413479
7727.78 73.79998410023049
8000.24 73.57185724133174
8282.23 73.2699553065749
8574.46 73.12849212831455
8876.22 72.70988815626575
9189.7 72.45344780042515
9513.43 72.1896870560044
9848.88 72.05793409296575
10196.8 72.0076658489717
10556.4 71.90251300784134
10928.5 71.65637625288136
11313.7 71.40534282808323
11712.9 71.36360299837271
12126.0 71.40520636860106
12553.7 71.52475784132656
12996.1 71.58706606052026
13454.6 71.54791955537624
13928.5 71.48341120601181
14419.9 71.40850994048738
14928.2 71.53726134554856
15454.8 71.94074945246503
15999.8 72.36709626201403
16564.5 72.58755601158316
17148.2 72.40222183162979
17753.2 71.75508864762392
18379.4 70.69916479843496
19027.6 68.80316182479238
19698.5 67.20998987480634
19999.5 66.5528696096533
