Freq "Total Early Reflection"
20.5078 55.507908594868525
21.2402 55.61161559086821
21.9727 56.27837294355953
22.7051 57.299380261841065
23.4375 58.39770901813017
24.1699 58.95600425028252
25.6348 61.12668022607505
26.3672 62.37989334524673
27.0996 62.872468969320295
27.832 64.43597419466428
29.2969 66.32908157323293
30.0293 67.41255515189343
31.4941 69.15717050337004
32.2266 70.40902007071595
33.6914 72.47058751222092
34.4238 73.35950717066265
35.8887 75.21127311534666
37.3535 76.83979434261462
38.8184 78.1044127549162
39.5508 78.66744096834903
41.0156 79.61061248543062
42.4805 80.27973059927017
43.9453 80.65788023945018
45.4102 80.928545164101
47.6074 81.1337052112125
49.0723 81.17949151896104
50.5371 81.1874477278609
52.7344 81.19197584910022
54.1992 81.2275042429993
56.3965 81.21293396635988
58.5938 81.2881030000093
60.0586 81.30710166986965
62.2559 81.22433876564094
64.4531 81.28164430571812
66.6504 81.249258972956
69.5801 81.27261875495147
71.7773 81.34384223567102
73.9746 81.33392752643036
76.9043 81.3697257407764
79.834 81.46311060686517
82.7637 81.36556932395058
85.6934 81.15637519123763
88.623 81.46423682383005
91.5527 81.64644025780714
94.4824 81.58681049918657
98.1445 81.60033865337209
101.807 81.35256526535167
105.469 81.37935976763777
109.131 81.35925610115878
112.793 81.32159487736743
116.455 81.33858642526343
120.85 81.28243126750627
125.244 81.33066922812198
129.639 81.29522016409831
134.033 81.22732145224315
138.428 81.04621578787223
143.555 81.14858623513253
148.682 81.21286948342582
153.809 81.2076672001312
159.668 80.90021855580476
164.795 81.00943083096513
170.654 81.24113135249043
176.514 80.98567086150206
183.105 80.92406677690462
189.697 80.93232521819891
196.289 80.54602235219025
202.881 80.69025729705507
210.205 80.75663689315081
217.529 80.63212787958892
225.586 80.42037500594256
232.91 80.34491165289828
241.699 80.6852941273602
249.756 80.58998873021554
258.545 80.79665404011882
268.066 80.7401972477804
277.588 80.87751892357605
287.109 80.83494942956051
297.363 80.4037187248487
307.617 80.43042647424268
318.604 80.48222199146369
329.59 81.1773537327963
341.309 80.81916892528815
353.76 80.54002216814604
366.211 80.64556233498007
378.662 80.76839786255938
392.578 80.47265852982117
405.762 80.23564827165707
420.41 80.5984318665624
435.059 80.99901076922801
450.439 80.84490067243416
466.553 80.528563510991
482.666 80.57628246691007
500.244 79.92562499514736
517.822 79.729746665714
536.133 79.75126123031644
554.443 80.79057619926823
574.219 80.0055575364403
594.727 80.53170907993547
615.234 80.62820019326753
637.207 80.96851307013011
659.912 80.9240494598146
683.35 80.98514794818202
706.787 80.65858351381658
731.689 80.60264316051014
758.057 80.12223778467046
784.424 80.03086956029335
812.256 79.30852114049802
840.82 79.32261569349203
870.85 79.24940796642495
901.611 79.51092388961328
933.105 79.65898650565336
966.064 79.6253559014519
999.756 79.59647756266583
1034.91 79.375313052623
1071.53 79.69188426415064
1109.62 79.82304602110015
1148.44 80.15209345309677
1189.45 80.4964831206496
1231.2 80.74456799186017
1274.41 80.71929003057862
1319.82 80.47840344206489
1365.97 80.64002688786877
1414.31 80.4557860763563
1464.11 80.70561462988141
1515.38 80.8261575549043
1568.85 80.65080463017027
1624.51 80.04189994512947
1681.64 79.95421516228441
1740.97 80.52089717603783
1802.49 80.64171596034751
1866.21 80.5392623315474
1932.13 80.02261336976093
2000.24 79.68215198067182
2070.56 79.51688752638648
2143.8 79.47632149956334
2219.24 79.41213060856009
2297.61 79.42099623537523
2378.17 79.14246448663285
2462.4 79.08875771573607
2548.83 79.14535405289234
2638.92 79.48882299444048
2731.93 79.34236531637026
2828.61 79.50929104009006
2928.22 79.39413249993228
3031.49 79.30704768649757
3138.43 79.40700062529083
3249.02 79.42503582661793
3363.28 79.63203808832384
3481.93 79.81267950527157
3604.98 80.0049111660989
3732.42 79.79055913109741
3863.53 79.27027081967042
3999.76 78.9877703252738
4141.11 78.22819233108447
4286.87 77.40290836883241
4438.48 77.08304358059551
4594.48 77.2689538146171
4757.08 77.69032519691709
4924.8 77.9389776700653
5098.39 78.33814318812856
5277.83 78.25836671339384
5463.87 78.38836333693432
5656.49 79.01293977569108
5856.45 79.39112459907744
6062.99 79.89083775952787
6276.86 80.16258608313773
6498.05 80.3080470466129
6727.29 80.34408237275363
6964.6 80.54468012403856
7209.96 80.2612322112243
7464.11 80.22816090793906
7727.78 79.98155095240034
8000.24 79.81870774898559
8282.23 79.72694577140324
8574.46 79.34366358418168
8876.22 79.18880406450506
9189.7 78.95036400423155
9513.43 78.70510121184725
9848.88 78.4312923137015
10196.8 78.29137325648679
10556.4 78.37288645174976
10928.5 78.50506377340125
11313.7 78.83960324996272
11712.9 79.2024089027104
12126.0 79.49695513621849
12553.7 79.37651087211857
12996.1 79.09859506022968
13454.6 78.51223427016005
13928.5 78.04098843054115
14419.9 77.73168629236812
14928.2 77.48446531495392
15454.8 77.8967602188371
15999.8 78.5678331160239
16564.5 79.01532564216132
17148.2 79.24710843129954
17753.2 79.30154706808567
18379.4 79.38035476208306
19027.6 79.54217145081823
19698.5 79.56374094732948
19999.5 79.70369855834838
