Freq "Early Reflections DI"
20.5078 39.806938003521736
21.9727 40.05636137767202
23.4375 40.07442130415336
24.9023 40.076282725414615
26.3672 40.09587573428631
27.832 40.06582740334994
29.2969 40.09953071895934
30.7617 40.12282941266412
32.2266 40.11851838680545
33.6914 40.1311541164397
35.1562 40.12807555851268
36.6211 40.136229475049774
38.0859 40.14949603271984
39.5508 40.125462386768135
41.0156 40.08686367276593
42.4805 40.13143991933134
43.9453 40.166682000105766
45.4102 40.19681622111327
46.875 40.16220199000185
48.3398 40.13524124857395
51.2695 40.18807957225607
52.7344 40.186510298581794
54.1992 40.185413471806015
55.6641 40.21464845737981
58.5938 40.2215771696205
60.0586 40.21655927224627
62.9883 40.19404629751958
64.4531 40.1955191982435
67.3828 40.20588649214562
68.8477 40.20742494589136
71.7773 40.22001396864877
74.707 40.23161259066106
77.6367 40.22765371339992
79.1016 40.232242968037866
82.0312 40.25405160621176
84.9609 40.24642862615954
87.8906 40.256442017126815
90.8203 40.27495555550237
95.2148 40.30230345247732
98.1445 40.31804602868269
101.074 40.34767126835736
105.469 40.36215909939101
108.398 40.371004664462404
112.793 40.376309059192664
117.188 40.411415243509225
120.117 40.41188422288788
124.512 40.41726376736602
128.906 40.45148312162138
133.301 40.47524525689947
139.16 40.488940549775094
143.555 40.48738121615598
147.949 40.56543290695059
153.809 40.62730410396915
159.668 40.65117346610293
165.527 40.615056678231156
171.387 40.654452941536334
177.246 40.680862543784855
183.105 40.74083696784784
188.965 40.82362721065513
196.289 40.790883246126825
203.613 40.797899037548206
210.938 40.854457467599644
218.262 40.84965974098266
225.586 40.98458803231466
232.91 41.091262758890764
241.699 41.13143671803007
250.488 41.37039699000779
259.277 41.1795241049748
268.066 41.31094043017241
276.855 41.28743234251901
287.109 41.11706350825288
297.363 41.210468628453896
307.617 41.21168081873256
319.336 41.31410849896869
329.59 41.21619952563671
341.309 41.42828495913963
353.027 41.37942427161035
366.211 41.51613259940224
379.395 41.22041569297656
392.578 41.448158364127394
405.762 41.61769710846599
420.41 41.49924777316028
435.059 41.95273097457181
451.172 42.171847691553864
465.82 42.04379227260202
483.398 41.84608310253225
499.512 42.12647923467436
517.09 42.87284317511585
536.133 42.669437183618015
555.176 42.237383817177616
574.219 42.64682108432511
594.727 42.17513180959543
615.234 41.561157279358085
637.207 42.01615290654446
659.18 42.159680742191284
682.617 42.04818592939742
707.52 42.58389059767809
732.422 42.38536681227512
757.324 42.26239350987518
785.156 42.254725393863495
811.523 42.15032560112944
840.82 42.722833816971544
870.117 42.06962201123886
900.879 42.53422856285182
933.105 43.00884651042672
965.332 41.938804447805
1000.49 41.57600833920843
1035.64 42.43145574821935
1072.27 42.435749138052174
1108.89 42.13838356352204
1148.44 41.952411758056854
1189.45 41.749042725902584
1230.47 41.96147152747258
1274.41 41.73568378603814
1319.82 40.81467213568126
1366.7 41.44311869203007
1413.57 41.584323300027066
1463.38 42.82423120885018
1516.11 42.74538982739395
1568.85 42.08951211000205
1624.51 41.69816556970757
1681.64 41.711865153561945
1741.7 42.184384905371246
1803.22 42.72932783519096
1866.21 41.69326754972606
1932.13 41.19867479421414
1999.51 41.72638112544013
2069.82 41.260762329797956
2143.07 40.3213166451451
2219.24 39.68348008665963
2296.88 40.39861522232768
2378.91 40.05477452802296
2462.4 39.236634387926046
2548.83 39.14953963749174
2639.65 39.62616198512147
2731.93 39.85443302639855
2828.61 40.16753467339197
2928.22 40.18958898026446
3030.76 40.612004394141465
3137.7 40.97071539937781
3249.02 40.920344119551046
3363.28 41.06579361969585
3481.93 41.16370612055135
3604.98 41.14766942193951
3732.42 41.621850058323076
3864.26 42.215302742632446
4000.49 42.50417781785028
4141.11 43.02512563038323
4287.6 43.242761979428934
4438.48 42.96275033308669
4595.21 42.90774163546574
4756.35 43.00490032614766
4924.8 42.81704698774588
5097.66 42.74350491429871
5277.83 42.578072886448325
5463.87 42.98419554497386
5657.23 42.74715615939418
5856.45 42.79225302018652
6062.99 42.982044038417044
6276.86 43.273938846671925
6498.05 43.080112483352025
6726.56 43.09418107396232
6963.87 43.392001185698376
7209.96 43.60963314341245
7464.84 43.497106831512966
7727.05 43.29949425810149
7999.51 43.670159685486595
8282.23 44.1121651003312
8573.73 44.40521482545364
8876.95 44.29316876102854
9188.96 44.3478615005681
9514.16 44.281305616568346
9849.61 44.185411792794795
10196.8 44.28909690422097
10555.7 44.00959029666005
10927.7 43.79205954351299
11313.0 43.79812455430822
11712.9 43.843876949090685
12126.0 44.12837051390166
12553.7 44.43653546948269
12996.1 44.857580657084966
13454.6 45.147695581486076
13929.2 45.395311689072344
14419.9 45.50718195273632
14928.2 45.752276864903024
15455.6 45.96594994621863
16000.5 46.13664554806165
16564.5 46.0337658867454
17148.9 45.92850130721163
17752.4 45.968092340644105
18379.4 46.065713280364875
19026.9 46.29319107792449
19697.8 46.39425350673805
19999.5 46.35167341077933
