Freq "Ceiling Bounce"
20.5078 51.55069815679285
21.2402 49.90098971390741
21.9727 59.393606501041816
22.7051 57.41717897493591
23.4375 57.67746415086448
24.1699 58.70634355993549
25.6348 63.97732826716039
26.3672 65.43817567182408
27.0996 66.04163897524755
27.832 67.34777414170124
29.2969 69.79843378519276
30.0293 70.92790502827914
31.4941 73.71578436743977
32.2266 75.1200742342524
33.6914 76.92532701617804
34.4238 78.06605485324363
35.8887 80.14151543963291
37.3535 82.28437835281449
38.8184 84.277156467798
39.5508 85.21206372653099
41.0156 86.89507886581468
42.4805 88.46865683553948
43.9453 89.92741414526593
45.4102 91.04841198805329
47.6074 92.24013672822062
49.0723 92.77874001533941
50.5371 93.20569364131536
52.7344 93.6637663994412
54.1992 93.89727139733974
56.3965 94.15186618008327
58.5938 94.32830473057567
60.0586 94.39412350924518
62.2559 94.51255336674903
64.4531 94.56414319701236
66.6504 94.62804742236048
69.5801 94.60537626714158
71.7773 94.66466929036815
73.9746 94.74334011743257
76.9043 94.73864760387042
79.834 94.74870882540863
82.7637 94.86283038399858
85.6934 94.77769687779028
88.623 94.76365681078555
91.5527 94.68639721851359
94.4824 94.75558393374061
98.1445 94.89715717345767
101.807 94.88511589872739
105.469 94.95647631341846
109.131 94.97853817374848
112.793 95.04080458273145
116.455 95.03594188645762
120.85 95.1055382744656
125.244 95.15073297317348
129.639 95.06477239898368
134.033 94.99920608997638
138.428 94.9299239650251
143.555 94.87336663822508
148.682 94.82663572610318
153.809 94.8833740083689
159.668 94.89881282751594
164.795 94.91406175879719
170.654 94.77280446417635
176.514 94.54514413095688
183.105 94.3653151492067
189.697 94.3548114232237
196.289 94.36214234712087
202.881 94.29782795570343
210.205 94.20661070796605
217.529 94.03483949205815
225.586 94.03846001161827
232.91 94.2111281733823
241.699 93.72315318843971
249.756 93.60249871609186
258.545 93.75091387167636
268.066 92.93913482434513
277.588 93.6588278929858
287.109 93.69420088304093
297.363 93.68703708382671
307.617 93.6015944922801
318.604 93.52278029253803
329.59 93.36852372680656
341.309 92.70209178393537
353.76 93.15684172721537
366.211 93.46956996670865
378.662 93.73012676077772
392.578 93.2897110799902
405.762 93.04505334983615
420.41 93.62148599567848
435.059 93.27495031510539
450.439 93.60265538229346
466.553 93.25478638823337
482.666 92.92473972866803
500.244 92.956406424906
517.822 93.01202362860026
536.133 93.49178442919795
554.443 93.7236785875436
574.219 94.49002622566798
594.727 95.96176496956703
615.234 94.77379303363077
637.207 94.01843149298584
659.912 94.6316547948435
683.35 94.67664411875299
706.787 94.38824097334675
731.689 94.1740533324607
758.057 94.7396688070969
784.424 95.17540974341205
812.256 94.45361578278751
840.82 94.14224782588599
870.85 93.28105517585723
901.611 92.7725271069973
933.105 92.08876701295242
966.064 92.54389295507505
999.756 92.95220106851097
1034.91 93.7510343586551
1071.53 94.4157078639706
1109.62 93.86168056664168
1148.44 93.34993614879623
1189.45 93.72495852170391
1231.2 93.81311375240081
1274.41 93.70346091905232
1319.82 96.21649799048261
1365.97 95.48789672614934
1414.31 93.68410184233143
1464.11 92.50830061113193
1515.38 91.93341040541598
1568.85 92.09814718621668
1624.51 92.8598541140759
1681.64 92.00426382326144
1740.97 90.6396759802879
1802.49 90.57622039397513
1866.21 88.57387809091509
1932.13 88.11329451166816
2000.24 89.44449058201509
2070.56 88.77739284257282
2143.8 86.02489898240736
2219.24 85.41062531453684
2297.61 87.42339362162973
2378.17 85.74645138883359
2462.4 88.778452366419
2548.83 88.67931530944226
2638.92 89.55451641625868
2731.93 91.10877730926202
2828.61 91.5353092322641
2928.22 92.72245591333912
3031.49 93.26146819739745
3138.43 93.22058042307076
3249.02 93.29278405124158
3363.28 92.97745414340297
3481.93 93.0281791553905
3604.98 92.64996359487314
3732.42 92.31351040325912
3863.53 92.06877968604478
3999.76 91.87308533827735
4141.11 92.22087214441737
4286.87 92.2138699785934
4438.48 92.30657122488624
4594.48 92.05503746564064
4757.08 92.32820347068774
4924.8 92.23464897058182
5098.39 92.18841054678708
5277.83 91.3258053476312
5463.87 91.12240697041004
5656.49 91.32294098531479
5856.45 91.26481612732793
6062.99 91.06849896530494
6276.86 90.65908202898225
6498.05 90.11099859336652
6727.29 89.68305603790111
6964.6 89.42090180508889
7209.96 89.19096028349163
7464.11 88.45411401731907
7727.78 88.27643234376009
8000.24 87.76250926944893
8282.23 86.90770144021646
8574.46 86.20770854899475
8876.22 85.36665133830675
9189.7 84.354317411572
9513.43 83.79255268360006
9848.88 83.31189272292023
10196.8 80.96789263381753
10556.4 78.80985270663929
10928.5 80.02548859155355
11313.7 81.74876827880603
11712.9 83.02767249554041
12126.0 83.88837298923782
12553.7 83.96785311325176
12996.1 84.00671192040912
13454.6 83.8165972897137
13928.5 83.8101129838579
14419.9 84.2307452631711
14928.2 84.37418011072226
15454.8 83.26420727717033
15999.8 81.28628892655782
16564.5 79.56053025954135
17148.2 78.21414474926895
17753.2 74.90370254867823
18379.4 69.32138917665527
19027.6 68.77540546444534
19698.5 70.5974084899532
19999.5 70.61913191207692
