Freq "Rear Wall Bounce"
20.5078 71.14031194961636
21.2402 72.65336619769533
21.9727 73.91218098397232
22.7051 74.79881835404372
23.4375 75.27592230531266
24.1699 75.70837329748518
25.6348 77.38825498515594
26.3672 77.95845417785597
27.0996 78.53554876654798
27.832 78.96283409188311
29.2969 80.0470991753835
30.0293 80.542901115097
31.4941 81.50270290475213
32.2266 81.72465366506428
33.6914 82.32895038246137
34.4238 82.70026168380183
35.8887 83.14306805282546
37.3535 83.6764139670072
38.8184 84.12896949900045
39.5508 84.33616900534253
41.0156 84.75778121611187
42.4805 85.16087610656358
43.9453 85.47609252476171
45.4102 85.7689310367276
47.6074 86.18491771705067
49.0723 86.4488954925933
50.5371 86.64670007495985
52.7344 86.93939386792552
54.1992 87.16055276698069
56.3965 87.48920415487474
58.5938 87.76614904891336
60.0586 87.96515466234656
62.2559 88.21425188088426
64.4531 88.39741568880461
66.6504 88.6654550574365
69.5801 88.88882898834188
71.7773 89.06252260172205
73.9746 89.14300832266724
76.9043 89.10834218048555
79.834 89.11401970097288
82.7637 89.06779628645431
85.6934 89.02313221425318
88.623 89.14163014802689
91.5527 89.02827478081882
94.4824 88.99357131692155
98.1445 89.03541027462218
101.807 88.84990440583296
105.469 88.70841205183876
109.131 88.33949276260334
112.793 87.84716538007127
116.455 87.47143113526278
120.85 87.25459077927081
125.244 87.110515084525
129.639 87.33121359912708
134.033 86.82319511606993
138.428 86.3240651994844
143.555 86.05563257278652
148.682 85.670286840449
153.809 85.68187265870375
159.668 85.36695662898616
164.795 84.49625065991266
170.654 84.60275992229519
176.514 84.73453163959651
183.105 84.05807991510339
189.697 84.23464284021512
196.289 84.12707566895091
202.881 83.40202043425322
210.205 82.96254038238237
217.529 82.74255549901852
225.586 82.74666237755567
232.91 82.04472005277742
241.699 80.3645419503313
249.756 80.15988893597249
258.545 78.69841302468043
268.066 78.20637547111009
277.588 80.13624946289829
287.109 79.06896633758484
297.363 77.88505961448082
307.617 77.3828089097389
318.604 76.77707960920804
329.59 78.09749237693322
341.309 79.13281520619803
353.76 80.02072548462588
366.211 78.61720919793311
378.662 76.58924608313191
392.578 76.13058644126724
405.762 76.89734718331901
420.41 75.64941791093337
435.059 74.19110804131405
450.439 75.21681062927227
466.553 76.0276417400537
482.666 75.33916529424069
500.244 75.55669773557467
517.822 78.07235718402445
536.133 76.53395072830739
554.443 75.89904268049015
574.219 75.82252680254739
594.727 74.61925306417037
615.234 74.93726037600887
637.207 75.94783615377415
659.912 77.7834284782832
683.35 77.17135049062726
706.787 76.19612074828284
731.689 76.6828673939332
758.057 77.02463697844769
784.424 77.16102776722622
812.256 77.64883159163216
840.82 78.29789698785684
870.85 79.18477331332089
901.611 80.2282942492622
933.105 80.63857291382139
966.064 80.78263749608927
999.756 80.25333367856246
1034.91 79.21795833923588
1071.53 78.84422504302603
1109.62 78.92952700258472
1148.44 78.61686408444565
1189.45 78.82309136985118
1231.2 78.67998212106504
1274.41 79.04718930604318
1319.82 78.70669791482844
1365.97 78.24250134837227
1414.31 77.80695973057433
1464.11 76.89012696715794
1515.38 76.69910072139359
1568.85 76.22965525909346
1624.51 75.31824572505992
1681.64 74.56207808665417
1740.97 74.51487081222258
1802.49 75.84093346232868
1866.21 73.46075634219152
1932.13 74.45927859675669
2000.24 73.99386137013168
2070.56 74.37154379398017
2143.8 73.81625489833449
2219.24 74.69182236110609
2297.61 74.96771780944923
2378.17 74.94653139592157
2462.4 74.87741475128503
2548.83 75.5722162716829
2638.92 76.09765475839417
2731.93 75.7997628500054
2828.61 75.56769840228388
2928.22 76.29464130996354
3031.49 75.97257713810866
3138.43 77.25819252539391
3249.02 77.39438771791417
3363.28 77.41010873222812
3481.93 77.48418109413022
3604.98 77.81564617837209
3732.42 77.62784940045891
3863.53 77.86585694919755
3999.76 78.50802556353851
4141.11 78.64493441021207
4286.87 78.69505830671599
4438.48 78.7159086840738
4594.48 78.25079627750539
4757.08 78.16242340573187
4924.8 77.79713785373282
5098.39 77.2902069993865
5277.83 78.36948431684154
5463.87 77.62182184985629
5656.49 78.22071216476598
5856.45 78.14060154351277
6062.99 78.13062505807152
6276.86 78.169112806771
6498.05 77.9522552515448
6727.29 77.96399253415582
6964.6 77.76287577219271
7209.96 77.4457666963788
7464.11 77.48602183510097
7727.78 76.9721044605033
8000.24 77.12460527053386
8282.23 77.20382599438518
8574.46 77.10885006915866
8876.22 77.0395244540896
9189.7 77.0233557442345
9513.43 76.91503952226076
9848.88 77.03625466262737
10196.8 77.14573043318723
10556.4 77.576171564103
10928.5 77.63693307565609
11313.7 77.02877193352056
11712.9 77.3100270021936
12126.0 77.29378331485715
12553.7 77.1433369347649
12996.1 76.7973006296236
13454.6 76.0332438797238
13928.5 75.04350226057333
14419.9 74.12318389725591
14928.2 73.15366005108486
15454.8 72.27807913104846
15999.8 70.8925299075072
16564.5 69.26804989696701
17148.2 67.99488992354682
17753.2 67.49319894885913
18379.4 67.09469665502748
19027.6 66.61201822276838
19698.5 65.80192555628416
19999.5 65.902147182311
