Freq "On Axis"
20.0 34.64147169811321
20.2909 35.14247169811321
20.586 35.67747169811321
20.8855 36.220471698113215
21.1893 36.74547169811322
21.4975 37.224471698113206
21.8102 37.6344716981132
22.1274 37.99347169811321
22.4492 38.35247169811319
22.7758 38.74547169811322
23.1071 39.18947169811321
23.4432 39.684471698113214
23.7841 40.202471698113214
24.1301 40.70947169811322
24.4811 41.196471698113214
24.8372 41.662471698113194
25.1984 42.11847169811321
25.5649 42.57647169811321
25.9368 43.04747169811321
26.3141 43.5334716981132
26.6968 44.0264716981132
27.0851 44.5144716981132
27.4791 44.99247169811321
27.8788 45.45347169811319
28.2843 45.90047169811319
28.6957 46.34447169811321
29.1131 46.79347169811322
29.5365 47.25547169811321
29.9661 47.732471698113216
30.402 48.21947169811321
30.8442 48.70747169811321
31.2929 49.184471698113214
31.748 49.6524716981132
32.2098 50.11447169811319
32.6783 50.5744716981132
33.1536 51.04747169811321
33.6359 51.53547169811321
34.1251 52.0334716981132
34.6215 52.51647169811321
35.125 52.96947169811321
35.6359 53.40347169811321
36.1543 53.831471698113205
36.6802 54.2704716981132
37.2137 54.73947169811319
37.755 55.2344716981132
38.3041 55.73947169811322
38.8613 56.2294716981132
39.4265 56.706471698113205
40.0 57.17147169811321
40.5818 57.63547169811321
41.1721 58.101471698113215
41.771 58.57047169811321
42.3785 59.04047169811321
42.9949 59.51047169811321
43.6203 59.9844716981132
44.2548 60.45747169811321
44.8985 60.93047169811321
45.5515 61.4054716981132
46.2141 61.87647169811321
46.8863 62.339471698113215
47.5683 62.79647169811321
48.2602 63.24847169811321
48.9621 63.70147169811321
49.6743 64.15547169811322
50.3968 64.60947169811323
51.1299 65.06447169811321
51.8736 65.51347169811321
52.6281 65.95447169811321
53.3936 66.3904716981132
54.1702 66.82047169811321
54.9581 67.2454716981132
55.7575 67.6644716981132
56.5685 68.0774716981132
57.3914 68.4804716981132
58.2261 68.8754716981132
59.073 69.26147169811321
59.9323 69.6404716981132
60.804 70.0134716981132
61.6884 70.3774716981132
62.5857 70.7334716981132
63.496 71.0754716981132
64.4196 71.4004716981132
65.3566 71.7094716981132
66.3073 72.0034716981132
67.2717 72.28847169811321
68.2502 72.5664716981132
69.2429 72.83847169811321
70.2501 73.10247169811322
71.2719 73.35047169811321
72.3086 73.5794716981132
73.3603 73.78747169811322
74.4274 73.9804716981132
75.5099 74.16247169811321
76.6083 74.3364716981132
77.7226 74.5034716981132
78.8531 74.66047169811321
80.0 74.80247169811321
81.1636 74.9294716981132
82.3442 75.04747169811321
83.5419 75.15747169811323
84.757 75.25847169811321
85.9899 75.35347169811321
87.2406 75.43947169811321
88.5096 75.5144716981132
89.797 75.58247169811321
91.1031 75.6434716981132
92.4282 75.7004716981132
93.7726 75.7544716981132
95.1366 75.80247169811321
96.5204 75.8454716981132
97.9243 75.88247169811319
99.3486 75.91347169811321
100.794 75.93647169811322
102.26 75.9564716981132
103.747 75.9714716981132
105.256 75.98347169811322
106.787 75.9954716981132
108.34 76.0094716981132
109.916 76.02247169811321
111.515 76.0334716981132
113.137 76.04147169811321
114.783 76.0454716981132
116.452 76.04647169811321
118.146 76.0454716981132
119.865 76.0394716981132
121.608 76.02847169811321
123.377 76.01447169811321
125.171 75.9954716981132
126.992 75.9794716981132
128.839 75.97047169811322
130.713 75.9684716981132
132.615 75.97047169811322
134.543 75.97547169811321
136.5 75.98347169811322
138.486 75.98947169811319
140.5 75.98947169811319
142.544 75.9864716981132
144.617 75.9794716981132
146.721 75.9724716981132
148.855 75.96347169811321
151.02 75.9564716981132
153.217 75.94847169811321
155.445 75.9384716981132
157.706 75.93047169811321
160.0 75.91947169811323
162.327 75.90747169811321
164.688 75.89847169811321
167.084 75.89247169811321
169.514 75.89147169811321
171.98 75.89947169811319
174.481 75.9144716981132
177.019 75.92747169811321
179.594 75.93647169811322
182.206 75.9374716981132
184.856 75.9314716981132
187.545 75.9204716981132
190.273 75.9054716981132
193.041 75.8904716981132
195.849 75.87647169811322
198.697 75.86347169811322
201.587 75.8584716981132
204.52 75.85247169811319
207.494 75.83947169811319
210.512 75.8274716981132
213.574 75.82247169811319
216.681 75.8374716981132
219.833 75.8784716981132
223.03 75.92947169811319
226.274 75.9674716981132
229.565 75.9744716981132
232.905 75.9444716981132
236.292 75.89947169811319
239.729 75.8544716981132
243.216 75.8314716981132
246.754 75.82947169811322
250.343 75.8344716981132
253.984 75.83947169811319
257.678 75.85347169811321
261.426 75.87647169811322
265.229 75.9024716981132
269.087 75.92747169811321
273.001 75.9414716981132
276.972 75.92147169811321
281.0 75.89447169811321
285.088 75.88247169811319
289.234 75.89347169811322
293.441 75.92947169811319
297.709 75.9714716981132
302.04 75.9984716981132
306.433 76.0034716981132
310.89 75.9854716981132
315.412 75.9654716981132
320.0 75.9614716981132
324.655 75.98347169811322
329.377 76.01147169811321
334.168 76.04747169811321
339.028 76.0754716981132
343.959 76.07747169811321
348.962 76.0814716981132
354.038 76.1014716981132
359.188 76.1104716981132
364.412 76.1294716981132
369.713 76.17347169811319
375.09 76.19847169811321
380.546 76.2124716981132
386.081 76.23347169811319
391.697 76.2484716981132
397.394 76.2544716981132
403.175 76.23447169811321
409.039 76.2214716981132
414.989 76.2394716981132
421.025 76.27947169811321
427.149 76.3394716981132
433.362 76.40147169811321
439.665 76.42547169811321
446.06 76.4054716981132
452.548 76.36447169811322
459.131 76.3184716981132
465.809 76.2924716981132
472.584 76.3224716981132
479.458 76.3674716981132
486.432 76.38947169811321
493.507 76.37747169811323
500.686 76.3694716981132
507.968 76.3764716981132
515.357 76.3754716981132
522.853 76.36547169811321
530.458 76.38847169811321
538.174 76.4024716981132
546.002 76.4374716981132
553.943 76.46447169811319
562.001 76.4674716981132
570.175 76.48147169811321
578.469 76.4534716981132
586.883 76.4054716981132
595.419 76.40447169811321
604.08 76.39847169811321
612.866 76.38947169811321
621.78 76.36847169811321
630.824 76.3534716981132
640.0 76.3494716981132
649.309 76.38147169811322
658.753 76.4504716981132
668.335 76.46947169811321
678.056 76.4804716981132
687.919 76.43947169811321
697.925 76.34447169811321
708.077 76.33247169811321
718.376 76.3754716981132
728.825 76.39247169811321
739.426 76.4494716981132
750.181 76.51047169811321
761.093 76.53447169811321
772.163 76.5564716981132
783.394 76.60947169811321
794.789 76.60847169811322
806.349 76.5744716981132
818.078 76.5454716981132
829.977 76.4614716981132
842.05 76.41147169811322
854.298 76.41647169811321
866.724 76.4234716981132
879.33 76.4654716981132
892.12 76.52447169811319
905.097 76.55847169811321
918.262 76.54847169811322
931.618 76.47747169811319
945.169 76.4264716981132
958.917 76.37447169811321
972.864 76.3674716981132
987.015 76.3994716981132
1001.37 76.40147169811321
1015.94 76.3934716981132
1030.71 76.37147169811321
1045.71 76.32047169811321
1060.92 76.30847169811321
1076.35 76.3164716981132
1092.0 76.31047169811319
1107.89 76.29947169811321
1124.0 76.3674716981132
1140.35 76.4764716981132
1156.94 76.3964716981132
1173.77 76.41547169811321
1190.84 76.5004716981132
1208.16 76.50847169811321
1225.73 76.52947169811321
1243.56 76.48447169811323
1261.65 76.3764716981132
1280.0 76.35647169811321
1298.62 76.3724716981132
1317.51 76.3994716981132
1336.67 76.45447169811322
1356.11 76.4304716981132
1375.84 76.41247169811321
1395.85 76.39847169811321
1416.15 76.3604716981132
1436.75 76.3934716981132
1457.65 76.3834716981132
1478.85 76.39147169811321
1500.36 76.4144716981132
1522.19 76.42747169811321
1544.33 76.53147169811322
1566.79 76.6164716981132
1589.58 76.69547169811321
1612.7 76.7534716981132
1636.16 76.7354716981132
1659.95 76.76047169811321
1684.1 76.71947169811321
1708.6 76.67247169811321
1733.45 76.64547169811321
1758.66 76.5624716981132
1784.24 76.47847169811321
1810.19 76.41647169811321
1836.52 76.35747169811319
1863.24 76.3544716981132
1890.34 76.38747169811319
1917.83 76.46447169811319
1945.73 76.53447169811321
1974.03 76.47247169811321
2002.74 76.27947169811321
2031.87 76.1224716981132
2061.43 76.0484716981132
2091.41 76.0214716981132
2121.83 75.9624716981132
2152.69 75.88547169811321
2184.01 75.8364716981132
2215.77 75.7744716981132
2248.0 75.70747169811321
2280.7 75.67547169811323
2313.87 75.68647169811321
2347.53 75.70947169811322
2381.68 75.67447169811321
2416.32 75.6224716981132
2451.46 75.59547169811319
2487.12 75.5924716981132
2523.3 75.64947169811322
2560.0 75.77047169811321
2597.24 75.8814716981132
2635.01 75.94547169811321
2673.34 75.9854716981132
2712.23 75.94847169811321
2751.68 75.8434716981132
2791.7 75.7334716981132
2832.31 75.62447169811321
2873.5 75.56547169811319
2915.3 75.59447169811321
2957.7 75.67747169811321
3000.72 75.78247169811323
3044.37 75.85947169811323
3088.65 75.8584716981132
3133.58 75.7954716981132
3179.16 75.81647169811322
3225.4 75.82347169811321
3272.31 75.7654716981132
3319.91 75.71647169811321
3368.2 75.7064716981132
3417.19 75.73747169811321
3466.89 75.7654716981132
3517.32 75.75247169811323
3568.48 75.6844716981132
3620.39 75.5834716981132
3673.05 75.4804716981132
3726.47 75.41047169811321
3780.67 75.41547169811321
3835.67 75.48747169811321
3891.46 75.5814716981132
3948.06 75.66947169811321
4005.49 75.7384716981132
4063.75 75.7984716981132
4122.86 75.84647169811322
4182.82 75.86347169811322
4243.66 75.8274716981132
4305.39 75.7414716981132
4368.01 75.64547169811323
4431.55 75.57847169811319
4496.01 75.55247169811321
4561.4 75.57847169811319
4627.75 75.64547169811323
4695.06 75.74347169811321
4763.35 75.8734716981132
4832.64 76.02047169811321
4902.93 76.15347169811321
4974.24 76.23447169811321
5046.6 76.21947169811321
5120.0 76.08847169811321
5194.47 75.85647169811321
5270.03 75.5694716981132
5346.68 75.29047169811321
5424.45 75.07047169811321
5503.35 74.94547169811321
5583.4 74.9324716981132
5664.61 75.0454716981132
5747.01 75.25547169811321
5830.6 75.5154716981132
5915.41 75.7984716981132
6001.45 76.05847169811321
6088.74 76.2414716981132
6177.3 76.3454716981132
6267.15 76.41547169811321
6358.31 76.4864716981132
6450.8 76.57347169811321
6544.62 76.67147169811321
6639.82 76.77047169811321
6736.4 76.85947169811321
6834.38 76.91647169811321
6933.79 76.93947169811321
7034.64 76.94647169811321
7136.96 76.91547169811321
7240.77 76.85047169811321
7346.09 76.77847169811321
7452.94 76.67747169811321
7561.35 76.5684716981132
7671.33 76.5064716981132
7782.91 76.4614716981132
7896.12 76.4264716981132
8010.97 76.4314716981132
8127.49 76.44847169811321
8245.71 76.4594716981132
8365.65 76.47147169811322
8487.33 76.47147169811322
8610.78 76.47247169811321
8736.03 76.5124716981132
8863.09 76.5934716981132
8992.01 76.70147169811321
9122.8 76.84447169811321
9255.5 77.0014716981132
9390.12 77.10947169811323
9526.7 77.15047169811321
9665.27 77.13247169811319
9805.86 77.0634716981132
9948.49 76.98447169811321
10093.2 76.9174716981132
10240.0 76.84447169811321
10388.9 76.74347169811321
10540.1 76.60947169811321
10693.4 76.48147169811321
10848.9 76.3844716981132
11006.7 76.33247169811321
11166.8 76.3494716981132
11329.2 76.4234716981132
11494.0 76.52447169811319
11661.2 76.6274716981132
11830.8 76.7124716981132
12002.9 76.76747169811321
12177.5 76.8074716981132
12354.6 76.8664716981132
12534.3 76.9554716981132
12716.6 77.09447169811321
12901.6 77.27647169811323
13089.2 77.4664716981132
13279.6 77.64747169811321
13472.8 77.78847169811321
13668.8 77.88047169811321
13867.6 77.93547169811322
14069.3 77.95747169811321
14273.9 77.9644716981132
14481.5 77.9624716981132
14692.2 77.9494716981132
14905.9 77.92747169811321
15122.7 77.90047169811321
15342.7 77.88347169811321
15565.8 77.88047169811321
15792.2 77.8994716981132
16021.9 77.93647169811321
16255.0 77.96647169811321
16491.4 77.97247169811321
16731.3 77.94247169811321
16974.7 77.8794716981132
17221.6 77.79847169811322
17472.1 77.7204716981132
17726.2 77.65947169811321
17984.0 77.61247169811321
18245.6 77.5834716981132
18511.0 77.5744716981132
18780.2 77.5754716981132
19053.4 77.59047169811319
19330.5 77.61247169811321
19611.7 77.6194716981132
19897.0 77.6194716981132
