Freq "Early Reflections"
20.5078 55.85906198913368
21.9727 59.393591747123324
23.4375 62.410665719035464
24.9023 64.83515322668971
26.3672 67.74743084708841
27.832 69.98838290061171
29.2969 71.9856078726766
30.7617 73.8676855523542
32.2266 75.22584920519729
33.6914 76.18308300393835
35.1562 76.83449541109471
36.6211 77.29674573798304
38.0859 77.50997746860315
39.5508 77.77084613221756
41.0156 78.10419906014175
42.4805 78.37172745506025
43.9453 78.6386839267978
45.4102 78.93434483365344
46.875 79.18695641846587
48.3398 79.52538187748326
51.2695 80.01797185898793
52.7344 80.27207448679694
54.1992 80.53363503659035
55.6641 80.78985388760286
58.5938 81.26391912497489
60.0586 81.5142219993669
62.9883 81.91327924825426
64.4531 81.99263867245676
67.3828 82.17521316102106
68.8477 82.1526553061967
71.7773 82.18847448270076
74.707 82.15345367861387
77.6367 81.84481164549328
79.1016 81.68771220593867
82.0312 81.57535991504122
84.9609 81.50249418564835
87.8906 81.54521131352523
90.8203 81.59764561574103
95.2148 81.49185359632104
98.1445 81.52296913357468
101.074 81.58811340718935
105.469 81.60280674765667
108.398 81.59638155668397
112.793 81.55319023153433
117.188 81.3270913443029
120.117 81.65856829006178
124.512 81.79561644236826
128.906 81.72502240233807
133.301 81.62751133651611
139.16 81.41361096048364
143.555 81.19981422425552
147.949 81.46012631838569
153.809 81.1552000544198
159.668 80.62742503363111
165.527 80.52655201402008
171.387 81.24805182320674
177.246 81.09737869057149
183.105 81.18006673330002
188.965 81.1275313960955
196.289 80.89221573377732
203.613 80.7785094988462
210.938 81.00601827117903
218.262 81.36064964040622
225.586 81.29081948956222
232.91 81.18007516914712
241.699 80.96088451668531
250.488 81.4195805838629
259.277 81.93318326482782
268.066 81.84961033936771
276.855 81.29695177563848
287.109 81.35955478524582
297.363 81.55954282822047
307.617 81.43288553976902
319.336 80.99639784410651
329.59 81.03283719018664
341.309 80.9110922290268
353.027 81.05016642454605
366.211 81.09488384735086
379.395 80.70634376650327
392.578 80.60878631422027
405.762 80.28739166659985
420.41 80.69544721643739
435.059 80.14193086733933
451.172 80.2819750327519
465.82 80.43937042619994
483.398 80.50039372555916
499.512 80.37774904159366
517.09 81.06159733721643
536.133 80.7732617448195
555.176 80.5014676902128
574.219 81.02166356414013
594.727 80.44493336888146
615.234 80.47736222639841
637.207 80.37473219162509
659.18 80.04490061937483
682.617 79.98642241772176
707.52 79.6288514634653
732.422 79.57505384179943
757.324 79.12103072174384
785.156 79.51487933410101
811.523 78.91201870923457
840.82 79.02949122107752
870.117 78.60039251404974
900.879 78.5352850124074
933.105 78.12297898358052
965.332 78.1024215694455
1000.49 78.0172419688424
1035.64 78.25681480216794
1072.27 78.00142790121316
1108.89 77.83904418178089
1148.44 78.1725095456602
1189.45 78.14467326469831
1230.47 78.40471070240761
1274.41 78.77759422991298
1319.82 78.90866694586192
1366.7 78.84070212174838
1413.57 78.61381568591455
1463.38 78.38852110851421
1516.11 78.57583376717783
1568.85 78.74259605650313
1624.51 78.53710940677028
1681.64 78.33715074816017
1741.7 78.53172742342225
1803.22 78.64316383040163
1866.21 78.13490399176625
1932.13 78.41021962898427
1999.51 78.64714068414584
2069.82 78.47438445514165
2143.07 78.11654592457158
2219.24 78.32764424459707
2296.88 78.53249818870144
2378.91 78.39096539227255
2462.4 78.42692621522397
2548.83 78.56893409358914
2639.65 78.42160967867325
2731.93 78.23684045435715
2828.61 78.25422814297677
2928.22 78.12279821337663
3030.76 77.73053527331406
3137.7 77.56488884675164
3249.02 77.5768978559157
3363.28 77.47829783098383
3481.93 77.88918876160109
3604.98 77.68491102334526
3732.42 77.81302578287112
3864.26 77.50211673855901
4000.49 77.45640508052391
4141.11 77.27322905657932
4287.6 77.34526522662505
4438.48 77.24889692328937
4595.21 77.20173214406258
4756.35 77.38759483763995
4924.8 77.18992714800454
5097.66 77.22477430448846
5277.83 77.44119270137422
5463.87 77.44308684408621
5657.23 77.30842222523167
5856.45 77.29986636996402
6062.99 77.41684873540807
6276.86 77.43135064407441
6498.05 77.4365016599814
6726.56 77.46744970534822
6963.87 77.43924924834594
7209.96 77.19372254285317
7464.84 76.92280155595687
7727.05 76.65384121967736
7999.51 76.92489406962241
8282.23 76.90809073826163
8573.73 76.9937935535527
8876.95 77.03780709979641
9188.96 76.87860703161935
9514.16 76.78201948638488
9849.61 76.83429522425541
10196.8 76.92305784642387
10555.7 76.965587805437
10927.7 77.08672873378883
11313.0 77.04311741716538
11712.9 76.84172575737769
12126.0 76.60547143595834
12553.7 76.51751355380071
12996.1 76.66186139171096
13454.6 76.93106602829573
13929.2 76.79836444438136
14419.9 76.90687447513099
14928.2 76.87108806795716
15455.6 76.92727685735336
16000.5 76.81174719077278
16564.5 76.44616839411388
17148.9 75.8670141767184
17752.4 75.32346780897493
18379.4 74.72365421028935
19026.9 73.93757703410779
19697.8 73.32085448794035
19999.5 73.0856257675631
