Freq "Sound Power"
20.5078 55.14744340710507
21.9727 55.48476382778074
23.4375 58.25865407805304
24.9023 58.78792556759129
26.3672 61.13505915897906
27.832 61.75362026688978
29.2969 63.61236328232465
30.7617 64.88471912917595
32.2266 65.80611032300732
33.6914 67.71493463482906
35.1562 68.80725397635914
36.6211 69.98641118192383
38.0859 71.0302306552797
39.5508 72.07392706559094
41.0156 73.05819005042119
42.4805 74.08143709771602
43.9453 74.89785341349136
45.4102 75.7859181041108
46.875 76.54451144693596
48.3398 77.06582582613012
51.2695 78.47576494162513
52.7344 79.09423604902473
54.1992 79.61022934089388
55.6641 80.07926377094893
58.5938 80.92207335312379
60.0586 81.32382148529044
62.9883 82.0507482833308
64.4531 82.38747050917603
67.3828 82.97980869895896
68.8477 83.24412280788604
71.7773 83.79908407965442
74.707 84.2757598035138
77.6367 84.6393812528474
79.1016 84.81093641869045
82.0312 85.1924512633225
84.9609 85.54470273528315
87.8906 85.82210575686304
90.8203 86.06408172526896
95.2148 86.3794969459974
98.1445 86.51503276944658
101.074 86.65265716617724
105.469 86.85697714618853
108.398 86.94236269778584
112.793 86.97259681128577
117.188 87.0283025961235
120.117 87.17390618533105
124.512 87.1847727006186
128.906 87.09604711941611
133.301 87.04977448368781
139.16 87.08961832152676
143.555 87.16976680030363
147.949 87.22986057530068
153.809 87.05952971845663
159.668 86.88057662570807
165.527 86.51338780750476
171.387 86.36759024475312
177.246 86.27927928343979
183.105 86.3423639159727
188.965 86.45431284440086
196.289 86.15251698924602
203.613 85.82072232257315
210.938 85.8337068532152
218.262 85.92640062204677
225.586 85.5953365129505
232.91 85.55954503791298
241.699 84.95156645078009
250.488 84.98730179948124
259.277 85.11691237862051
268.066 85.16373493633522
276.855 84.50483436819997
287.109 84.53320414077574
297.363 84.68798578219803
307.617 84.57432298327674
319.336 84.03150911316544
329.59 83.95928916975849
341.309 83.8245341982619
353.027 83.61983076271004
366.211 83.81461651987648
379.395 83.04361818363498
392.578 82.74454979309412
405.762 82.91834180742443
420.41 83.41393626216224
435.059 83.03179159898066
451.172 83.1895924953625
465.82 83.35869071491655
483.398 83.15667458380565
499.512 82.75170813639437
517.09 82.47350994996586
536.133 82.21176259543655
555.176 82.10070904179406
574.219 82.0817314481935
594.727 82.22289042345908
615.234 81.68987985745831
637.207 81.71509498764297
659.18 81.42336275739214
682.617 81.12999814093857
707.52 81.3243919139149
732.422 80.9583639405475
757.324 80.86401696045337
785.156 80.71526219785054
811.523 80.32022195002298
840.82 80.34708976026964
870.117 79.7784176313091
900.879 79.54561496042675
933.105 79.84586667312058
965.332 81.75966200901254
1000.49 81.74519683150882
1035.64 81.23788578727074
1072.27 81.02705614881147
1108.89 81.0293494394083
1148.44 80.89280975477945
1189.45 80.47069486112343
1230.47 80.1404348045771
1274.41 80.04880700151988
1319.82 79.8068435061384
1366.7 80.11226785877531
1413.57 81.07850087474888
1463.38 81.21192550294838
1516.11 80.67482850066938
1568.85 80.41113692359217
1624.51 80.63468399295061
1681.64 80.69979303097439
1741.7 80.49809413074561
1803.22 80.4166311856284
1866.21 80.42030298078599
1932.13 80.1954364244118
1999.51 79.80808266735174
2069.82 79.8312318654375
2143.07 80.12705423403985
2219.24 79.74630848734199
2296.88 79.56753151138656
2378.91 80.04944393212799
2462.4 79.65421749015323
2548.83 79.23370880097795
2639.65 79.12361406300676
2731.93 79.20566637823231
2828.61 79.23394802832874
2928.22 79.16849587847364
3030.76 79.59138493406033
3137.7 79.68436665775089
3249.02 80.00745798003325
3363.28 80.22666349396118
3481.93 80.44222674883889
3604.98 80.49057905735133
3732.42 81.0943576739487
3864.26 81.22259438492121
4000.49 81.53406009976372
4141.11 81.81713750700544
4287.6 81.82510028501007
4438.48 82.01433292438398
4595.21 81.99695723505653
4756.35 82.17268653563559
4924.8 82.11045448566749
5097.66 82.12689620742422
5277.83 81.91358465159684
5463.87 81.8195183125035
5657.23 81.7439693752849
5856.45 81.82248775262451
6062.99 81.8386894923519
6276.86 81.80388089509827
6498.05 81.89720713100917
6726.56 81.91509811019323
6963.87 81.65337153784074
7209.96 81.28657260679033
7464.84 81.08751609741503
7727.05 80.93269225101946
7999.51 80.74365425418381
8282.23 80.67258548105815
8573.73 80.75135484961798
8876.95 80.7261585136054
9188.96 80.7177287071541
9514.16 80.73174997941736
9849.61 80.78291319256977
10196.8 80.90095859922283
10555.7 80.91148352196001
10927.7 80.68443186938467
11313.0 80.56345238708758
11712.9 80.38934112832118
12126.0 80.13697213461727
12553.7 79.95070487074587
12996.1 79.82579627461553
13454.6 79.50963196060158
13929.2 79.16316383027487
14419.9 78.81654377668254
14928.2 78.69149861568594
15455.6 78.45757489483425
16000.5 77.86495859106594
16564.5 77.07682026347742
17148.9 76.88431506403776
17752.4 77.14162633841244
18379.4 76.48090217442513
19026.9 75.33992304694613
19697.8 74.46199339049625
19999.5 73.9760576700774
