Freq "Rear Wall Bounce"
20.5078 48.889181072716454
21.9727 55.350132900999526
23.4375 52.75315974581487
24.9023 51.53686346765262
26.3672 47.9160906236542
27.832 46.87754396150608
29.2969 51.51161347972864
30.7617 57.546125895384634
32.2266 62.6564975358322
33.6914 67.05801882083234
35.1562 69.92952296469294
36.6211 72.68407665579777
38.0859 74.87104991429706
39.5508 77.21153800203987
41.0156 79.24335985229988
42.4805 81.3074266529663
43.9453 83.56609356065779
45.4102 85.41078061916885
46.875 86.9364981015639
48.3398 88.18136153187193
51.2695 89.99534309097899
52.7344 90.60230552136791
54.1992 91.04417137271206
55.6641 91.36884531258913
58.5938 91.7990294701118
60.0586 91.87512988017113
62.9883 92.04429097149276
64.4531 92.07928173133467
67.3828 92.10645820783927
68.8477 92.12181183423901
71.7773 92.14330624771755
74.707 92.10324266944505
77.6367 92.12811891626504
79.1016 92.12946258519467
82.0312 92.11225745219623
84.9609 92.11915104567623
87.8906 92.24887862221316
90.8203 92.2577496912207
95.2148 92.19674050869276
98.1445 92.22050500079308
101.074 92.23028294702475
105.469 92.1835683535884
108.398 92.23968937281192
112.793 92.28552157171954
117.188 92.37502702928697
120.117 92.3369179299611
124.512 92.46439642988663
128.906 92.44013173968114
133.301 92.58816271023879
139.16 92.65336592192392
143.555 92.75407377024578
147.949 92.7767223160843
153.809 92.59697523578012
159.668 92.61559249030581
165.527 92.64405944466904
171.387 92.64140665150421
177.246 92.84133746111254
183.105 92.69995892091018
188.965 92.53985635714106
196.289 92.49072026550904
203.613 92.33258777294793
210.938 92.20761318066106
218.262 92.39614644590156
225.586 92.51780842436776
232.91 92.38364966717897
241.699 91.95752107456205
250.488 91.84404432207916
259.277 91.8553082525617
268.066 91.7348729358763
276.855 91.96910391244623
287.109 91.74430377269657
297.363 91.92597842376452
307.617 91.63164652395707
319.336 91.38601282199171
329.59 91.08439097100607
341.309 91.28641218346557
353.027 90.94861449012306
366.211 91.33422999986814
379.395 91.4060239766859
392.578 91.43082085703165
405.762 91.18971968639016
420.41 90.0348880148215
435.059 89.98616531261648
451.172 89.63011154361065
465.82 89.77181931189017
483.398 89.41231091359491
499.512 89.79637586384075
517.09 89.55466755971906
536.133 89.22646128402472
555.176 89.20745900043677
574.219 88.9076175876853
594.727 88.83992742997158
615.234 88.55612522284795
637.207 87.95380534511511
659.18 87.8535290609331
682.617 87.51663617736583
707.52 86.73194649406419
732.422 86.41090202746359
757.324 86.66416865344515
785.156 86.26059309182357
811.523 86.44037551000464
840.82 86.03881620824353
870.117 86.00148280633321
900.879 85.99235070571497
933.105 86.220702589135
965.332 86.11767545607579
1000.49 86.77419377274511
1035.64 86.68466466873441
1072.27 86.16701451341409
1108.89 85.60612002697563
1148.44 84.64068331690994
1189.45 84.43395521332869
1230.47 84.71651341066759
1274.41 84.70558417018172
1319.82 84.27961406945415
1366.7 83.86789636239494
1413.57 83.10496905969858
1463.38 81.96261034684115
1516.11 80.41768646505676
1568.85 80.08852526173565
1624.51 80.39666433127677
1681.64 81.64187027314074
1741.7 81.17759109783123
1803.22 80.90822136106499
1866.21 80.25652388247094
1932.13 80.17647525997315
1999.51 80.65197131228125
2069.82 80.86822161680472
2143.07 80.28926085247936
2219.24 79.85931305495271
2296.88 79.16973697263231
2378.91 79.87239575923506
2462.4 80.65302556397796
2548.83 79.6586144717795
2639.65 78.22786228220104
2731.93 77.67142504903882
2828.61 77.95491534099226
2928.22 77.89113481965539
3030.76 77.4890853652073
3137.7 77.424300888974
3249.02 77.67884599122026
3363.28 77.74093494580656
3481.93 78.19073677779507
3604.98 78.55662592653879
3732.42 78.66011130764561
3864.26 77.52839119282898
4000.49 76.52002338258488
4141.11 77.03859367561581
4287.6 76.80116969209693
4438.48 76.85209440115166
4595.21 76.02163442732257
4756.35 76.664392576472
4924.8 77.26737169613027
5097.66 76.92189806317238
5277.83 78.61390949743844
5463.87 78.53350618368496
5657.23 76.91949676833917
5856.45 76.3261566450295
6062.99 76.2998249202812
6276.86 75.41260154282597
6498.05 75.49819673826116
6726.56 74.33514194485282
6963.87 73.19634313584169
7209.96 73.53887648992739
7464.84 72.39864261622219
7727.05 73.23541089951
7999.51 74.01322668548178
8282.23 73.31061090585075
8573.73 70.59005341257861
8876.95 70.22900045632052
9188.96 69.66330734423785
9514.16 68.96393285132002
9849.61 68.84265915005811
10196.8 68.91272876498219
10555.7 69.86590263819056
10927.7 68.23372079951302
11313.0 64.4150342005001
11712.9 67.31971565111807
12126.0 67.04722738720669
12553.7 65.22730025142799
12996.1 63.71685687083421
13454.6 62.93733955761762
13929.2 60.61932510545104
14419.9 59.01437002112898
14928.2 57.29717810537268
15455.6 54.626880462044724
16000.5 57.23417995613211
16564.5 56.6228683012924
17148.9 52.350788096154886
17752.4 52.20736001787306
18379.4 52.80518076409216
19026.9 54.83273261784804
19697.8 53.147217957611005
19999.5 55.98269349649176
