Freq "Estimated In-Room Response"
20.5078 49.85382047354021
21.9727 52.14370947287206
23.4375 53.89825516612258
24.9023 54.54843814721717
26.3672 57.09906816509981
27.832 58.797611040557555
29.2969 59.38920835212825
30.7617 61.253001109848455
32.2266 63.4219385722768
33.6914 64.61095024034918
35.1562 63.582174528686735
36.6211 66.52702668789117
38.0859 67.82804842652413
39.5508 69.0829895788076
41.0156 70.10834701229672
42.4805 71.28780080571967
43.9453 72.26635166157523
45.4102 73.35201546561474
46.875 74.23675616097681
48.3398 75.24115688889967
51.2695 76.83835632807252
52.7344 77.57539727941733
54.1992 78.17684058426629
55.6641 78.82214198386431
58.5938 79.85893117150457
60.0586 80.35242007074528
62.9883 81.18169586272508
64.4531 81.48633388275952
67.3828 82.04647439806638
68.8477 82.2617657646515
71.7773 82.7579741215781
74.707 83.1448015540928
77.6367 83.321595806258
79.1016 83.41709406588326
82.0312 83.6970156701095
84.9609 83.88737649234245
87.8906 83.96006526470934
90.8203 84.1653402528765
95.2148 84.2698494183381
98.1445 84.31080742603257
101.074 84.33315192056857
105.469 84.41578651470843
108.398 84.41394618978019
112.793 84.37063451188354
117.188 84.27225181219009
120.117 84.31854805331855
124.512 84.44451277792113
128.906 84.39346930332512
133.301 84.32809992460024
139.16 84.19840198980015
143.555 84.10239720375722
147.949 84.09408791265678
153.809 84.11439429998215
159.668 83.92020394928117
165.527 83.65496307109284
171.387 83.478780069931
177.246 83.6280484366197
183.105 83.50249032568355
188.965 83.53201644521869
196.289 83.39072297138178
203.613 83.23646801400035
210.938 83.16020228032394
218.262 83.23954039524537
225.586 83.11171705225739
232.91 82.79797534760299
241.699 82.8466342436409
250.488 82.40337108987706
259.277 83.02250572008428
268.066 83.09287139114171
276.855 82.67449902140208
287.109 82.57873284783417
297.363 82.75248288781967
307.617 82.7349213778627
319.336 82.16638464944049
329.59 81.88073076259417
341.309 82.03340957037118
353.027 81.71361983132762
366.211 82.40111730681804
379.395 82.4269740095993
392.578 82.60359142494843
405.762 82.61386953171169
420.41 82.3683278833376
435.059 82.40235262355753
451.172 82.12758670894023
465.82 82.24021242613965
483.398 82.03011959143286
499.512 82.241834166706
517.09 81.84656059518056
536.133 81.65022400233316
555.176 81.61521710610111
574.219 81.38867022087533
594.727 81.7803284983687
615.234 81.8125666540705
637.207 82.55610846792469
659.18 82.34820459973331
682.617 82.69469084035785
707.52 82.72206642070657
732.422 82.35437346647718
757.324 82.00812176338995
785.156 82.13371404456065
811.523 81.54088310307371
840.82 81.76247357716498
870.117 81.50552787965027
900.879 81.88113183377305
933.105 82.95637596193217
965.332 82.85796006278382
1000.49 82.485234335962
1035.64 82.40062642996051
1072.27 82.68465302595727
1108.89 82.97916119731713
1148.44 83.30319873863901
1189.45 83.33700161913251
1230.47 83.12491778834645
1274.41 83.03725607711682
1319.82 82.75308039723186
1366.7 82.71622664337968
1413.57 82.77262514613291
1463.38 82.9500012539492
1516.11 82.53567196212039
1568.85 82.04957096943595
1624.51 81.82899686781401
1681.64 81.61308932909776
1741.7 81.31057572417845
1803.22 80.79869246355459
1866.21 80.75080956659995
1932.13 80.93161837485617
1999.51 80.70911425534085
2069.82 80.61020780636045
2143.07 81.42007630511385
2219.24 81.36361028587135
2296.88 80.89438254952941
2378.91 81.63171087653498
2462.4 81.9828575326881
2548.83 81.33048914768561
2639.65 81.17863110801949
2731.93 81.0657380686203
2828.61 80.9365022839235
2928.22 80.78251069785027
3030.76 80.98426435589836
3137.7 81.09486552946885
3249.02 81.14700344490467
3363.28 80.9523893527177
3481.93 80.89368868785589
3604.98 80.80251980009183
3732.42 80.80211064533064
3864.26 80.80589332658893
4000.49 80.69327404924113
4141.11 80.65230472907233
4287.6 80.32530044600372
4438.48 80.22236206593887
4595.21 79.69351549372641
4756.35 79.88791444970208
4924.8 80.03143105056942
5097.66 80.19173970282016
5277.83 80.20744671914689
5463.87 80.2484231109443
5657.23 80.11812758274462
5856.45 80.3575776534068
6062.99 80.38293473037521
6276.86 80.36522423205763
6498.05 80.59510547208184
6726.56 80.51995183540107
6963.87 80.09197962985046
7209.96 79.90572783221684
7464.84 80.2125728855164
7727.05 80.7457188123828
7999.51 81.23275245091436
8282.23 81.57424060467565
8573.73 81.73214248148022
8876.95 81.37581980401978
9188.96 80.81687586064639
9514.16 80.9284826113308
9849.61 81.3797541351538
10196.8 81.65632138115942
10555.7 81.64549567209556
10927.7 81.46418848377938
11313.0 81.33305514898596
11712.9 81.2474148362877
12126.0 81.279332515479
12553.7 81.1255894604839
12996.1 80.97923380678883
13454.6 80.92009599227755
13929.2 80.88249008643743
14419.9 81.05691676121248
14928.2 81.15328979676165
15455.6 80.8351265033921
16000.5 80.23338488493721
16564.5 79.83415853561031
17148.9 79.573656092111
17752.4 79.18901235744353
18379.4 78.55540256189711
19026.9 78.0196678649177
19697.8 77.90688308512462
19999.5 77.9079678634083
