Freq "Sound Power DI"
20.5078 29.512622403140398
21.9727 28.576542674824083
23.4375 29.529594055335167
24.9023 29.573654455900765
26.3672 29.877110686082176
27.832 29.68838022158579
29.2969 29.76511959654931
30.7617 29.033712874899578
32.2266 29.116068500663573
33.6914 27.871237872384995
35.1562 27.923702049018743
36.6211 28.948939137818883
38.0859 29.401790026200075
39.5508 29.689973509724666
41.0156 29.731479570913933
42.4805 29.794289458385407
43.9453 29.7668008724865
45.4102 29.795098073954037
46.875 29.829039399815628
48.3398 29.82467346321495
51.2695 29.772734124326632
52.7344 29.7913498250726
54.1992 29.78706026850294
55.6641 29.780336779969815
58.5938 29.778065240069196
60.0586 29.778120665883336
62.9883 29.778916322403447
64.4531 29.781473800621626
67.3828 29.78588477434289
68.8477 29.78474761916594
71.7773 29.779822092374204
74.707 29.77773330389293
77.6367 29.775355157145114
79.1016 29.77464117859418
82.0312 29.774131618662807
84.9609 29.77154701936641
87.8906 29.761289207128144
90.8203 29.75039542943452
95.2148 29.7639718665137
98.1445 29.765502783889687
101.074 29.765814117680947
105.469 29.77428297996667
108.398 29.764795434909033
112.793 29.747231808860207
117.188 29.75471930957488
120.117 29.75692418143909
124.512 29.74275351538857
128.906 29.74628284738951
133.301 29.75614652365762
139.16 29.748520739227473
143.555 29.737183551537356
147.949 29.73739255630852
153.809 29.746578089394745
159.668 29.74075743005932
165.527 29.736125933062482
171.387 29.71736355251423
177.246 29.70809022301222
183.105 29.718848388567352
188.965 29.713718390221544
196.289 29.73502346849351
203.613 29.721043847949318
210.938 29.7113461820924
218.262 29.713444440785267
225.586 29.70202866241084
232.91 29.711528472682133
241.699 29.692565407829818
250.488 29.678447282090005
259.277 29.68808857521755
268.066 29.65662145199508
276.855 29.651337140684717
287.109 29.68408972937725
297.363 29.678088257795594
307.617 29.602255644118273
319.336 29.62355531170435
329.59 29.637552379496825
341.309 29.58529591513569
353.027 29.609128740419152
366.211 29.543949174116307
379.395 29.53538810349565
392.578 29.570002009972413
405.762 29.529357996737318
420.41 29.563509682642675
435.059 29.465009984113706
451.172 29.530994754058995
465.82 29.39394107704075
483.398 29.492421392912036
499.512 29.358166933633797
517.09 29.427013455052602
536.133 29.448507542124958
555.176 29.37670250237278
574.219 29.35824527264333
594.727 29.21561967311105
615.234 29.382613111089
637.207 29.30759552049733
659.18 28.948418484057754
682.617 28.651871943551043
707.52 28.605331660364072
732.422 28.64036993685039
757.324 28.678151874513276
785.156 28.7895066665846
811.523 28.797111690519827
840.82 28.877351577840045
870.117 28.523123966171013
900.879 28.321697597783526
933.105 28.21799173575056
965.332 27.6154251457872
1000.49 27.042997185788366
1035.64 26.965829563602526
1072.27 26.87088141504219
1108.89 26.377863956325882
1148.44 27.350570727016603
1189.45 28.158793445499555
1230.47 28.560068200928185
1274.41 28.122373781758455
1319.82 28.286825952275905
1366.7 27.441603895961606
1413.57 29.537958293964863
1463.38 29.017196484541827
1516.11 26.34549943429417
1568.85 27.586829606322794
1624.51 28.461990083508226
1681.64 27.120381559702977
1741.7 28.26820121723712
1803.22 28.693019559302996
1866.21 26.969057818145572
1932.13 28.304951293192232
1999.51 27.007690729613472
2069.82 27.512254752580958
2143.07 27.18681376890737
2219.24 26.579985241977212
2296.88 24.905897621501254
2378.91 26.066099419741903
2462.4 26.6114983685501
2548.83 26.877158010678954
2639.65 25.34373796596266
2731.93 27.297248729844455
2828.61 27.328699108854295
2928.22 27.83875761931614
3030.76 27.69267688140461
3137.7 28.134027862620457
3249.02 28.591329221457045
3363.28 29.00459872824341
3481.93 29.7030321927555
3604.98 29.433629537216433
3732.42 27.98727835866117
3864.26 28.103721591864172
4000.49 27.730418680295557
4141.11 26.76276121064687
4287.6 26.696393238897016
4438.48 26.830344868552444
4595.21 27.643701011906003
4756.35 27.86534151953711
4924.8 28.49517161779059
5097.66 29.610840831022458
5277.83 29.242920479236872
5463.87 29.66391625342351
5657.23 29.164767278750674
5856.45 28.713251600833857
6062.99 28.04209441536591
6276.86 27.528989366236928
6498.05 29.03097428793174
6726.56 29.771118447921836
6963.87 28.72485474332842
7209.96 29.567735103060144
7464.84 29.997430260639163
7727.05 30.296229297903608
7999.51 29.597759789220987
8282.23 28.565173116981796
8573.73 27.85870910968984
8876.95 27.07556432903347
9188.96 28.05941754739196
9514.16 29.30326382694065
9849.61 30.910986613407047
10196.8 32.157923280630996
10555.7 32.31032053979689
10927.7 32.35790496767058
11313.0 32.84471388479368
11712.9 32.27579505200062
12126.0 31.400207960448597
12553.7 28.923791095046525
12996.1 29.483485514240655
13454.6 29.02802503124441
13929.2 29.382376399722162
14419.9 33.006946209061624
14928.2 32.873090114627956
15455.6 32.616526554053436
16000.5 32.56031295165249
16564.5 31.943328721933298
17148.9 32.65066108781373
17752.4 35.0714751695225
18379.4 35.794140412823054
19026.9 35.32287882615637
19697.8 35.63487984617463
19999.5 35.72443044451326
