Freq "Early Reflections DI"
20.5078 39.82640301764957
21.2402 38.665974694835626
21.9727 38.684978118009326
22.7051 38.14525761217243
23.4375 38.327206607812286
24.1699 38.33098744188675
25.6348 38.168220941690606
26.3672 38.41343479724321
27.0996 38.79293170282183
27.832 38.839781837891394
29.2969 38.89551842864182
30.0293 38.95583442042546
31.4941 39.19407829065618
32.2266 39.2599688866387
33.6914 39.356098444995524
34.4238 39.413239678773024
35.8887 39.48285023959292
37.3535 39.54093805581563
38.8184 39.583917143728186
39.5508 39.60921788482324
41.0156 39.66356995254189
42.4805 39.68935162949414
43.9453 39.71312388055814
45.4102 39.75405281258368
47.6074 39.80020708360486
49.0723 39.80995665746292
50.5371 39.84467508465062
52.7344 39.88058844931487
54.1992 39.88711989571284
56.3965 39.92900419089399
58.5938 39.94846336027358
60.0586 39.93195488215375
62.2559 39.954702068198316
64.4531 39.988894358249155
66.6504 40.01442211779343
69.5801 40.050844055369964
71.7773 40.05203366332432
73.9746 40.067733010543805
76.9043 40.11025745486266
79.834 40.11940154044116
82.7637 40.08092433853686
85.6934 40.03514201852974
88.623 40.194088874303205
91.5527 40.190868096277086
94.4824 40.22097639376675
98.1445 40.235898623509584
101.807 40.28088335839357
105.469 40.09925887474944
109.131 40.203715669912555
112.793 40.32052309938153
116.455 40.33540799297897
120.85 40.35131085747079
125.244 40.3526422752128
129.639 40.32524085160942
134.033 40.327565960177324
138.428 40.34782297655252
143.555 40.436745921237886
148.682 40.50364928022853
153.809 40.48393584490496
159.668 40.50021116704687
164.795 40.66197865510506
170.654 40.6366748902072
176.514 40.71760635141068
183.105 40.70351703608196
189.697 40.665776436736124
196.289 40.74393063884328
202.881 40.830761525570836
210.205 40.777675605177066
217.529 40.98189492268288
225.586 40.901711681334035
232.91 40.93628119701508
241.699 40.82569473229849
249.756 41.129894181801546
258.545 41.1433749881797
268.066 41.038055576126055
277.588 41.018639189725235
287.109 40.85865118956217
297.363 41.07792873144504
307.617 41.21145612636877
318.604 41.108979280236824
329.59 41.10855159034939
341.309 40.87207162742902
353.76 41.26088040087406
366.211 41.416149498862225
378.662 41.19373232618568
392.578 41.259667969609
405.762 41.52091062633258
420.41 41.5496070152807
435.059 41.425668199907776
450.439 41.53707660695622
466.553 41.36116942409464
482.666 41.33880799400103
500.244 41.235132202365975
517.822 41.60799835762046
536.133 41.90775024317644
554.443 41.41500097375683
574.219 41.99517748866478
594.727 41.90149511257859
615.234 42.01095621567168
637.207 42.12079492605807
659.912 42.50857610240891
683.35 42.6726541637545
706.787 42.526966033050414
731.689 42.65259367912793
758.057 42.34733744288934
784.424 42.64121848644882
812.256 42.72746559002182
840.82 42.89977305345039
870.85 43.190565198356936
901.611 43.53548476176641
933.105 43.110521832948635
966.064 43.40165798965798
999.756 43.52154350703776
1034.91 43.44588605889554
1071.53 43.862199214782066
1109.62 43.89048311931242
1148.44 43.87526963944144
1189.45 44.25788107443363
1231.2 44.26368201968742
1274.41 44.32812486863604
1319.82 44.31118604295587
1365.97 43.94256064840981
1414.31 44.48118063102238
1464.11 44.17784928068548
1515.38 44.29167940444631
1568.85 44.02590717725299
1624.51 44.00703737320538
1681.64 43.84972985683788
1740.97 44.00167711482074
1802.49 44.11282841513025
1866.21 44.022779541977656
1932.13 43.62804184763145
2000.24 43.52803594780974
2070.56 43.72270499092771
2143.8 43.59874018026564
2219.24 43.25217030211478
2297.61 43.68712014187908
2378.17 43.5782229241471
2462.4 43.389192663542545
2548.83 43.650356948772185
2638.92 43.82737186404698
2731.93 43.67204057505589
2828.61 43.52788447426251
2928.22 43.686507718880435
3031.49 43.88129215569478
3138.43 43.937570084708085
3249.02 43.83249033444105
3363.28 43.84299580968015
3481.93 43.96829416884525
3604.98 44.04013119871166
3732.42 43.8466827509296
3863.53 43.99631263732546
3999.76 44.09970624866226
4141.11 43.91527771649787
4286.87 43.948334812399864
4438.48 44.02504972148874
4594.48 44.03241445991925
4757.08 43.87804768941176
4924.8 44.16761936947984
5098.39 43.74823697452037
5277.83 43.85538070027171
5463.87 44.03033580576529
5656.49 43.98849622340788
5856.45 43.827235625755776
6062.99 43.91970584667543
6276.86 43.753013420008315
6498.05 43.66532625361769
6727.29 43.64480990655963
6964.6 43.719024956061546
7209.96 43.53165776457814
7464.11 43.78148395731044
7727.78 43.71427882926547
8000.24 43.76259431012946
8282.23 43.765235738185126
8574.46 43.73604225164841
8876.22 43.75076197114781
9189.7 43.78992636510641
9513.43 43.86748062759881
9848.88 43.89965110671308
10196.8 43.92964246262514
10556.4 43.82417876111661
10928.5 43.78874182444373
11313.7 43.844501182910335
11712.9 43.77110249978895
12126.0 43.666693099165585
12553.7 43.60126631877637
12996.1 43.65575048645128
13454.6 43.76262197585399
13928.5 43.753064833827224
14419.9 43.815967118294836
14928.2 44.13190933059819
15454.8 44.386274804655145
15999.8 44.379096762067036
16564.5 44.445697870846715
17148.2 44.494167198291166
17753.2 44.467410351262686
18379.4 44.44141581644895
19027.6 44.22420330687612
19698.5 43.769966700198424
19999.5 43.53996899002128
