Freq "Listening Window"
20.5078 50.97779670465742
21.9727 36.3844918576729
23.4375 40.414337804465575
24.9023 46.5210603584995
26.3672 43.4582351827904
27.832 44.419273456346204
29.2969 38.072804410667416
30.7617 46.450845069084906
32.2266 49.66401341976193
33.6914 52.95757158377624
35.1562 54.365329850033035
36.6211 55.91079351224947
38.0859 58.627603348462415
39.5508 61.052864136570165
41.0156 62.960953386365404
42.4805 65.43832538596824
43.9453 67.45854390505289
45.4102 69.58329524451615
46.875 71.41728106843499
48.3398 73.22243681972388
51.2695 76.4680020689944
52.7344 77.89553017358296
54.1992 79.13654007789464
55.6641 80.08275266535016
58.5938 81.81832141575775
60.0586 82.59389861835105
62.9883 83.83702023337665
64.4531 84.25460115705322
67.3828 85.11652858197469
68.8477 85.50080045520457
71.7773 86.19438268581452
74.707 86.82808915936975
77.6367 87.43383516711266
79.1016 87.75034786011646
82.0312 88.35865636154548
84.9609 88.99159699434885
87.8906 89.60790926713351
90.8203 90.23538766028108
95.2148 91.07962889169083
98.1445 91.61778882370609
101.074 92.00755486658373
105.469 92.33401392198084
108.398 92.41742547728957
112.793 92.34812744192621
117.188 92.0275745602189
120.117 91.7346059777326
124.512 91.20639001517372
128.906 90.64746652292511
133.301 90.10522846182583
139.16 89.38213019996996
143.555 88.84316277471585
147.949 88.53001538318686
153.809 88.13324840683988
159.668 87.59373935967189
165.527 87.05037663795497
171.387 86.83721657593598
177.246 86.54471944950319
183.105 86.20134685815825
188.965 85.90821523956376
196.289 85.52164937211582
203.613 85.21365336027077
210.938 85.03126831915374
218.262 84.85375517456704
225.586 84.37751641136545
232.91 83.79006989350516
241.699 83.6758492330298
250.488 83.93925974720192
259.277 83.92788007841129
268.066 83.59640470625722
276.855 83.27380013504067
287.109 83.22480023662817
297.363 83.4077206180481
307.617 83.41210074859505
319.336 83.47637592220396
329.59 83.55884040274204
341.309 83.23463591490696
353.027 83.10245796490304
366.211 83.00884538675209
379.395 82.7276504888729
392.578 82.57934061325996
405.762 81.23445326587967
420.41 81.89099306861145
435.059 83.46564522685549
451.172 83.40911049299258
465.82 83.95810248779942
483.398 84.54868724430195
499.512 84.86931788896865
517.09 84.98077927495639
536.133 83.93455630139098
555.176 81.9010533486488
574.219 81.26897199417323
594.727 81.66210452654707
615.234 82.48467757191675
637.207 82.66452650986209
659.18 83.19112680066577
682.617 83.48896633943163
707.52 82.86902589399266
732.422 83.97968449278376
757.324 84.40680936454224
785.156 84.41714374067496
811.523 85.78956649689316
840.82 86.94315288539511
870.117 86.73405207924846
900.879 87.49192839283653
933.105 87.6268595585407
965.332 87.42619299139419
1000.49 87.07529944502329
1035.64 86.46777418066289
1072.27 86.5810450100346
1108.89 86.93817175746658
1148.44 85.71995433335887
1189.45 85.20956823029162
1230.47 86.68007207613374
1274.41 87.50069322580067
1319.82 87.94678502403877
1366.7 88.67367177508082
1413.57 88.80188130657353
1463.38 90.11940255739403
1516.11 92.6650750481377
1568.85 94.52843107649389
1624.51 94.95223617666805
1681.64 94.67006925913408
1741.7 93.7771285179884
1803.22 92.48015922886137
1866.21 93.63754326690295
1932.13 93.4833118081587
1999.51 93.36605560364781
2069.82 92.99229841429856
2143.07 91.2066905718448
2219.24 90.38517831891902
2296.88 90.74171134685007
2378.91 90.30785784442708
2462.4 89.90062700214638
2548.83 91.15983950195302
2639.65 91.66190488462532
2731.93 91.37813646125014
2828.61 91.77781131177689
2928.22 91.88972195252121
3030.76 91.80481660542344
3137.7 91.64017694759444
3249.02 92.00076698740521
3363.28 92.09571636274309
3481.93 92.26762161303544
3604.98 92.09606335453334
3732.42 92.37935746549392
3864.26 91.68169672920133
4000.49 91.874041409574
4141.11 91.88708319927504
4287.6 91.70145481423984
4438.48 91.5985400232901
4595.21 91.39816931435044
4756.35 91.10619616888094
4924.8 91.12599510212318
5097.66 91.39016039044475
5277.83 91.43594390167893
5463.87 91.61294951561239
5657.23 92.04860316900296
5856.45 92.3265082086332
6062.99 92.49953934549153
6276.86 92.98661766579006
6498.05 92.66421844801674
6726.56 91.21117772015066
6963.87 91.00066884052406
7209.96 91.44618968539594
7464.84 92.05416909269191
7727.05 91.8926574420614
7999.51 92.35127233655292
8282.23 93.05631537422614
8573.73 93.7362381947738
8876.95 93.33165221614802
9188.96 92.39055439986312
9514.16 91.793911264284
9849.61 91.50109511009758
10196.8 91.57877798138986
10555.7 91.6687872078304
10927.7 91.52758928447201
11313.0 91.45547153446029
11712.9 91.32951649641089
12126.0 91.19203725014816
12553.7 90.76319266603743
12996.1 90.56162236524617
13454.6 90.3080078039864
13929.2 89.91155092931245
14419.9 89.15046607569111
14928.2 88.57522727590988
15455.6 88.24163591471526
16000.5 88.55234242435706
16564.5 89.25999031475666
17148.9 90.40582886582956
17752.4 91.58468954845937
18379.4 91.57999212797576
19026.9 90.86339083028186
19697.8 89.81059164085801
19999.5 89.17947645684707
