Freq "On Axis"
22.4 71.79999999999998
23.0 72.5
23.6 73.29999999999998
24.0 74.79999999999998
25.0 77.20000000000002
25.8 79.6
26.5 81.1
27.2 81.9
28.0 82.4
29.0 82.9
30.0 83.7
30.7 84.69999999999999
31.5 85.79999999999998
32.5 87.4
33.5 89.8
34.5 92.0
35.5 93.20000000000002
36.5 94.30000000000001
37.5 96.0
38.7 98.1
40.0 99.9
41.2 101.2
42.5 102.0
43.7 102.5
45.0 103.20000000000002
46.2 104.4
47.5 105.70000000000002
48.7 106.7
50.0 107.4
51.5 107.7
53.0 107.8
54.5 107.7
56.0 107.6
58.0 107.4
60.0 107.8
61.5 109.1
63.0 110.4
65.0 111.4
67.0 112.19999999999999
69.0 112.7
71.0 112.9
73.0 113.0
75.0 113.0
77.5 113.29999999999998
80.0 113.4
82.5 113.4
85.0 113.29999999999998
87.5 112.9
90.0 112.3
92.5 111.6
95.0 110.6
97.5 109.9
100.0 109.9
103.0 110.1
106.0 110.0
109.0 109.5
112.0 109.4
115.0 109.69999999999999
118.0 110.0
122.0 110.3
125.0 110.3
128.0 110.2
132.0 110.0
136.0 109.6
140.0 108.6
145.0 107.9
150.0 107.9
155.0 108.0
160.0 107.8
165.0 107.1
170.0 105.9
175.0 104.8
180.0 103.9
185.0 103.8
190.0 102.8
195.0 103.1
200.0 103.1
206.0 103.1
212.0 103.0
218.0 102.8
224.0 102.8
230.0 103.0
236.0 103.4
240.0 103.29999999999998
250.0 103.0
258.0 103.1
265.0 103.1
272.0 103.0
280.0 103.20000000000002
290.0 103.20000000000002
300.0 103.1
307.0 103.20000000000002
315.0 103.29999999999998
325.0 103.29999999999998
335.0 103.20000000000002
345.0 103.29999999999998
355.0 103.4
365.0 103.20000000000002
375.0 103.0
387.0 102.8
400.0 102.7
412.0 102.8
425.0 102.9
437.0 102.8
450.0 102.8
462.0 102.8
475.0 102.7
487.0 102.5
500.0 102.4
515.0 102.5
530.0 102.7
545.0 102.7
560.0 102.5
580.0 102.4
600.0 102.3
615.0 102.4
630.0 102.4
650.0 102.19999999999999
670.0 102.1
690.0 102.1
710.0 102.0
730.0 101.80000000000001
750.0 101.7
775.0 101.5
800.0 101.5
825.0 101.6
850.0 101.5
875.0 101.3
900.0 101.3
925.0 101.3
950.0 101.3
975.0 101.2
1000.0 101.3
1030.0 101.4
1060.0 101.5
1090.0 101.6
1120.0 101.7
1150.0 101.6
1180.0 101.3
1220.0 101.0
1250.0 100.6
1280.0 100.4
1320.0 100.2
1360.0 100.0
1400.0 99.8
1450.0 99.4
1500.0 98.7
1550.0 98.0
1600.0 97.19999999999999
1650.0 96.2
1700.0 95.0
1750.0 94.0
1800.0 93.5
1850.0 93.0
1900.0 92.4
1950.0 91.7
2000.0 91.4
2060.0 91.4
2120.0 90.9
2180.0 90.2
2240.0 90.3
2300.0 90.70000000000002
2360.0 90.2
2400.0 89.0
2500.0 88.6
2580.0 90.0
2650.0 92.0
2720.0 93.5
2800.0 94.4
2900.0 94.4
3000.0 94.1
3070.0 94.8
3150.0 95.6
3250.0 95.70000000000002
3350.0 95.5
3450.0 95.3
3550.0 95.4
3650.0 95.79999999999998
3750.0 96.1
3870.0 96.1
4000.0 95.70000000000002
4120.0 94.8
4250.0 93.29999999999998
4370.0 91.6
4500.0 89.9
4620.0 88.8
4750.0 88.7
4870.0 89.6
5000.0 90.2
5150.0 89.69999999999999
5300.0 88.9
5450.0 89.6
5600.0 91.2
5800.0 93.0
6000.0 94.2
6150.0 94.4
6300.0 94.4
6500.0 94.2
6700.0 93.1
6900.0 91.3
7100.0 89.30000000000001
7300.0 88.29999999999998
7500.0 87.6
7750.0 84.9
8000.0 86.4
8250.0 92.8
8500.0 95.70000000000002
8750.0 95.9
9000.0 95.4
9250.0 94.2
9500.0 92.3
9750.0 91.1
10000.0 88.6
10300.0 87.5
10600.0 93.4
10900.0 96.6
11200.0 97.19999999999999
11500.0 96.0
11800.0 92.6
12200.0 90.1
12500.0 90.2
12800.0 96.6
13200.0 102.5
13600.0 104.0
14000.0 103.20000000000002
14500.0 102.4
15000.0 100.1
15500.0 100.70000000000002
16000.0 103.8
16500.0 106.1
17000.0 106.9
17500.0 108.4
18000.0 109.4
18500.0 108.29999999999998
19000.0 101.3
19500.0 89.5
