Freq "Side Wall Bounce"
22.4 3.210098829135447
23.0 6.619709650974059
23.6 8.89757394876274
24.0 10.163269544913092
25.0 9.764380353910823
25.8 9.299112630301934
26.5 8.63268168739451
27.2 8.40221926765453
28.0 10.774215459033329
29.0 11.228380457463615
30.0 13.963676379999967
30.7 15.818780729065978
31.5 16.137540312913202
32.5 16.776124884174052
33.5 18.612713463293446
34.5 22.169339951548082
35.5 27.389206019312397
36.5 30.99011878101338
37.5 34.96451481269817
38.7 37.620157459979524
40.0 39.91521207177003
41.2 41.933143772784106
42.5 44.26743256620118
43.7 46.04765792722442
45.0 47.00250618183553
46.2 47.663319981415626
47.5 47.958716223964714
48.7 47.39671390110094
50.0 48.25679005914323
51.5 53.356790059143194
53.0 58.07496410270734
54.5 61.795265583193626
56.0 65.39526558319362
58.0 68.5136983727963
60.0 71.25574304178966
61.5 73.71691419988558
63.0 75.81998306962828
65.0 77.66024513867575
67.0 79.24200926603451
69.0 80.58257561944471
71.0 81.8825756194447
73.0 83.10530799974698
75.0 84.20530799974698
77.5 85.16813431484036
80.0 85.92369830550885
82.5 86.44520600354646
85.0 86.64520600354646
87.5 86.44520600354646
90.0 86.02513717399447
92.5 85.46813431484036
95.0 84.76813431484034
97.5 84.16813431484034
100.0 83.66813431484034
103.0 83.4067529730592
106.0 83.34817140149626
109.0 83.34817140149626
112.0 83.34817140149626
115.0 83.34817140149626
118.0 83.41313953999232
122.0 83.39671297694123
125.0 83.29671297694124
128.0 83.19671297694124
132.0 83.09671297694123
136.0 82.99671297694124
140.0 82.836773874776
145.0 82.72043663028579
150.0 82.64246053230242
155.0 82.66648157916894
160.0 82.7486872818452
165.0 82.86648157916896
170.0 82.96648157916896
175.0 83.02669501426712
180.0 82.88636069648989
185.0 82.51715136362975
190.0 81.96429849938318
195.0 81.509097646702
200.0 81.25690409354567
206.0 80.9825528380831
212.0 80.69062162149929
218.0 80.38552008031016
224.0 80.24102466843934
230.0 80.3679765340633
236.0 80.8779004889834
240.0 81.52494858827161
250.0 82.06319403481639
258.0 81.94732635865567
265.0 81.33468076914872
272.0 81.10257237791913
280.0 81.22228735290044
290.0 81.2746029580601
300.0 81.4101417803786
307.0 81.74641992803147
315.0 82.08218917506925
325.0 81.99441306229308
335.0 81.73061143097006
345.0 81.43061143097006
355.0 81.13061143097006
365.0 80.85923396397409
375.0 81.11587323124688
387.0 81.58832921773222
400.0 81.70111029491154
412.0 81.24414367440863
425.0 80.45766281516858
437.0 79.89821769546394
450.0 79.92543569544453
462.0 80.2759989326179
475.0 80.5554456671625
487.0 80.41064494381516
500.0 79.73341162565731
515.0 79.03653560461166
530.0 78.76501281589172
545.0 79.06501281589173
560.0 79.18357418082087
580.0 79.04094070037748
600.0 78.43046164852119
615.0 77.68076040218939
630.0 77.21284954414612
650.0 76.98430671947422
670.0 77.075927443164
690.0 77.63453950874772
710.0 78.31982627950558
730.0 78.50978963047227
750.0 77.80177877182345
775.0 76.6069576834234
800.0 76.22501692668916
825.0 76.70502311456015
850.0 77.54223567421482
875.0 77.92302149409906
900.0 77.73116731185237
925.0 76.93973627183358
950.0 75.87853898569368
975.0 74.79869179072143
1000.0 74.14648772961499
1030.0 73.71281581075206
1060.0 73.35270348275839
1090.0 73.4736547971068
1120.0 74.2201107964834
1150.0 75.22684023943073
1180.0 75.93985264975127
1220.0 75.98411246208192
1250.0 75.69296740001415
1280.0 75.41978337101054
1320.0 75.53743544769135
1360.0 75.17353233863959
1400.0 74.16229083873458
1450.0 74.14744499500965
1500.0 74.73300832467669
1550.0 74.34166957159293
1600.0 72.79290959441359
1650.0 71.70371068516208
1700.0 71.11089619457202
1750.0 71.768019594015
1800.0 71.36438232744749
1850.0 70.8399331491614
1900.0 72.9110177534406
1950.0 73.83053836478464
2000.0 72.41267496622363
2060.0 73.08804443344556
2120.0 75.53013451691096
2180.0 74.84857342905771
2240.0 72.34970334412812
2300.0 73.71865065304316
2360.0 75.77027391691787
2400.0 74.74677147993248
2500.0 72.98826631111088
2580.0 74.95233661444816
2650.0 74.11002354668133
2720.0 73.68883457342838
2800.0 75.41249069179386
2900.0 77.42347254427726
3000.0 76.56822152947456
3070.0 77.30786667069884
3150.0 77.63175690353975
3250.0 75.05075960302321
3350.0 76.65813454952648
3450.0 77.25308643405711
3550.0 76.76158452291635
3650.0 75.62107208393594
3750.0 76.27344777248638
3870.0 76.54959490652054
4000.0 76.57573696877739
4120.0 76.53268062878077
4250.0 75.87119534481906
4370.0 74.15187136873318
4500.0 73.99908360341307
4620.0 75.73575686777689
4750.0 76.58013698366652
4870.0 76.62454863209453
5000.0 77.23164151008363
5150.0 77.62937420318
5300.0 78.92511332526986
5450.0 80.34143172066797
5600.0 79.74669033770424
5800.0 78.09764819113583
6000.0 76.45665424422133
6150.0 76.86133743096785
6300.0 76.61933228466437
6500.0 76.0420643449913
6700.0 76.72657998338832
6900.0 78.97600597411194
7100.0 79.85948237832423
7300.0 77.36086268041703
7500.0 75.09625582112619
7750.0 74.9991680419303
8000.0 76.9739657225228
8250.0 81.00156278026456
8500.0 82.83210124915958
8750.0 79.14818390634916
9000.0 75.73621356233139
9250.0 75.59850296057617
9500.0 77.61174964607882
9750.0 79.23231767692143
10000.0 80.02991886748387
10300.0 79.71293840976158
10600.0 79.81068489166219
10900.0 81.2907993460827
11200.0 80.21014785874932
11500.0 79.13168904412298
11800.0 78.67901204605025
12200.0 79.37848262968416
12500.0 78.32833847872597
12800.0 76.49206472476446
13200.0 77.41987919974677
13600.0 79.886712113075
14000.0 78.51647981588569
14500.0 78.71298929515817
15000.0 76.7885009991224
15500.0 73.95996651817235
16000.0 75.44609346974427
16500.0 72.52749435223333
17000.0 68.82946084431264
17500.0 71.50136947965407
18000.0 69.95805416120184
18500.0 61.262771479415576
19000.0 59.30157535529246
19500.0 59.80039352156878
