Freq "Sound Power"
22.4 43.550918058530755
23.0 44.74436180134177
23.6 45.93413510193503
24.0 47.09363624523942
25.0 48.25206758307917
25.8 49.39331445815495
26.5 50.524118058177805
27.2 51.641680947904746
28.0 52.75091805853077
29.0 53.85870382680153
30.0 54.95091805853076
30.7 56.032018624976246
31.5 57.10992757582059
32.5 58.19882849279733
33.5 59.28887250084799
34.5 60.39882849279732
35.5 61.52320581349636
36.5 62.65870382680151
37.5 63.79232069066035
38.7 64.93075553910978
40.0 66.06116963210854
41.2 67.19513255185953
42.5 68.32972386489915
43.7 69.4508926763366
45.0 70.54650362271887
46.2 71.64758588078033
47.5 72.7146911116052
48.7 73.76036197369773
50.0 74.7958099369016
51.5 75.78012566380261
53.0 76.75439105457714
54.5 77.68331149608196
56.0 78.58412800084321
58.0 79.44082452899426
60.0 80.24869257237079
61.5 81.02124073559195
63.0 81.72604589753632
65.0 82.39569741373315
67.0 83.00922102401674
69.0 83.56565316511991
71.0 84.08237197654807
73.0 84.55810497732465
75.0 84.99377035738976
77.5 85.38382487232548
80.0 85.72544617704382
82.5 86.03345502113041
85.0 86.32343780034624
87.5 86.57546333944225
90.0 86.78373727169702
92.5 86.97862930754638
95.0 87.13446157104096
97.5 87.27960946805668
100.0 87.38565167887276
103.0 87.48777939248767
106.0 87.56807303384346
109.0 87.61631332868302
112.0 87.6794052329748
115.0 87.71577524309129
118.0 87.74739127985956
122.0 87.75819309650024
125.0 87.76740398503446
128.0 87.78012566380262
132.0 87.78179284566704
136.0 87.77456753662966
140.0 87.76603842198541
145.0 87.76203832427285
150.0 87.75189832892337
155.0 87.74056137611106
160.0 87.72395964634728
165.0 87.68732453027258
170.0 87.6649823018977
175.0 87.63949440969807
180.0 87.6012771628065
185.0 87.55403554978798
190.0 87.51660969008188
195.0 87.46887179754573
200.0 87.42435486668471
206.0 87.36827264321519
212.0 87.31459855431615
218.0 87.24731949528417
224.0 87.18669409298062
230.0 87.12154941574221
236.0 87.0524137509137
240.0 86.9810934306567
250.0 86.8933712412917
258.0 86.82232643520837
265.0 86.73627058900334
272.0 86.65251440077098
280.0 86.56444198192412
290.0 86.47934812954779
300.0 86.39269005847653
307.0 86.29381647275699
315.0 86.21192907890872
325.0 86.11459487847821
335.0 86.03454615497753
345.0 85.94219660680423
355.0 85.84690845276937
365.0 85.76499110612434
375.0 85.68329933735163
387.0 85.60544674548512
400.0 85.52681412961034
412.0 85.44892830605114
425.0 85.36881417443162
437.0 85.27779628047932
450.0 85.20348699477819
462.0 85.14464809607288
475.0 85.07043439166068
487.0 85.00634205708795
500.0 84.93638567838617
515.0 84.87787988537673
530.0 84.81806227981701
545.0 84.75806193625104
560.0 84.69894995502271
580.0 84.64644102198437
600.0 84.60168109541199
615.0 84.56533832855547
630.0 84.51716570756435
650.0 84.46851696608648
670.0 84.41229961779045
690.0 84.36960024891674
710.0 84.30476424356405
730.0 84.24798241306256
750.0 84.1923524829993
775.0 84.14035483081186
800.0 84.07398602486813
825.0 83.99874601603776
850.0 83.94310587034495
875.0 83.86039967431643
900.0 83.78439168666733
925.0 83.69676127161391
950.0 83.59234982865803
975.0 83.50515233134772
1000.0 83.38868739301705
1030.0 83.2893306593146
1060.0 83.16200450959752
1090.0 83.0407391618435
1120.0 82.91825847128747
1150.0 82.75887000524797
1180.0 82.6243076234606
1220.0 82.4895418281617
1250.0 82.3283420882656
1280.0 82.18972165066032
1320.0 82.06029974695406
1360.0 81.92207173324668
1400.0 81.772824899139
1450.0 81.63625787537414
1500.0 81.50903770806045
1550.0 81.3773016193101
1600.0 81.25405417223241
1650.0 81.13523180984954
1700.0 81.00834523704259
1750.0 80.91184120989234
1800.0 80.81609608628689
1850.0 80.70833411213748
1900.0 80.62560065995586
1950.0 80.55183277896339
2000.0 80.4713820066394
2060.0 80.43186103412833
2120.0 80.38928404678181
2180.0 80.32538607311507
2240.0 80.30016973156471
2300.0 80.26794519342653
2360.0 80.24253450886681
2400.0 80.23739100309407
2500.0 80.21001368713902
2580.0 80.19667538033343
2650.0 80.19186390026107
2720.0 80.18890112526927
2800.0 80.1786641287279
2900.0 80.18899114095463
3000.0 80.19856269011069
3070.0 80.18788115566872
3150.0 80.19169984186104
3250.0 80.19692572735627
3350.0 80.18808497398497
3450.0 80.1926782387309
3550.0 80.18547739900981
3650.0 80.18053729060121
3750.0 80.14685354950755
3870.0 80.13423907175003
4000.0 80.09988933044725
4120.0 80.0680469640541
4250.0 80.01222651693773
4370.0 79.98208953996303
4500.0 79.93771853184725
4620.0 79.8719810287774
4750.0 79.80682935201642
4870.0 79.745397152473
5000.0 79.66996730119844
5150.0 79.5991778765592
5300.0 79.52856246250039
5450.0 79.4746414595466
5600.0 79.3909093260807
5800.0 79.31171906375016
6000.0 79.24680590366779
6150.0 79.17786862702401
6300.0 79.09788761035998
6500.0 79.02724102365696
6700.0 78.96389662589436
6900.0 78.90732137261725
7100.0 78.84097050988593
7300.0 78.79130133860554
7500.0 78.71753620720091
7750.0 78.65830042707529
8000.0 78.60983821929784
8250.0 78.57277710096456
8500.0 78.51691029518092
8750.0 78.480641335202
9000.0 78.44434039141373
9250.0 78.40846654790906
9500.0 78.34082794226804
9750.0 78.30881519323812
10000.0 78.26174511491811
10300.0 78.21929597199605
10600.0 78.16822004485891
10900.0 78.1186328314353
11200.0 78.06242852268417
11500.0 77.98926060152739
11800.0 77.92441313425462
12200.0 77.85639835635757
12500.0 77.79532966727216
12800.0 77.70534114182794
13200.0 77.60060132329275
13600.0 77.48915520199587
14000.0 77.37591532887751
14500.0 77.2484364282446
15000.0 77.10642596225647
15500.0 76.94543902265028
16000.0 76.78047319224632
16500.0 76.59932305077079
17000.0 76.38625524101145
17500.0 76.1901095440247
18000.0 75.94468173183202
18500.0 75.70746292951375
19000.0 75.43755104685641
19500.0 75.17064860348184
20000.0 74.87310396523596
