Freq "Listening Window"
22.4 22.55066140245671
23.0 25.593087101338057
23.6 28.225696249851552
24.0 30.541743877106228
25.0 31.95066140245669
25.8 33.143581030200124
26.5 33.92569624985154
27.2 36.96627990867208
28.0 38.49807960400008
29.0 40.3757920356087
30.0 42.2087865145655
30.7 44.19704522302672
31.5 45.01922426592995
32.5 44.5293540314114
33.5 48.117395717041205
34.5 50.960867770799695
35.5 50.47217497748838
36.5 52.760867770799706
37.5 54.56086777079972
38.7 54.260094408907264
40.0 54.29317255774677
41.2 63.67089526042025
42.5 62.84875566454724
43.7 64.72624876561214
45.0 66.87063812837502
46.2 63.6482446401489
47.5 63.84824464014889
48.7 64.58140698333779
50.0 67.03713401386835
51.5 68.70363056314957
53.0 69.80363056314957
54.5 70.95932691445165
56.0 71.85932691445163
58.0 72.98140698333778
60.0 73.692660909847
61.5 74.98140698333779
63.0 75.61508165159228
65.0 76.07063812837504
67.0 77.25932691445163
69.0 78.00388574927506
71.0 78.73738723900317
73.0 79.49342253651224
75.0 79.93738723900317
77.5 80.57114652471829
80.0 81.12624876561215
82.5 81.71558487209194
85.0 82.18217058600119
87.5 82.50464541014239
90.0 82.64951339968022
92.5 82.72726425356709
95.0 83.17190036359838
97.5 83.3386591739479
100.0 83.5507645470102
103.0 83.72826808351465
106.0 83.86209805454371
109.0 84.00690130572374
112.0 84.22950843360545
115.0 84.45199848960729
118.0 84.74063856067
122.0 85.11860403160907
125.0 85.44063856067001
128.0 85.6956783125994
132.0 85.82976210374441
136.0 86.2297621037444
140.0 86.71910684415681
145.0 86.97592601902181
150.0 87.01910684415681
155.0 87.0646109998657
160.0 87.0079213271529
165.0 86.93078872256909
170.0 86.90966679526862
175.0 87.1653835579641
180.0 87.24390616976243
185.0 87.30168740357576
190.0 87.3134161684573
195.0 87.1354886350593
200.0 86.78018912574875
206.0 86.32434528494673
212.0 86.08018912574875
218.0 86.00243067889485
224.0 86.14863220179605
230.0 86.51415743933062
236.0 86.75873958899979
240.0 87.08239770652318
250.0 87.3051324137801
258.0 87.54930755954831
265.0 87.8833660406192
272.0 88.25010891778643
280.0 88.6083542804482
290.0 88.71809710609216
300.0 88.85115453708926
307.0 88.95010891778644
315.0 89.03925618217838
325.0 88.87381396928461
335.0 88.92060366840047
345.0 89.0439342351196
355.0 89.12459308212232
365.0 89.14743424075272
375.0 88.92809231952734
387.0 88.54774756965796
400.0 87.96040489212312
412.0 87.32808596454477
425.0 86.77273385818131
437.0 86.07922907213262
450.0 85.47553157747637
462.0 85.84974401971962
475.0 86.53072324919302
487.0 87.04812058780222
500.0 87.20481828530032
515.0 87.40090758825005
530.0 87.41995890836131
545.0 87.19408265163491
560.0 86.97070709464478
580.0 86.68307563094194
600.0 86.76259724003602
615.0 87.12131623968072
630.0 86.82084319382676
650.0 86.51394244201671
670.0 85.90770676097692
690.0 85.23144716790473
710.0 84.47519470769103
730.0 83.84745291808704
750.0 83.24598701462173
775.0 83.09385163539318
800.0 82.59367465744486
825.0 82.72192285262557
850.0 83.36130854965464
875.0 83.48392517960949
900.0 83.16694028661227
925.0 83.49569283308446
950.0 83.91833175337307
975.0 83.99140086121702
1000.0 84.15145620425722
1030.0 84.03986265718464
1060.0 83.81282850333656
1090.0 83.235630121945
1120.0 82.05890342183979
1150.0 80.9983396949323
1180.0 81.74093723715397
1220.0 83.8177253290276
1250.0 84.31152467598585
1280.0 83.812537103143
1320.0 82.96406793668072
1360.0 82.98169359828228
1400.0 83.3833684236088
1450.0 83.40380293669342
1500.0 83.19503005881079
1550.0 83.51189252495618
1600.0 83.61508926869769
1650.0 83.71930380983096
1700.0 83.38581978453163
1750.0 83.58714687016477
1800.0 83.0915789095242
1850.0 83.9718523612975
1900.0 84.35053745610294
1950.0 84.79739230052833
2000.0 84.38565431698672
2060.0 83.68044024334657
2120.0 84.02868077306499
2180.0 83.60641472273568
2240.0 83.44664701736421
2300.0 82.79468964885996
2360.0 83.7029095471629
2400.0 83.11308825543051
2500.0 83.44088981870452
2580.0 83.43981573976232
2650.0 83.5073413487203
2720.0 83.85342095159643
2800.0 83.34147360180064
2900.0 83.9239080952345
3000.0 84.22512792515478
3070.0 83.9508528389668
3150.0 84.11625588677563
3250.0 84.40569389669083
3350.0 83.82460847310875
3450.0 82.44017932534562
3550.0 81.52289072645414
3650.0 82.61559519800687
3750.0 83.7504546342288
3870.0 84.45340358270312
4000.0 84.79888629907366
4120.0 85.30093921617103
4250.0 85.54725627567319
4370.0 84.88554604899379
4500.0 84.13857437057759
4620.0 83.31861090602051
4750.0 83.81739532547749
4870.0 84.43816973821626
5000.0 85.85724177362738
5150.0 85.84144117338455
5300.0 85.68015642243215
5450.0 85.54718969535979
5600.0 85.44457207316161
5800.0 84.53787035248185
6000.0 82.4587137228828
6150.0 81.8847343388043
6300.0 82.9702565286803
6500.0 84.99549348810766
6700.0 85.42708204759685
6900.0 84.63196362828528
7100.0 83.90658972432193
7300.0 84.0571466914633
7500.0 85.24853122205795
7750.0 84.59643365379394
8000.0 83.39307870162231
8250.0 82.04056117741672
8500.0 81.78195319387433
8750.0 83.44727720514615
9000.0 82.20822985065018
9250.0 80.79095567633041
9500.0 83.35735284196628
9750.0 85.61532954354965
10000.0 84.82342465336762
10300.0 83.45288729866768
10600.0 82.6973417430942
10900.0 84.00512499009281
11200.0 83.96517479957912
11500.0 82.191566892418
11800.0 78.82840858613336
12200.0 82.36398582064682
12500.0 83.66911532612637
12800.0 81.43022353778306
13200.0 83.44973365688477
13600.0 79.4322507342397
14000.0 74.46804050268119
14500.0 78.34164262365843
15000.0 76.05905347255829
15500.0 80.93105172561091
16000.0 76.37828563973201
16500.0 81.23559732795813
17000.0 74.48324694741243
17500.0 74.9623294765914
18000.0 65.36307824109203
18500.0 66.99755476873614
19000.0 54.761546894334884
19500.0 58.15258924309066
