Freq "On Axis"
22.4 21.700000000000017
23.0 24.700000000000017
23.6 27.400000000000006
24.0 29.700000000000017
25.0 31.099999999999994
25.8 32.29999999999998
26.5 33.099999999999994
27.2 36.099999999999994
28.0 37.70000000000002
29.0 39.599999999999994
30.0 41.400000000000006
30.7 43.400000000000006
31.5 44.20000000000002
32.5 43.70000000000002
33.5 47.29999999999998
34.5 50.20000000000002
35.5 49.70000000000002
36.5 52.0
37.5 53.79999999999998
38.7 53.5
40.0 53.5
41.2 62.900000000000006
42.5 62.099999999999994
43.7 63.900000000000006
45.0 66.1
46.2 62.900000000000006
47.5 63.099999999999994
48.7 63.8
50.0 66.3
51.5 67.9
53.0 69.0
54.5 70.2
56.0 71.1
58.0 72.2
60.0 72.9
61.5 74.20000000000002
63.0 74.9
65.0 75.30000000000001
67.0 76.5
69.0 77.2
71.0 78.0
73.0 78.8
75.0 79.20000000000002
77.5 79.8
80.0 80.4
82.5 81.0
85.0 81.4
87.5 81.79999999999998
90.0 81.9
92.5 82.0
95.0 82.5
97.5 82.6
100.0 82.9
103.0 83.0
106.0 83.19999999999999
109.0 83.3
112.0 83.6
115.0 83.8
118.0 84.1
122.0 84.5
125.0 84.8
128.0 85.0
132.0 85.2
136.0 85.6
140.0 86.1
145.0 86.4
150.0 86.4
155.0 86.5
160.0 86.4
165.0 86.3
170.0 86.3
175.0 86.6
180.0 86.70000000000002
185.0 86.79999999999998
190.0 86.79999999999998
195.0 86.6
200.0 86.3
206.0 85.8
212.0 85.6
218.0 85.5
224.0 85.69999999999999
230.0 86.0
236.0 86.3
240.0 86.6
250.0 86.79999999999998
258.0 87.1
265.0 87.4
272.0 87.80000000000001
280.0 88.19999999999999
290.0 88.3
300.0 88.4
307.0 88.5
315.0 88.6
325.0 88.4
335.0 88.5
345.0 88.6
355.0 88.8
365.0 88.8
375.0 88.6
387.0 88.19999999999999
400.0 87.6
412.0 87.1
425.0 86.6
437.0 85.9
450.0 85.30000000000001
462.0 85.5
475.0 86.4
487.0 87.0
500.0 87.1
515.0 87.2
530.0 87.3
545.0 87.2
560.0 86.9
580.0 86.6
600.0 86.6
615.0 87.0
630.0 86.79999999999998
650.0 86.4
670.0 85.9
690.0 85.2
710.0 84.5
730.0 83.9
750.0 83.19999999999999
775.0 83.0
800.0 82.6
825.0 82.80000000000001
850.0 83.7
875.0 84.0
900.0 83.6
925.0 83.9
950.0 84.20000000000002
975.0 84.5
1000.0 84.8
1030.0 84.6
1060.0 84.4
1090.0 83.8
1120.0 82.6
1150.0 81.6
1180.0 82.4
1220.0 84.29999999999998
1250.0 85.2
1280.0 85.0
1320.0 84.1
1360.0 83.6
1400.0 83.9
1450.0 83.9
1500.0 83.9
1550.0 84.20000000000002
1600.0 84.29999999999998
1650.0 84.4
1700.0 84.20000000000002
1750.0 84.4
1800.0 83.8
1850.0 84.7
1900.0 85.2
1950.0 85.5
2000.0 85.30000000000001
2060.0 84.7
2120.0 84.8
2180.0 84.4
2240.0 84.6
2300.0 84.1
2360.0 84.7
2400.0 84.0
2500.0 84.6
2580.0 84.6
2650.0 84.4
2720.0 84.7
2800.0 84.4
2900.0 85.1
3000.0 85.30000000000001
3070.0 85.1
3150.0 85.6
3250.0 85.8
3350.0 84.7
3450.0 83.19999999999999
3550.0 82.0
3650.0 83.0
3750.0 84.20000000000002
3870.0 84.6
4000.0 84.8
4120.0 85.30000000000001
4250.0 85.4
4370.0 85.2
4500.0 84.4
4620.0 84.20000000000002
4750.0 84.6
4870.0 85.9
5000.0 87.4
5150.0 87.7
5300.0 87.6
5450.0 87.7
5600.0 87.6
5800.0 86.2
6000.0 83.3
6150.0 81.70000000000002
6300.0 82.6
6500.0 85.4
6700.0 86.4
6900.0 85.8
7100.0 84.8
7300.0 84.5
7500.0 86.1
7750.0 86.79999999999998
8000.0 86.3
8250.0 84.9
8500.0 83.8
8750.0 85.0
9000.0 84.1
9250.0 81.70000000000002
9500.0 83.1
9750.0 86.5
10000.0 86.4
10300.0 85.8
10600.0 83.9
10900.0 84.9
11200.0 85.4
11500.0 83.9
11800.0 80.0
12200.0 82.9
12500.0 85.69999999999999
12800.0 82.3
13200.0 84.7
13600.0 80.69999999999999
14000.0 74.20000000000002
14500.0 80.6
15000.0 77.80000000000001
15500.0 75.2
16000.0 77.9
16500.0 82.2
17000.0 76.1
17500.0 75.9
18000.0 67.7
18500.0 68.8
19000.0 59.70000000000002
19500.0 61.599999999999994
