Freq "Listening Window"
20.5078 56.25242057300004
21.2402 57.406037479104114
21.9727 57.89250828608287
22.7051 58.373167244697285
23.4375 59.680074533767296
24.1699 60.60132188873176
25.6348 62.518462245012046
26.3672 62.66817725687699
27.0996 63.596993671017046
27.832 63.46090825686477
29.2969 64.7795181127715
30.0293 65.64148657864116
31.4941 66.78513539335627
32.2266 67.34536103518573
33.6914 68.60248436192659
34.4238 68.95272251298232
35.8887 69.82139467953627
37.3535 70.62448354179479
38.8184 71.40956696322537
39.5508 71.73545095977867
41.0156 72.52933402073617
42.4805 73.24655314723623
43.9453 73.86655018284483
45.4102 74.48274447701135
47.6074 75.36806688856906
49.0723 75.9306479852551
50.5371 76.35153733505207
52.7344 77.14817727146266
54.1992 77.6123650268129
56.3965 78.31026589041757
58.5938 79.02023215842783
60.0586 79.45401156002521
62.2559 80.02480817133927
64.4531 80.62609492719591
66.6504 81.13430190366844
69.5801 81.81696186131684
71.7773 82.25881211657791
73.9746 82.68066199559678
76.9043 83.1832109381327
79.834 83.56246685326384
82.7637 83.8664729543893
85.6934 84.17932241258846
88.623 84.51533293767748
91.5527 84.70905346381423
94.4824 84.87682587253003
98.1445 84.99606722984963
101.807 85.05814504625964
105.469 85.06372192761918
109.131 85.03757422453295
112.793 84.98006205879356
116.455 84.95205079325022
120.85 84.92116670859286
125.244 84.93069426551425
129.639 84.83836021350372
134.033 84.67756948753119
138.428 84.5846491375791
143.555 84.48228800364996
148.682 84.36130543081511
153.809 84.2106853861011
159.668 84.04833597141875
164.795 84.03558201595182
170.654 84.09433272016751
176.514 83.77007478565639
183.105 83.68505713681262
189.697 83.53947278340105
196.289 83.35666630911571
202.881 83.42293909274883
210.205 83.31140164073761
217.529 83.17218855247614
225.586 82.88009173313496
232.91 83.11034051677882
241.699 82.90538909364717
249.756 83.14441042937443
258.545 83.22859295429522
268.066 82.99360243117955
277.588 82.98057067040386
287.109 82.95180553653678
297.363 82.76629287666084
307.617 82.68260064316469
318.604 82.45001245924946
329.59 82.65643691477702
341.309 82.52913635974663
353.76 83.10583030311565
366.211 83.72168602140268
378.662 83.44342947634324
392.578 83.82575747379785
405.762 83.8137628417662
420.41 83.9289229250867
435.059 84.42727539562917
450.439 84.10561721455065
466.553 83.95373559993133
482.666 84.54366669044478
500.244 84.0719998133275
517.822 84.43581818400284
536.133 83.85834346040654
554.443 83.76110849793007
574.219 83.58988223305933
594.727 83.97388497109526
615.234 83.95098601171406
637.207 84.41446369605724
659.912 84.34110231614457
683.35 84.12187041906964
706.787 83.94842271357066
731.689 84.61191071089509
758.057 84.91885319876955
784.424 85.36472570700506
812.256 85.41913512006265
840.82 85.10072904743967
870.85 84.69012822922961
901.611 84.85166966352575
933.105 83.92009173237061
966.064 84.32851023218778
999.756 84.68860398216148
1034.91 83.88424089596445
1071.53 83.53126472875887
1109.62 83.61621804082179
1148.44 83.45393673660034
1189.45 83.94672176627235
1231.2 83.6823918875048
1274.41 83.25401590911349
1319.82 83.1497535315381
1365.97 83.38391579187723
1414.31 83.48644821329448
1464.11 84.40007334450753
1515.38 84.40266867867628
1568.85 84.05315523783865
1624.51 84.18359864524051
1681.64 84.74091411299983
1740.97 84.78268150342696
1802.49 84.74410976269371
1866.21 84.61609220957943
1932.13 84.52010081798556
2000.24 84.77726646317339
2070.56 84.59519471765755
2143.8 83.90228812812221
2219.24 83.76580271214988
2297.61 84.30266201844512
2378.17 83.65205679328449
2462.4 83.26261986305228
2548.83 84.32371810954139
2638.92 84.71937494309313
2731.93 84.81391560697273
2828.61 85.31252369682232
2928.22 85.54267530861087
3031.49 85.57243480625333
3138.43 84.98662743880466
3249.02 84.60153767181312
3363.28 84.44892102867014
3481.93 84.2416854321799
3604.98 83.82685368117207
3732.42 83.77786428840136
3863.53 83.73533424009261
3999.76 84.23267238421762
4141.11 84.09230558876669
4286.87 84.7744753994372
4438.48 84.76586249385129
4594.48 85.04708263837495
4757.08 85.5286659494678
4924.8 85.49689183242793
5098.39 85.88526639294793
5277.83 85.89117466697569
5463.87 85.696861035082
5656.49 86.19032486100285
5856.45 85.71863975734114
6062.99 85.60997990023577
6276.86 85.16154594792647
6498.05 85.26286807478034
6727.29 84.89101609129379
6964.6 85.20159698294628
7209.96 84.98900191842209
7464.11 85.10283405772473
7727.78 84.9423276925357
8000.24 84.57231530555256
8282.23 84.5112741585056
8574.46 84.2067498253937
8876.22 83.84581061753109
9189.7 83.50793252409319
9513.43 83.33923295699559
9848.88 83.30670231604185
10196.8 83.34125656197467
10556.4 83.36337843749372
10928.5 83.36269989119134
11313.7 83.4145786154757
11712.9 83.44464705332368
12126.0 83.61705960527314
12553.7 83.65951376871844
12996.1 83.61051547093588
13454.6 83.42237456684923
13928.5 83.15851573393306
14419.9 82.95235723113471
14928.2 82.85859550377242
15454.8 82.94562442952731
15999.8 82.63864043691491
16564.5 82.57573638630275
17148.2 82.63139330335133
17753.2 82.76034075085595
18379.4 83.12170822652692
19027.6 83.32414627366354
19698.5 83.81097355700018
19999.5 84.0157094038476
