Freq "Listening Window"
20.5078 52.95190185651268
23.4375 57.325555749998074
26.3672 61.94726872673536
29.2969 66.23255435495938
32.2266 69.92132679913189
35.1563 73.0307724364516
38.0859 75.53628800127876
41.0156 77.36498402706063
43.9453 78.77535191239002
46.875 79.75626444793107
49.8047 80.54078061661917
52.7344 81.1807486292509
55.6641 81.76106021182171
58.5938 82.32602410654324
61.5234 82.75646434837513
64.4531 83.17710598979191
67.3828 83.64798637895697
70.3125 84.05707747321605
73.2422 84.41962509984877
76.1719 84.80531719334056
79.1016 85.06104244850303
82.0313 85.43657133261428
84.9609 85.75560942290467
87.8906 85.83759971829046
90.8203 85.78705691879372
93.75 86.20186623988792
96.6797 86.45970486433305
102.539 86.60052520288481
105.469 86.65518260301549
108.398 86.75887722558994
111.328 86.91231305373063
117.188 87.08282359106657
120.117 87.22691204365866
125.977 87.24709444174354
128.906 87.16946312731362
134.766 87.12107362412263
137.695 87.07525574663424
143.555 86.94719257928404
149.414 87.01778340063072
155.273 87.06890131617772
158.203 87.06498942698072
164.063 87.00238440643851
169.922 86.80688046463371
175.781 86.6465125936914
181.641 86.61052443978093
190.43 86.59205485027587
196.289 86.47313632367566
202.148 86.427175857922
210.938 86.34590208505706
216.797 86.13772790226587
225.586 86.27836395221642
234.375 86.20850325318699
240.234 86.03075038288813
249.023 85.99921370263142
257.813 85.92788761675118
266.602 85.54973035060547
278.32 85.37842837928028
287.109 85.42958424887419
295.898 85.5220935343522
307.617 85.27834815467
319.336 85.2257536234801
331.055 85.27239548737116
342.773 85.35908594891177
354.492 85.51066290053821
366.211 85.61695985971684
377.93 85.57666953006822
392.578 84.73038363403299
407.227 84.73968631494574
421.875 85.50635904989825
436.523 85.84142585169688
451.172 86.51585569420861
465.82 86.47537335119361
483.398 86.23180601916198
500.977 86.07987549718005
518.555 85.55825674989408
536.133 85.78398337154138
553.711 85.64608143773864
574.219 85.420537795189
594.727 84.91899076884738
615.234 84.59816865791953
638.672 85.31188847637786
659.18 87.0635167183459
682.617 87.99871834136405
706.055 88.4070092385657
732.422 88.01699754629483
758.789 88.05197642696349
785.156 87.67102325437915
811.523 87.28864735053962
840.82 86.85067675358934
870.117 86.32046681781215
902.344 86.21723229262412
931.641 86.25273505450332
966.797 85.92389366384958
999.023 85.36103780730829
1034.18 85.79953947984976
1072.27 86.21324057115382
1110.35 85.89904824383032
1148.44 85.84756327955739
1189.45 86.34998963457484
1230.47 86.50645630909924
1274.41 86.66440446044032
1318.36 86.69635000447923
1365.23 86.38363192371402
1415.04 85.81409330554123
1464.84 85.72274954066638
1514.65 85.79000533275605
1570.31 85.80847187921073
1623.05 85.57524221210168
1681.64 85.2956034412421
1740.23 85.76345628613609
1801.76 86.21171220955372
1866.21 85.73937457930265
1930.66 84.97579607319497
2000.98 85.24908623790014
2071.29 85.732414161767
2144.53 85.19733184355994
2217.77 84.36004449722832
2296.88 85.21435172319022
2378.91 86.00613212093407
2460.94 85.45026709325614
2548.83 85.34274526578588
2639.65 85.99865202622617
2733.4 85.9441381284492
2827.15 86.03105359066629
2926.76 86.05397264827837
3032.23 86.27614126833095
3137.7 86.64645703299891
3249.02 86.43960757343503
3363.28 86.21297256453082
3483.4 86.55088749900804
3606.45 86.42815258877991
3732.42 86.18714282760543
3864.26 86.37548982865454
3999.02 86.37431571987456
4139.65 85.99587738660269
4286.13 86.83435046041704
4438.48 87.14222342472615
4593.75 87.41806653165861
4757.81 87.26902466770215
4924.8 87.33666813809701
5097.66 87.29655698165368
5279.3 86.88717435307335
5463.87 87.08591374640753
5657.23 86.67137787613605
5856.45 86.82898109154414
6061.52 87.07660132409738
6275.39 87.2949930880853
6498.05 87.31526690865309
6726.56 87.20969676715501
6963.87 87.15512963455518
7209.96 86.9114552148915
7464.84 86.82079897696673
7728.52 86.966462418701
8000.98 87.43036388098719
8282.23 87.81648540351905
8575.2 87.83410068872496
8876.95 87.56274482315817
9190.43 87.24380461338093
9512.7 87.11440411286836
9849.61 87.17207550868247
10195.3 87.47164255942718
10555.7 87.6444042315526
10927.7 87.54544727790574
11314.5 87.35661976518008
11712.9 86.95129901342668
12126.0 86.87319813656069
12553.7 86.80911973733367
12996.1 86.68187432975441
13453.1 86.47998505581512
13927.7 86.12355116262526
14419.9 85.97938327288045
14929.7 86.2397769752299
15454.1 86.6233037239065
15999.0 86.83899156746702
16564.5 86.82003811068117
17147.5 87.1559402497318
17753.9 87.55657743747493
18377.9 87.4177887986982
19028.3 87.53783735462686
19699.2 87.99518055873715
19998.0 88.09653309783721
