Freq "Estimated In-Room Response"
20.5078 50.26635972696201
21.9727 52.54104551638849
23.4375 53.36758419105621
24.9023 56.67000749383183
26.3672 59.671111039605734
27.832 60.960815912287984
29.2969 65.24249099336271
30.7617 62.58788811396457
32.2266 68.72924620321407
33.6914 70.59370606145526
35.1562 72.49954360161097
36.6211 74.701953417623
38.0859 76.75714808938265
39.5508 78.50005359258438
41.0156 80.24305549020713
42.4805 80.9960668844312
43.9453 82.4807451499449
45.4102 83.87561083139974
46.875 85.11216549913887
48.3398 86.170273679118
51.2695 87.8668899863819
52.7344 88.5497738052265
54.1992 89.16257418053334
55.6641 89.66368470435918
58.5938 90.4913155043105
60.0586 90.80186106912548
62.9883 91.28500653934167
64.4531 91.4456847514716
67.3828 91.77365125573529
68.8477 91.91506832864388
71.7773 92.10032814090324
74.707 92.24560640626562
77.6367 92.31866841378569
79.1016 92.33038955481551
82.0312 92.41089673146479
84.9609 92.43000613140751
87.8906 92.42029479220206
90.8203 92.47187694657431
95.2148 92.4044736506082
98.1445 92.37186561232127
101.074 92.29266462997988
105.469 92.09105083062445
108.398 92.06867291662473
112.793 91.90728610589514
117.188 91.94289720414814
120.117 91.92419506572901
124.512 91.81114926841893
128.906 91.55838898361304
133.301 91.23399835094479
139.16 91.02268657055879
143.555 90.83240957035758
147.949 90.93510291928196
153.809 90.83799605031149
159.668 91.11901073303257
165.527 91.09950134274561
171.387 90.89625692753154
177.246 90.81912473919334
183.105 90.92967368522707
188.965 90.70339955291195
196.289 90.52714881773068
203.613 90.38278723288795
210.938 90.22781363867276
218.262 90.01357587757447
225.586 90.3825482363976
232.91 90.30839868901232
241.699 90.48243029386667
250.488 90.74868592018935
259.277 90.67680479757252
268.066 90.14063734049088
276.855 90.43409455752304
287.109 91.01234845829727
297.363 90.97917721906907
307.617 91.107649428556
319.336 90.90715589327874
329.59 90.71609360916908
341.309 90.77789224058606
353.027 90.80722920751231
366.211 90.79860837423944
379.395 91.09866664133136
392.578 90.96263146431474
405.762 90.78596138783594
420.41 90.96721889316062
435.059 90.85513968396228
451.172 91.07198349957109
465.82 91.00748104838897
483.398 91.14614102287423
499.512 91.38523164434623
517.09 91.08748280062724
536.133 91.43417132819853
555.176 91.93154653149276
574.219 92.17011939683557
594.727 91.14212341989423
615.234 88.12099196409793
637.207 89.14919676715549
659.18 92.24242784819737
682.617 92.76510221461956
707.52 92.70256152847826
732.422 90.57184488794566
757.324 89.6113589139871
785.156 89.53885248194564
811.523 89.18933466157478
840.82 89.35550409049276
870.117 89.0916900140544
900.879 89.87724399940026
933.105 88.9308876225484
965.332 89.0462416424315
1000.49 88.97322170994457
1035.64 88.79178459113248
1072.27 88.45095822039826
1108.89 88.07713969968523
1148.44 87.9487159671412
1189.45 88.35214973117681
1230.47 89.28228099148076
1274.41 89.51188369481484
1319.82 89.33012071732506
1366.7 90.18559374147891
1413.57 89.55059645812167
1463.38 89.01719994540036
1516.11 87.68254348501651
1568.85 87.53935687938173
1624.51 87.57396298620046
1681.64 87.85179068532227
1741.7 88.12612894539247
1803.22 87.58558994505105
1866.21 87.07646603024436
1932.13 86.68733579519167
1999.51 87.43032720426292
2069.82 87.6654592749773
2143.07 87.19772792278381
2219.24 86.73319113287126
2296.88 86.67309671429257
2378.91 87.11246086762088
2462.4 87.59947412047133
2548.83 86.81055386567661
2639.65 85.73463928090196
2731.93 86.18920651217346
2828.61 87.51533041485088
2928.22 88.24980937462789
3030.76 88.37630989976967
3137.7 88.48843754311173
3249.02 88.3901111767522
3363.28 88.59845037368707
3481.93 89.2038474369081
3604.98 89.57236466529086
3732.42 89.9697813537064
3864.26 89.42082564529099
4000.49 89.2679434662026
4141.11 89.92212175075497
4287.6 89.83055568048029
4438.48 89.72779015249213
4595.21 89.11434763505005
4756.35 89.6214052013237
4924.8 90.05029437432276
5097.66 89.7012497111963
5277.83 89.71848825846031
5463.87 89.79314782428239
5657.23 90.1359897675851
5856.45 90.10096739234584
6062.99 90.03048612801179
6276.86 89.57071028863699
6498.05 89.67438209038717
6726.56 89.64893804200237
6963.87 89.66672630087129
7209.96 89.92192938089416
7464.84 89.71919945248177
7727.05 90.08385620811828
7999.51 90.16519081541784
8282.23 91.12282715254605
8573.73 91.43197721549586
8876.95 90.54501050257551
9188.96 88.66644500416157
9514.16 87.99263214698261
9849.61 87.32077328073534
10196.8 87.35162852279072
10555.7 87.0600428732689
10927.7 87.19154838819853
11313.0 87.79088795237305
11712.9 88.37691379426974
12126.0 89.16718013831758
12553.7 89.42082711791805
12996.1 88.752674105692
13454.6 87.28851752211392
13929.2 86.14536544869509
14419.9 85.74304791836434
14928.2 85.8503424003201
15455.6 86.03456613085535
16000.5 86.48903744596035
16564.5 86.75937437401126
17148.9 86.3152992547936
17752.4 84.77778518539232
18379.4 83.48788924784003
19026.9 83.64476032884534
19697.8 83.51749474497359
19999.5 83.21875019866192
