Freq "Early Reflections DI"
22.4 19.642839718383982
23.0 19.773865482149603
23.6 20.524263452777035
24.0 20.756135126285727
25.0 20.72081913420044
25.8 20.75852171174452
26.5 20.767489890945
27.2 20.510769022231244
28.0 20.121671926576397
29.0 19.66027600008968
30.0 19.443254777650964
30.7 19.782134023963238
31.5 20.245333420116197
32.5 20.651296141080536
33.5 20.681337599704648
34.5 20.887187616409676
35.5 22.341369482341577
36.5 21.480452509066822
37.5 20.220868045934026
38.7 19.859648316660184
40.0 20.27668350796364
41.2 20.562367049022896
42.5 20.82175918203353
43.7 20.839718749132686
45.0 20.18680715499454
46.2 19.43398886378833
47.5 19.70831807143722
48.7 21.072228772518287
50.0 21.37567524393728
51.5 21.090895593428513
53.0 19.892014035383767
54.5 20.290832118637397
56.0 20.563766646441792
58.0 20.960240570470944
60.0 20.95787068383946
61.5 20.794895326253453
63.0 20.693211328800203
65.0 20.597544391569002
67.0 20.57944371023349
69.0 20.50290531246874
71.0 20.44215088212978
73.0 20.396977817196543
75.0 20.315528945604242
77.5 20.297355499807693
80.0 20.249489793803363
82.5 20.15647177084061
85.0 20.079247476823838
87.5 20.00478549572712
90.0 19.989595632925955
92.5 20.020157154718547
95.0 19.93290053532479
97.5 19.971396471281267
100.0 20.04880185763558
103.0 20.04819352017762
106.0 20.063786138229844
109.0 20.061265099456207
112.0 20.107123287511186
115.0 20.15208062063408
118.0 20.161331201102968
122.0 20.143982945866313
125.0 20.135154394585
128.0 20.12280471143177
132.0 20.153166224879797
136.0 20.090401273271212
140.0 20.098903235679032
145.0 20.127235338705532
150.0 20.10901212482682
155.0 20.125223140391697
160.0 20.195390943017472
165.0 20.255054280815273
170.0 20.243905999399914
175.0 20.258058001399846
180.0 20.25077025548181
185.0 20.187347411151094
190.0 20.18238310253882
195.0 20.219800072161874
200.0 20.357560329837526
206.0 20.532689736318574
212.0 20.96214731973882
218.0 21.1033273710747
224.0 21.14753148463093
230.0 21.120658760783428
236.0 21.24575397196935
240.0 21.51777802470575
250.0 21.65261552121909
258.0 21.323911298234194
265.0 21.208294038215428
272.0 21.035660432400306
280.0 20.905523726917977
290.0 20.856543795683407
300.0 20.914766458029817
307.0 20.932869827324595
315.0 20.94277782142892
325.0 21.011605785151403
335.0 21.14812198516485
345.0 21.21310178600325
355.0 21.304908925217262
365.0 21.302693161199485
375.0 21.346262487850424
387.0 21.41641821015699
400.0 21.530301323711427
412.0 21.64108131869709
425.0 21.592749505647333
437.0 21.660421756362723
450.0 21.678270275239512
462.0 21.690137769302794
475.0 21.657458794758767
487.0 21.64784414245787
500.0 21.621946931577114
515.0 21.842742168640328
530.0 21.85546998857305
545.0 21.751655489394977
560.0 21.701169190075518
580.0 21.724462295866246
600.0 21.66958992137897
615.0 21.630877534906332
630.0 21.722249083828032
650.0 21.90403136252762
670.0 21.95142693084584
690.0 22.192303094290466
710.0 22.372207931779514
730.0 22.584528199745463
750.0 22.6674456996912
775.0 22.672420503339794
800.0 22.655934289105332
825.0 22.477422492513583
850.0 22.314667688504386
875.0 22.397197586367398
900.0 22.605616987273535
925.0 22.6220742968964
950.0 22.93664138042645
975.0 23.25250343866145
1000.0 23.15984089482734
1030.0 23.02387667923138
1060.0 22.958289955006194
1090.0 23.13069654457165
1120.0 23.18251294609466
1150.0 23.218674374798297
1180.0 23.135817312391637
1220.0 23.08711412565981
1250.0 23.213674229332824
1280.0 23.423751664009558
1320.0 23.461806684827167
1360.0 23.171428521995097
1400.0 23.18523940103438
1450.0 23.161668646602962
1500.0 23.33965528741065
1550.0 23.561133577698257
1600.0 23.38310180400731
1650.0 23.117900989236404
1700.0 23.058434214065386
1750.0 23.07284876173364
1800.0 23.362376184726372
1850.0 23.31241606116332
1900.0 23.232948033339937
1950.0 23.180649565462957
2000.0 23.012564556745886
2060.0 23.001512732754094
2120.0 22.856714206135194
2180.0 22.22198504602045
2240.0 22.08143394586891
2300.0 22.298544165209663
2360.0 23.35091131815068
2400.0 23.44258798334066
2500.0 21.84192348711582
2580.0 20.784453448386785
2650.0 21.12193700158238
2720.0 21.298854625512632
2800.0 22.729759858055445
2900.0 23.451762998716163
3000.0 24.088272318357582
3070.0 24.406428260540494
3150.0 24.4033900713124
3250.0 24.156592634887943
3350.0 23.592147951767103
3450.0 22.899302525456164
3550.0 22.032951284063657
3650.0 21.374144602203813
3750.0 21.48240733381705
3870.0 21.911038678282452
4000.0 22.94053645546704
4120.0 22.903404583661555
4250.0 21.875595098081064
4370.0 20.0180344231961
4500.0 19.706665141987003
4620.0 20.15825105788558
4750.0 20.086643966915204
4870.0 20.856570282700545
5000.0 21.651811472750353
5150.0 22.232573762003682
5300.0 22.890476403189396
5450.0 22.7734507677483
5600.0 23.269235466882805
5800.0 23.30325196979466
6000.0 23.64184454435089
6150.0 23.720814066754812
6300.0 23.616837057196165
6500.0 23.558983370106404
6700.0 23.328431546804225
6900.0 23.110352176942996
7100.0 22.756355189728225
7300.0 22.62881427784754
7500.0 22.932845459970522
7750.0 23.159489429599518
8000.0 23.155361702661054
8250.0 23.157189318023455
8500.0 23.150094302019482
8750.0 23.56285650893774
9000.0 24.12640425318625
9250.0 24.895863629400793
9500.0 25.728259744588286
9750.0 26.155134750076883
10000.0 26.205114067808807
10300.0 26.106745925172888
10600.0 26.057177331457595
10900.0 25.69701429677005
11200.0 25.039825568684464
11500.0 24.221322384125457
11800.0 23.551731729337774
12200.0 23.677042773031474
12500.0 24.423420698581083
12800.0 25.78035059956966
13200.0 26.631508095872704
13600.0 26.700623615265727
14000.0 25.899078931143364
14500.0 24.979363156258614
15000.0 24.78541274948425
15500.0 25.412660757043056
16000.0 26.47094767058148
16500.0 26.16574681730745
17000.0 25.651128905847727
17500.0 25.101430653640037
18000.0 24.084984953011073
18500.0 22.941794428990207
19000.0 22.670484847419658
19500.0 23.803688042251252
