Freq "Ceiling Bounce"
20.5078 52.3611991797887
21.9727 55.29993531673627
23.4375 56.68726387738364
24.9023 58.121666089565466
26.3672 59.65842613396539
27.832 61.03351848716723
29.2969 62.268925651458304
30.7617 63.5965913882921
32.2266 64.68720224575486
33.6914 65.76198280656973
35.1562 66.73298628490613
36.6211 67.63078715086438
38.0859 68.65999165864247
39.5508 69.49097972330298
41.0156 70.38062552555972
42.4805 71.15559223462118
43.9453 71.85777595485888
45.4102 72.5941222854508
46.875 73.31144891227775
48.3398 73.96210861138235
51.2695 75.19140967417798
52.7344 75.73524804006857
54.1992 76.22916315502086
55.6641 76.77563080120227
58.5938 77.71175102708155
60.0586 78.0819289461533
62.9883 78.7696108980525
64.4531 79.17872648975545
67.3828 79.73443774148349
68.8477 79.96279960913559
71.7773 80.36012204763627
74.707 80.82758648281398
77.6367 81.24349324940424
79.1016 81.39992321011594
82.0312 81.59205455151229
84.9609 81.92432310874855
87.8906 82.15763616507796
90.8203 82.61209216209957
95.2148 82.80123965260833
98.1445 83.02220937603356
101.074 83.14249140683718
105.469 83.45720645431685
108.398 83.71282835412133
112.793 83.95749146177432
117.188 84.13321596166811
120.117 84.221943331719
124.512 84.51000884248167
128.906 84.563260184283
133.301 84.6467379818931
139.16 84.61528682169453
143.555 84.75944568255282
147.949 84.77471250827278
153.809 84.70500029815146
159.668 84.7190268083177
165.527 84.88095211125648
171.387 84.69553095094538
177.246 84.68445708811322
183.105 84.49120943684414
188.965 84.47468101122409
196.289 84.58857913618125
203.613 84.33114854358338
210.938 84.22708743227365
218.262 84.23151972999088
225.586 83.95683245075928
232.91 83.84528951759184
241.699 83.65688371775603
250.488 83.41272621978291
259.277 83.71734282727978
268.066 83.20941476318657
276.855 82.87887633476991
287.109 82.40119393664038
297.363 82.39471854244547
307.617 82.80274502677551
319.336 82.62193761665019
329.59 82.87324961407214
341.309 82.84551176365535
353.027 82.60699597893439
366.211 82.70038391758295
379.395 83.24552111093747
392.578 83.21802636579051
405.762 82.91640790175175
420.41 83.43182433482899
435.059 84.15504092007893
451.172 84.43886343917683
465.82 84.58324814830091
483.398 84.59640752602675
499.512 84.66436485060997
517.09 84.66044014555702
536.133 83.77438269847441
555.176 83.43551005215664
574.219 83.34177595827249
594.727 83.29092939408886
615.234 82.91696697119605
637.207 82.38881243459709
659.18 82.1903336678374
682.617 81.46692971112563
707.52 80.81529548638306
732.422 80.70632171635083
757.324 80.42673689545566
785.156 78.91518616508544
811.523 78.94166930901002
840.82 78.03894475855836
870.117 77.88912154426902
900.879 76.50618752572592
933.105 75.1423010996432
965.332 73.90305307678683
1000.49 75.52597582969777
1035.64 76.62280541314857
1072.27 75.10435398952511
1108.89 77.28780876582273
1148.44 76.90271101625795
1189.45 78.21727571360917
1230.47 77.45437746953604
1274.41 78.03228318243454
1319.82 77.17593892466816
1366.7 78.52284222091404
1413.57 77.6048960208308
1463.38 76.0551300549391
1516.11 76.94253993445493
1568.85 77.59174954981164
1624.51 76.22997942949094
1681.64 77.90651787497355
1741.7 76.89423716042633
1803.22 77.8314490913816
1866.21 78.27285549710562
1932.13 78.61680771661791
1999.51 78.61983678843306
2069.82 78.69358418236251
2143.07 78.33107297909946
2219.24 78.26097771851896
2296.88 78.40023430806598
2378.91 78.4482683409072
2462.4 78.49332328305114
2548.83 78.15286909563441
2639.65 79.31159983762028
2731.93 79.30090079214595
2828.61 79.16978787365555
2928.22 79.23678013895879
3030.76 78.40570305992351
3137.7 78.06668711842725
3249.02 78.01481628363206
3363.28 77.88597281612506
3481.93 77.93392113288013
3604.98 77.85544350990207
3732.42 77.76179054857273
3864.26 77.50153072537927
4000.49 77.54387031386281
4141.11 77.65339393146297
4287.6 77.31967023225643
4438.48 77.59847236175224
4595.21 77.60310006178078
4756.35 77.66621664562395
4924.8 77.64789789022323
5097.66 77.98703528997429
5277.83 78.34440841368215
5463.87 78.1827084359108
5657.23 77.71961009580829
5856.45 77.287584445854
6062.99 77.19470839533044
6276.86 76.94289768140986
6498.05 76.69953590699649
6726.56 76.5742307337904
6963.87 76.25846604219932
7209.96 76.08886128960854
7464.84 76.16067725904607
7727.05 76.4067064787033
7999.51 76.4454171727268
8282.23 76.52198555985728
8573.73 76.50569917255551
8876.95 76.60418064105734
9188.96 76.77079529904029
9514.16 77.15952251770496
9849.61 77.00577886525484
10196.8 76.89291323950087
10555.7 76.43307557814619
10927.7 76.29304854561005
11313.0 76.03330228868147
11712.9 75.79331016126297
12126.0 75.71375801816355
12553.7 75.53411522601328
12996.1 74.97876121320697
13454.6 74.64511203398075
13929.2 74.4919394276561
14419.9 74.19710325299745
14928.2 73.8557564725384
15455.6 73.61253480154711
16000.5 72.81037562089337
16564.5 71.86915345479633
17148.9 71.5242663045734
17752.4 71.25298981130238
18379.4 70.25051542530213
19026.9 68.54941679102195
19697.8 66.63037320587145
19999.5 65.60628032944669
