Freq "Rear Wall Bounce"
20.5078 52.48118719307523
21.9727 55.51219483592742
23.4375 56.876475224051475
24.9023 58.271066637925585
26.3672 59.83482367674294
27.832 61.23130513504425
29.2969 62.41874955724249
30.7617 63.776443169325304
32.2266 64.87973937746862
33.6914 65.9636916174562
35.1562 66.93825682298781
36.6211 67.83298281037976
38.0859 68.84833343236816
39.5508 69.6713561731999
41.0156 70.56052311589838
42.4805 71.33268532771415
43.9453 72.0171510381453
45.4102 72.78881086472028
46.875 73.41563391343864
48.3398 74.09479183864242
51.2695 75.3061230365554
52.7344 75.89465691521312
54.1992 76.43919777518626
55.6641 76.91126627257951
58.5938 77.8213584617191
60.0586 78.10829303612144
62.9883 79.00038973077652
64.4531 79.38109671641342
67.3828 79.83086873873681
68.8477 80.03601890862427
71.7773 80.43626139138419
74.707 80.87630881570571
77.6367 81.28547142430084
79.1016 81.46498615621171
82.0312 81.75046097398818
84.9609 82.14104209502224
87.8906 82.76158781760408
90.8203 82.51405262900425
95.2148 82.9340403469976
98.1445 83.18349798076333
101.074 83.39823131561168
105.469 83.65285209695803
108.398 83.83939307345737
112.793 84.06101563149484
117.188 84.15465485772252
120.117 84.21841413465755
124.512 84.51529666015894
128.906 84.64650258127914
133.301 84.66114722954252
139.16 84.74507343415375
143.555 84.73079447236536
147.949 84.72473233948448
153.809 84.63590516316947
159.668 84.83818749815443
165.527 84.90715544742301
171.387 84.90447357341594
177.246 84.72732716705376
183.105 84.57411827653745
188.965 84.34579356737865
196.289 84.36038928055628
203.613 84.16077546334454
210.938 83.9118783506823
218.262 83.98227829466614
225.586 83.8596859104438
232.91 83.46744941735896
241.699 83.24404138383471
250.488 83.1385724105714
259.277 83.4770486753275
268.066 83.17241417694031
276.855 82.8096333003748
287.109 82.96060482889828
297.363 82.66967919687438
307.617 82.4647348130298
319.336 82.18878211747388
329.59 82.07622378835225
341.309 81.9901990195764
353.027 81.3658936565833
366.211 81.18720818615671
379.395 81.50894665570827
392.578 81.22477658680783
405.762 81.1426493255065
420.41 80.84543575256346
435.059 81.42718831685654
451.172 81.18222833317863
465.82 81.31731060863315
483.398 81.01341831047407
499.512 81.06832236370602
517.09 81.13594537811282
536.133 80.12913243756648
555.176 79.34996938435333
574.219 79.5389651795069
594.727 79.62180742236255
615.234 79.07796227753342
637.207 79.23201992356816
659.18 78.72849606576366
682.617 78.96958740222725
707.52 78.47605008112659
732.422 77.94618425667522
757.324 78.15338600603363
785.156 77.34556702113358
811.523 76.72305229750847
840.82 76.7357119753018
870.117 77.00981214653136
900.879 76.18618133354408
933.105 75.19604735200296
965.332 75.56871086246242
1000.49 76.1584603636193
1035.64 75.39762172957717
1072.27 74.74030358270076
1108.89 73.7827833020809
1148.44 73.37341789055752
1189.45 73.63430429978317
1230.47 73.59618589025182
1274.41 73.22622924870663
1319.82 72.0841540408515
1366.7 72.2094973931445
1413.57 71.57638682529958
1463.38 72.36957955653163
1516.11 72.47256758298319
1568.85 72.19627549335394
1624.51 71.22543001437545
1681.64 71.09920627534918
1741.7 69.27890641418954
1803.22 70.92000463590205
1866.21 70.46236952239809
1932.13 69.06894796781009
1999.51 68.7275706173368
2069.82 68.89056171319034
2143.07 68.3545788100605
2219.24 67.68232544896122
2296.88 67.92458692651954
2378.91 68.07556650363507
2462.4 67.32602355571812
2548.83 66.75895545606683
2639.65 67.36540840632259
2731.93 67.20331721433682
2828.61 66.93318058894015
2928.22 67.27305105101075
3030.76 67.06479258840308
3137.7 65.99162738273175
3249.02 65.67929934856531
3363.28 65.20040273770162
3481.93 64.8884977111691
3604.98 64.71186404711398
3732.42 65.0366705275295
3864.26 65.39968790741406
4000.49 65.2248128393505
4141.11 65.1940988260997
4287.6 64.5822659514495
4438.48 65.16208843908325
4595.21 64.02504086587747
4756.35 64.03155931257682
4924.8 63.6595358687908
5097.66 62.53607069641383
5277.83 62.97565650789531
5463.87 61.935926861811666
5657.23 62.467502799014554
5856.45 61.77196249308783
6062.99 61.650498438822595
6276.86 61.25223543820714
6498.05 61.15967800770677
6726.56 60.69514584318286
6963.87 59.88323991441588
7209.96 59.945636285432855
7464.84 60.05234695572527
7727.05 59.45446368096334
7999.51 59.49285202128276
8282.23 59.4596889238381
8573.73 59.296484396882946
8876.95 60.01141318265074
9188.96 59.63124077653883
9514.16 59.54925441538201
9849.61 59.75723425018718
10196.8 60.31801317613271
10555.7 59.91330424473911
10927.7 59.67562234858282
11313.0 59.38773565595072
11712.9 59.22370443353908
12126.0 59.169288486979994
12553.7 58.83371335064682
12996.1 58.18253733298509
13454.6 57.39462198716443
13929.2 57.08788262378211
14419.9 56.27018489650972
14928.2 54.50996651294322
15455.6 53.754406566419945
16000.5 53.368281905233644
16564.5 52.376610340546605
17148.9 51.69546917869913
17752.4 51.787898276738375
18379.4 52.528587619629874
19026.9 53.883283353268226
19697.8 56.130764652986684
19999.5 57.26401715598185
