Freq "Side Wall Bounce"
20.5078 58.124784080185165
21.9727 54.60981519574504
23.4375 56.120100874716385
24.9023 58.957057136873786
26.3672 59.87702082533319
27.832 63.35119522018395
29.2969 66.35286997559854
30.7617 69.07197136238113
32.2266 72.69848019987144
33.6914 75.5811582482715
35.1562 78.02553990802397
36.6211 79.14446385600189
38.0859 79.06216392350943
39.5508 78.8858959509471
41.0156 79.11626016041147
42.4805 79.61857966251318
43.9453 80.17045933478202
45.4102 80.6697149960657
46.875 80.97686378504656
48.3398 81.18698722348117
51.2695 81.3400283058998
52.7344 81.35925352337772
54.1992 81.37028936902529
55.6641 81.47259355243362
58.5938 81.75372996916629
60.0586 81.92268718291696
62.9883 82.35781638073857
64.4531 82.55142368439104
67.3828 82.93657865678956
68.8477 83.14142174672136
71.7773 83.5939358205778
74.707 84.00333646297916
77.6367 84.39984039163544
79.1016 84.61142756596261
82.0312 84.9929797789408
84.9609 85.28631549291602
87.8906 85.69636812868555
90.8203 86.06248608629791
95.2148 86.39623178206507
98.1445 86.5557491903972
101.074 86.7082425693548
105.469 86.85924900762602
108.398 86.91881377502415
112.793 86.8931658735114
117.188 86.78178991901834
120.117 86.7099742812862
124.512 86.61855415797045
128.906 86.55585311123563
133.301 86.3919126717678
139.16 86.19351271278754
143.555 85.95684674451239
147.949 85.85531125309411
153.809 85.66329918227005
159.668 85.41031535004383
165.527 85.38748053700608
171.387 85.439608480669
177.246 85.44001489969668
183.105 85.39843656530269
188.965 85.81730471514307
196.289 86.34576460354236
203.613 86.12931936476085
210.938 86.19072709661351
218.262 86.79214229569912
225.586 86.48661508098981
232.91 86.54922447659364
241.699 87.01339969333785
250.488 86.69074346473282
259.277 86.62523915051393
268.066 86.13763992733827
276.855 86.48927951464337
287.109 86.68760503802827
297.363 86.72544836466297
307.617 86.80682403797464
319.336 86.0321407525329
329.59 85.49010297539783
341.309 85.18469889114975
353.027 85.36026250081402
366.211 85.2881157511748
379.395 85.95214140754776
392.578 85.89019487782264
405.762 85.35356418542884
420.41 85.16946283295991
435.059 84.7919269094012
451.172 84.8480477339374
465.82 84.79410558201235
483.398 85.4895252511771
499.512 85.135851493448
517.09 84.81669734288228
536.133 84.87904475911785
555.176 85.02406090284464
574.219 84.72214384633556
594.727 83.65294961039669
615.234 84.38465010578363
637.207 84.67732688835898
659.18 84.77768486777622
682.617 84.18252225745114
707.52 84.08551417954068
732.422 84.65230077229991
757.324 84.60296289605078
785.156 84.24295890914561
811.523 83.72632852490564
840.82 83.8111133590471
870.117 83.54953570634878
900.879 83.03467799287363
933.105 83.35911205248517
965.332 82.33345040059409
1000.49 82.58711994355345
1035.64 82.10154278003832
1072.27 81.41329850366071
1108.89 81.17249627378665
1148.44 80.68084996783415
1189.45 79.92873982450119
1230.47 80.51962510378762
1274.41 80.82114463731588
1319.82 81.11731630411023
1366.7 81.27353865519053
1413.57 80.45419175496077
1463.38 80.6732999277192
1516.11 80.11452797056818
1568.85 80.39441626906833
1624.51 80.10466147270103
1681.64 80.05341984018322
1741.7 79.58394631925027
1803.22 78.96573952257883
1866.21 79.48797359290408
1932.13 80.47834019769947
1999.51 80.43740977133953
2069.82 79.63090426779542
2143.07 78.87289248535164
2219.24 78.93674203997703
2296.88 79.08211830940978
2378.91 78.6255510882245
2462.4 78.75651752169854
2548.83 78.98874450761491
2639.65 78.6198104327171
2731.93 78.57058506998607
2828.61 79.56117531158573
2928.22 78.92347019170526
3030.76 78.73835119726938
3137.7 79.27951647547702
3249.02 79.33242309017074
3363.28 78.72587259512862
3481.93 78.35422344782792
3604.98 78.23207083712697
3732.42 77.65889149392522
3864.26 76.85906877124464
4000.49 75.93522230861038
4141.11 76.01394503355064
4287.6 75.63605632618408
4438.48 76.21058568251023
4595.21 76.18336368804873
4756.35 77.07648971806573
4924.8 75.8007978384396
5097.66 76.43004800310268
5277.83 76.32109622441381
5463.87 76.797502749189
5657.23 77.37513385640742
5856.45 77.22805246693093
6062.99 77.92769989476683
6276.86 77.35365420375781
6498.05 77.65542453395902
6726.56 77.45689922182127
6963.87 77.8359777994623
7209.96 76.9009779939363
7464.84 77.27512314051636
7727.05 76.87162819060029
7999.51 76.96807654164876
8282.23 77.05629196208055
8573.73 76.34480018676526
8876.95 76.20815727972209
9188.96 76.65396966962716
9514.16 76.40406337800829
9849.61 76.17417636348894
10196.8 76.21262101559148
10555.7 76.47206225873445
10927.7 76.35052020343795
11313.0 75.98122775927254
11712.9 75.67512912939799
12126.0 75.26478823510682
12553.7 74.93924200236832
12996.1 74.95977844683668
13454.6 75.4748196769021
13929.2 75.54064258986374
14419.9 75.68343545297546
14928.2 75.75520148938593
15455.6 75.64496739511868
16000.5 75.61640799349705
16564.5 75.47027663515217
17148.9 75.24907703463322
17752.4 75.20810848174547
18379.4 75.16179770695216
19026.9 75.52078023836326
19697.8 75.37019283086397
19999.5 75.16723771651228
