Freq "Ceiling Bounce"
20.5078 58.89321449158717
21.9727 61.39869171930346
23.4375 61.75206819008767
24.9023 62.42774740051159
26.3672 62.2120323437898
27.832 62.25461413017322
29.2969 61.62286782826567
30.7617 61.30185627312795
32.2266 61.47111331188779
33.6914 60.652538315918434
35.1562 60.337627575596315
36.6211 60.91532422460861
38.0859 63.147248472490105
39.5508 64.95795454687442
41.0156 66.75650143230716
42.4805 68.51400445061749
43.9453 70.20845818146023
45.4102 71.64914997554322
46.875 72.8264867822851
48.3398 74.01991967588845
51.2695 75.95952232690541
52.7344 76.72098696477286
54.1992 77.34435364100398
55.6641 77.93361855478491
58.5938 78.84404908917045
60.0586 79.28014860549231
62.9883 80.01461714487942
64.4531 80.29052578627477
67.3828 81.17885650516627
68.8477 81.32419729698795
71.7773 81.65775220277075
74.707 81.91174763847185
77.6367 82.08364979539655
79.1016 82.13922716830876
82.0312 82.31845308937437
84.9609 82.43760261774189
87.8906 82.47535373158465
90.8203 82.68244319383169
95.2148 82.89723237328636
98.1445 82.95869545991835
101.074 83.02620077392645
105.469 83.04996814599797
108.398 83.2847394510385
112.793 83.19405428128938
117.188 83.00564759104188
120.117 83.10009538518774
124.512 83.47435602573482
128.906 83.41982649617968
133.301 83.30957000919169
139.16 83.19167822640912
143.555 83.33991862541095
147.949 83.81648207920242
153.809 84.01276485020787
159.668 83.6736833726307
165.527 83.59631283731011
171.387 83.66736310864428
177.246 83.62360595239478
183.105 83.57431156562285
188.965 83.7231846758197
196.289 83.2636244608927
203.613 83.29516506515282
210.938 83.17985016074616
218.262 83.35433531358487
225.586 82.7308530527784
232.91 82.60566429243411
241.699 83.00599724300942
250.488 84.85368085980298
259.277 83.95941829174937
268.066 84.12613795064516
276.855 83.74168903644579
287.109 83.34326343616021
297.363 83.05252261640322
307.617 82.26467256348084
319.336 82.3911492255423
329.59 83.38705277181957
341.309 83.33475463221014
353.027 82.69488104292724
366.211 82.83080447341248
379.395 82.50889123985661
392.578 83.21094414230423
405.762 82.57675841354681
420.41 82.5989258222636
435.059 82.49722955236419
451.172 81.10603556890325
465.82 82.66941730549556
483.398 82.52384741645162
499.512 82.08657753871881
517.09 80.1278485980607
536.133 81.73465484397008
555.176 80.76918873775148
574.219 81.00673596431375
594.727 79.38864178456075
615.234 78.5977612625234
637.207 80.18781170227066
659.18 81.49223566907612
682.617 81.92063960834672
707.52 82.4931041465802
732.422 81.57881450500055
757.324 82.68548564091458
785.156 82.19180823145732
811.523 82.14452115145825
840.82 81.37474823575623
870.117 81.33903433206794
900.879 81.00647651296487
933.105 80.75415215053025
965.332 81.88846446950846
1000.49 81.90098825337449
1035.64 82.82180437654667
1072.27 82.28159407700485
1108.89 82.2182938624055
1148.44 82.44358443160758
1189.45 82.64941196747007
1230.47 81.07304552570731
1274.41 81.67607611063893
1319.82 81.34553930068505
1366.7 81.0664947022074
1413.57 81.27556524640461
1463.38 80.65595271756563
1516.11 80.41327207655753
1568.85 80.65409722750756
1624.51 80.37613423265478
1681.64 79.99761162490239
1741.7 79.99809893444328
1803.22 79.85986585036996
1866.21 79.32790034855485
1932.13 79.90902224272062
1999.51 79.95810435396578
2069.82 79.66540199779585
2143.07 78.69797494082655
2219.24 78.29802093038532
2296.88 78.8986998356156
2378.91 79.42855519203526
2462.4 80.6678114200394
2548.83 79.44279303460343
2639.65 78.19860805929716
2731.93 79.40873583808914
2828.61 79.88343352438415
2928.22 78.70214415535409
3030.76 79.81498021413115
3137.7 80.86360967489155
3249.02 81.12013774334997
3363.28 81.03351780016155
3481.93 80.88470166913011
3604.98 80.97925523288424
3732.42 80.92259419897613
3864.26 81.22520496177266
4000.49 81.24268475547927
4141.11 81.21274614487274
4287.6 80.91795785982768
4438.48 80.30798761566324
4595.21 80.40640543805571
4756.35 80.46138585815908
4924.8 80.69321366621644
5097.66 80.71067234291237
5277.83 81.0081669098502
5463.87 81.28775208388824
5657.23 81.07514729144191
5856.45 80.82564062407901
6062.99 80.38402856643492
6276.86 80.45019043391538
6498.05 80.454537397975
6726.56 80.19847186486979
6963.87 80.00323059968136
7209.96 79.8830009968281
7464.84 79.57824468368983
7727.05 79.09883640536243
7999.51 78.42891076949624
8282.23 77.8915156495892
8573.73 77.24583505408293
8876.95 76.20231091588663
9188.96 75.25113350489589
9514.16 74.42586597797805
9849.61 73.93669969764855
10196.8 73.5986373918725
10555.7 72.9519104877769
10927.7 72.34135098184693
11313.0 71.6536834030819
11712.9 70.84004648573675
12126.0 70.41742834186644
12553.7 69.16153441080908
12996.1 69.47514232065683
13454.6 68.55577462639691
13929.2 68.34668225244818
14419.9 68.12830108591078
14928.2 67.11319796891641
15455.6 65.98200829336247
16000.5 65.73920057963659
16564.5 65.42743141765801
17148.9 65.6797363691378
17752.4 65.74808921213534
18379.4 64.91223648890522
19026.9 63.002755890809155
19697.8 62.6274719147072
19999.5 62.774100282916464
