Freq "Floor Bounce"
20.5078 61.68095125448909
21.9727 64.00508786812136
23.4375 64.5129421931718
24.9023 65.23170743170091
26.3672 65.12044914555396
27.832 65.47056319220194
29.2969 65.22884738224607
30.7617 65.16551407508109
32.2266 65.61575905582747
33.6914 65.28081771062524
35.1562 65.33871337089076
36.6211 65.77782532130364
38.0859 66.54335463226097
39.5508 67.67923940748821
41.0156 68.97821467691705
42.4805 70.36033820253806
43.9453 71.78638188306661
45.4102 73.05718683085975
46.875 74.09687043524158
48.3398 75.24810666861141
51.2695 77.14872760384264
52.7344 77.91284259186924
54.1992 78.52825829131639
55.6641 79.12021379773988
58.5938 80.02260440371181
60.0586 80.44112498323773
62.9883 81.20265741668608
64.4531 81.50329144523022
67.3828 82.40727007624767
68.8477 82.5642861437088
71.7773 82.93168857040597
74.707 83.21339966825636
77.6367 83.41063437093689
79.1016 83.47499769812387
82.0312 83.66946966423846
84.9609 83.79246261876625
87.8906 83.84872800831607
90.8203 84.10326452111576
95.2148 84.32391305695084
98.1445 84.37972861365759
101.074 84.47148052786861
105.469 84.56547258344241
108.398 84.76686062206298
112.793 84.73761898532763
117.188 84.60029406203587
120.117 84.75695105154527
124.512 85.0181537691426
128.906 84.90850660289831
133.301 84.79046964947221
139.16 84.80826471812951
143.555 84.97211680036143
147.949 85.38965398126254
153.809 85.52489243027104
159.668 85.28113778773998
165.527 85.23469648231813
171.387 85.22677517059974
177.246 85.16269734493159
183.105 85.1332196931227
188.965 85.30545302855126
196.289 85.11994845800125
203.613 84.97950902779172
210.938 85.0890187727837
218.262 85.03424262173992
225.586 84.71716449738486
232.91 84.72769403707706
241.699 84.99375200452519
250.488 86.62821931845347
259.277 85.74155798450664
268.066 85.8655264476692
276.855 85.49000935613037
287.109 85.19151325791576
297.363 85.02164431465765
307.617 84.78603631508717
319.336 84.65138335075314
329.59 85.59023800470501
341.309 85.98071865614074
353.027 85.14436803131173
366.211 85.49573910832129
379.395 85.5606994638227
392.578 85.9054089699809
405.762 85.42460104930448
420.41 85.19816523754561
435.059 84.65673576578928
451.172 84.24723403366035
465.82 85.53912329031552
483.398 85.20760710373074
499.512 84.7959154096688
517.09 84.15052530777835
536.133 84.7684169857576
555.176 85.22427313835557
574.219 84.34045936547783
594.727 85.05288433354724
615.234 84.96830575399088
637.207 84.7181220930851
659.18 84.79056395640438
682.617 83.9278588336774
707.52 83.87588140828584
732.422 83.96104900569313
757.324 84.79806925292078
785.156 83.54055969935865
811.523 82.31069207672239
840.82 83.63716549730285
870.117 83.5604300419929
900.879 81.95009483762195
933.105 82.75277873945058
965.332 84.58631529264332
1000.49 84.52812028895451
1035.64 85.73375928356026
1072.27 86.8254732858388
1108.89 86.19845713323953
1148.44 85.9647718749641
1189.45 85.20727528696486
1230.47 84.98722149281369
1274.41 84.73685776653892
1319.82 85.52003890823592
1366.7 85.0875047616813
1413.57 85.71043019074743
1463.38 85.43510292180873
1516.11 85.43440701312818
1568.85 84.22886027017663
1624.51 84.47429851191391
1681.64 84.91943365200657
1741.7 84.77674658548044
1803.22 84.61111744900968
1866.21 83.81621155316599
1932.13 83.51245407282585
1999.51 83.35078464878202
2069.82 83.08421163280585
2143.07 82.38405636450986
2219.24 80.8310079306124
2296.88 80.90375497919429
2378.91 80.22765281137532
2462.4 79.28604065655006
2548.83 77.23240330846556
2639.65 77.50338786529474
2731.93 76.23142059496689
2828.61 74.64529230042912
2928.22 75.77479928372324
3030.76 76.4410044171368
3137.7 77.76618530077326
3249.02 79.12123773547172
3363.28 80.16327226896698
3481.93 81.12203322456492
3604.98 81.67735973036561
3732.42 82.03960148797051
3864.26 82.2003179773099
4000.49 82.69525523149602
4141.11 83.00928026983246
4287.6 83.05647754173539
4438.48 83.22057207306995
4595.21 83.4918482452896
4756.35 83.78526147102124
4924.8 83.79205018339817
5097.66 83.99635059460014
5277.83 83.6456456914087
5463.87 83.84742769074482
5657.23 83.90150227675134
5856.45 83.38294047296122
6062.99 83.45504889410014
6276.86 83.2755318884103
6498.05 83.2989042223086
6726.56 83.1559500361971
6963.87 83.48514771479444
7209.96 83.53065233653459
7464.84 83.59887058049895
7727.05 83.53386741629312
7999.51 83.2723079240669
8282.23 83.23056083532504
8573.73 82.98073003113238
8876.95 82.83541848271133
9188.96 82.72345047088812
9514.16 82.60918940176319
9849.61 82.4780051247991
10196.8 82.40635743154672
10555.7 82.26653737784287
10927.7 82.07136089728345
11313.0 82.04662290481146
11712.9 82.09564841811093
12126.0 82.05298935664207
12553.7 82.05159000170326
12996.1 81.84352584640388
13454.6 81.69183399684165
13929.2 81.65164470285461
14419.9 81.74479920579363
14928.2 81.35156568296694
15455.6 80.57647103783256
16000.5 79.46159101353246
16564.5 78.04259187722121
17148.9 77.09905528524106
17752.4 75.9458010784075
18379.4 74.6783484569919
19026.9 74.00608829074235
19697.8 72.74207720970861
19999.5 72.40515766396217
