Freq "Estimated In-Room Response"
20.1416 47.33922279866057
20.5078 39.83462116150305
21.2402 47.64904087892553
21.9727 47.19100797897654
22.7051 33.31874213737804
23.8037 52.456007689366444
24.5361 45.466709415337405
25.2686 32.71698355306954
26.3672 30.150941693665217
27.0996 38.318208297011054
28.1982 39.36246161185797
29.2969 34.16238082242309
30.0293 37.96555030836366
31.1279 50.18947126361907
32.2266 51.041241170892064
33.3252 52.981582378067245
34.79 51.96586876927678
35.8887 55.19656815841621
36.9873 57.305550480709385
38.4521 61.05157846053048
39.917 63.04486890078539
41.3818 66.53919431571708
42.8467 68.86860620988473
44.3115 70.55568931650413
45.7764 72.46199549707237
47.2412 74.34335552239094
49.0723 76.45561082367472
50.9033 78.53951566377806
52.7344 80.71518565836914
54.5654 82.30644828782324
56.3965 83.35189976112896
58.2275 83.99600063675311
60.4248 83.77649181868746
62.6221 83.48868751564424
64.8193 82.91941077975034
67.0166 82.66812474110309
69.2139 82.81118085054807
71.7773 83.07006769418267
74.3408 83.26026181292869
76.9043 83.5783408097878
79.834 83.82934763265703
82.3975 83.14093384810414
85.3271 82.36980357366129
88.2568 83.09498643652825
91.5527 83.96550405405189
94.8486 83.63720755136553
98.1445 82.89545331004344
101.44 83.28630387724014
105.103 82.7222160732063
108.765 82.72118633811282
112.793 83.1246694834752
116.455 82.53559652895261
120.85 82.4474262265204
124.878 82.21673413665233
129.272 81.72385764128497
134.033 81.07883297110676
138.794 80.36428785692777
143.555 79.89310316255215
148.682 80.59284572191079
153.809 80.07797139978753
159.302 79.94588485085879
164.795 79.74728347070858
170.654 79.57916062017739
176.88 79.39930044547167
183.105 79.09167644995927
189.331 78.83271642574934
196.289 78.69248057448573
202.881 78.68585989552854
210.205 79.3811227435073
217.529 79.2334135653087
225.22 79.00425470568146
233.276 79.41577657900304
241.333 79.21337847898452
250.122 79.33711394357367
258.911 79.70714403420732
268.066 80.11657285864618
277.222 79.7159089765915
287.109 78.8689527198582
297.363 78.71233991971084
307.617 79.72768010592057
318.604 79.52383712658083
329.956 80.2756292474627
341.675 79.80369485345906
353.394 80.19907262811773
365.845 79.98792106680064
379.028 79.95151320619087
392.212 80.95817963262775
406.128 81.33207811058396
420.41 81.63883847010527
435.425 80.6050241861042
450.806 80.36023595410477
466.553 81.50694166297318
483.032 81.52998151168384
499.878 80.18204283339885
517.456 81.77218638210077
535.767 81.0824835469473
554.81 81.70136412766418
574.219 81.42439662494958
594.727 81.1995294256628
615.601 81.64308999962324
637.207 81.14469129945576
659.912 79.38304490378148
682.983 79.60207153192114
707.153 79.67524192508809
732.056 78.57795830587543
757.69 79.59975399051628
784.424 78.43438275612442
812.256 78.5391499830194
840.82 79.05987307775861
870.483 79.47108399352459
901.245 80.40817799068174
933.105 80.43329053009785
966.064 78.9818485903466
1000.12 78.41252237625692
1035.28 78.15128547552428
1071.9 78.40544736780538
1109.62 78.9434545049081
1148.8 79.32587547602418
1189.09 79.92297077864941
1231.2 80.12247589866014
1274.41 80.4394328126327
1319.46 80.5148329429905
1365.97 81.24075226371907
1414.31 81.04298094402726
1464.11 80.52194789613527
1515.75 80.04652414788164
1569.21 79.46270408298388
1624.51 80.085824557392
1681.64 80.63949050915613
1740.97 81.62077783203196
1802.49 81.89883506931669
1866.21 81.15907668340483
1931.76 80.6766853662599
1999.88 80.26991721836758
2070.56 80.78992594325359
2143.43 81.50737116979687
2219.24 82.03826313134876
2297.24 81.15707704441608
2378.54 80.51143369406874
2462.4 81.94127061768138
2549.19 81.96766841238816
2638.92 83.12393318011199
2731.93 81.41741320571506
2828.25 80.85761651311107
2928.22 81.42580468834433
3031.49 82.6579894465038
3138.43 82.31010493747821
3249.02 81.45861142519578
3363.65 80.61678066763257
3482.3 82.00289365470293
3604.98 82.37525691599889
3732.06 81.70315104746133
3863.89 81.2461501791698
4000.12 80.91975596023036
4141.11 81.5878633045699
4287.23 80.13313395755314
4438.11 80.9482273009056
4594.85 80.99438935831905
4756.71 80.31638016602736
4924.44 80.7628080984138
5098.39 81.3588747906492
5278.2 80.29907059648819
5464.23 80.25745108167281
5656.86 80.21981646122218
5856.45 78.99321203798904
6062.99 79.31831103129339
6276.86 78.8782007537875
6498.05 78.1320286124938
6727.29 78.09268238307732
6964.23 77.92540023045329
7209.96 78.2122901237972
7464.11 77.76434849884332
7727.42 76.58953150495803
7999.88 76.94436749201485
8282.23 76.36152361674634
8574.1 78.37675238499209
8876.59 80.11509186970456
9189.7 79.84208423243103
9513.79 79.56525966265762
9849.24 80.04656210622703
10196.4 79.99263067765142
10556.0 79.5647038862587
10928.5 79.80714163259294
11313.7 80.16415039659097
11712.5 80.01908547888405
12125.6 79.57698505750493
12553.3 78.79713221959487
12996.1 77.99856765495703
13454.2 77.70862269970132
13928.8 76.85257536590642
14419.9 76.42485477515733
14928.6 76.36775830214162
15454.8 75.82274818114621
16000.1 74.83140161797657
16564.1 74.85573195646522
17148.2 77.48507822602792
17753.2 78.2328811044571
18379.0 76.44565391910803
19027.2 75.77508356154352
19698.5 71.55777905383965
19999.9 67.92096425387474
