Freq "Ceiling Bounce"
22.4 -8.09838949574332
23.0 -8.896972990425141
23.6 -6.976516026195739
24.0 1.6637905663792623
25.0 6.6060356170087715
25.8 12.770363136949143
26.5 18.802856132341432
27.2 21.37787926079649
28.0 22.154042472970858
29.0 24.7552461200698
30.0 22.96701662880473
30.7 19.023944765578577
31.5 17.4664082438709
32.5 17.270136673712884
33.5 22.137740139714012
34.5 26.702907524940926
35.5 30.29283288554639
36.5 29.34168204634689
37.5 28.30516524076866
38.7 28.59880765287086
40.0 32.859766363476055
41.2 37.25154291676303
42.5 38.785896396292614
43.7 37.988144535420346
45.0 38.18410023480847
46.2 42.704435280394065
47.5 49.44249866502501
48.7 56.074463464107865
50.0 59.24044631651098
51.5 55.53624926616364
53.0 51.53298561121615
54.5 53.56679914157898
56.0 55.96679914157896
58.0 57.254284331627005
60.0 58.951488086514345
61.5 61.1191908824383
63.0 63.05295688699822
65.0 64.9625045896593
67.0 67.12020458008139
69.0 69.14676233895034
71.0 71.24833788116591
73.0 73.44525717405831
75.0 75.4452571740583
77.5 77.4108940767341
80.0 79.44676233895034
82.5 81.2452571740583
85.0 83.27782179533142
87.5 85.21089407673409
90.0 86.7785774203328
92.5 88.14676233895035
95.0 89.24833788116591
97.5 90.18014146485325
100.0 90.88014146485324
103.0 91.48014146485325
106.0 91.64676233895034
109.0 91.913196153321
112.0 91.78163459014786
115.0 91.65056826173338
118.0 91.4505682617334
122.0 91.28163459014785
125.0 91.01703159263306
128.0 90.88400619450664
132.0 90.65295688699821
136.0 90.41703159263308
140.0 90.35295688699821
145.0 90.05295688699822
150.0 89.92605350454552
155.0 89.65911173107398
160.0 89.32929363730601
165.0 88.92640598311489
170.0 88.39636170683086
175.0 87.80484587347051
180.0 87.49995514901319
185.0 87.26679914157897
190.0 86.90484587347052
195.0 86.3377137751144
200.0 85.60484587347051
206.0 84.75425710609423
212.0 84.15404383089485
218.0 83.87012619972839
224.0 83.81995513784604
230.0 83.77739217087459
236.0 83.70250557037647
240.0 83.5877060868856
250.0 83.46308195015625
258.0 83.59551368693747
265.0 83.66308195015624
272.0 83.66308195015624
280.0 83.36308195015626
290.0 82.88281803550443
300.0 82.0811327023933
307.0 81.48257907435492
315.0 80.98708433842764
325.0 80.5422257817622
335.0 80.17186926820095
345.0 79.55145644435473
355.0 78.67813765311764
365.0 78.13549584085781
375.0 77.82412166343971
387.0 77.4665349357126
400.0 76.81188137495057
412.0 75.98773901755466
425.0 74.99313037527328
437.0 74.20146562922544
450.0 73.45129267543686
462.0 72.72812747646316
475.0 71.73440687443214
487.0 70.28729706884627
500.0 69.13632631529882
515.0 69.08348134790292
530.0 70.44831109582906
545.0 72.97892160075145
560.0 74.4555441315801
580.0 74.72295789151215
600.0 75.49394441178788
615.0 77.53367995584591
630.0 79.75276712130206
650.0 80.70482876848872
670.0 81.10754856894148
690.0 80.96616394752407
710.0 81.00978097505028
730.0 81.83362343293827
750.0 82.6377137751144
775.0 82.39636170683086
800.0 81.36393632587294
825.0 80.6049836411102
850.0 79.9393933510727
875.0 78.34660070618263
900.0 76.16531368625242
925.0 75.37815764884081
950.0 75.0457000427369
975.0 75.32641169381174
1000.0 74.4023270537942
1030.0 74.01703159263307
1060.0 72.37140138775767
1090.0 72.141443997836
1120.0 73.56918921885357
1150.0 75.12037606829075
1180.0 77.6286568355353
1220.0 79.4929208505562
1250.0 80.44024724202656
1280.0 80.0114448617996
1320.0 81.15653353703368
1360.0 83.53712445925574
1400.0 83.83615110584539
1450.0 83.85947548397569
1500.0 83.96531878246117
1550.0 83.70574374161289
1600.0 83.98313867472257
1650.0 84.57906274532233
1700.0 84.03470651915744
1750.0 83.62127973959481
1800.0 81.45564991396374
1850.0 80.42158556270397
1900.0 80.00687625843871
1950.0 77.8671372480448
2000.0 75.63539112156697
2060.0 76.13939531472097
2120.0 78.8461370321149
2180.0 78.49055078282102
2240.0 78.01277971479462
2300.0 79.25327342120003
2360.0 79.21811923443437
2400.0 77.89252518988621
2500.0 77.94870777450247
2580.0 76.29506150688697
2650.0 75.91144486179961
2720.0 77.98084390723255
2800.0 77.35425710609422
2900.0 78.93470330812345
3000.0 78.0377137751144
3070.0 77.8264059831149
3150.0 77.85911017378689
3250.0 77.69232330073648
3350.0 77.09420339526791
3450.0 77.09252518988622
3550.0 75.0406224586582
3650.0 75.9428127376564
3750.0 75.48675456481753
3870.0 76.34832229775064
4000.0 77.80498364111018
4120.0 77.62239836543466
4250.0 77.64024724202658
4370.0 75.83225020158811
4500.0 74.95349687038639
4620.0 73.58918439091438
4750.0 70.07222760844118
4870.0 67.53662848236537
5000.0 68.06564285023458
5150.0 71.49586573876819
5300.0 73.08791247665555
5450.0 71.8067743952108
5600.0 70.27239028377402
5800.0 70.02766461467782
6000.0 71.95306637588037
6150.0 70.29931064655422
6300.0 66.74613294715003
6500.0 62.28656276053054
6700.0 67.05327342120003
6900.0 67.59535874887004
7100.0 68.20785472005522
7300.0 64.48781942383782
7500.0 62.24914764660922
7750.0 68.24706767190484
8000.0 71.98972779661308
8250.0 72.17852627131963
8500.0 71.47833284638996
8750.0 72.85056826173339
9000.0 72.64269876274406
9250.0 73.4779729139725
9500.0 73.55947548397567
9750.0 72.29995911406871
10000.0 70.57989563420405
10300.0 69.60904346926363
10600.0 69.62234411077954
10900.0 69.7864568005521
11200.0 67.48814453542036
11500.0 66.76111481729065
11800.0 67.4303461463217
12200.0 65.48258089414703
12500.0 65.8286714897193
12800.0 63.34765851804751
13200.0 64.78654287960002
13600.0 64.18163459014785
14000.0 65.57715020437165
14500.0 64.8423469301908
15000.0 63.892594113741765
15500.0 64.490640102971
16000.0 65.239217423851
16500.0 65.89394992395442
17000.0 64.94405491042416
17500.0 65.02419497754848
18000.0 63.00402254111522
18500.0 62.22732126546417
19000.0 61.10251220443952
19500.0 59.354042472970846
20000.0 60.20776997630564
