Freq "Listening Window"
20.5078 56.17909621418542
21.9727 58.30687857101819
23.4375 57.62802099450485
24.9023 58.91772972927278
26.3672 59.51523647615734
27.832 60.029949161110494
29.2969 59.56664597237352
30.7617 59.106274330361856
32.2266 61.272194471231074
33.6914 61.215358249931015
35.1562 64.96666142819629
36.6211 71.301932595991
38.0859 70.00843654687256
39.5508 69.86982134327931
41.0156 72.15509162955819
42.4805 73.48801866694149
43.9453 74.78393334614145
45.4102 75.93513840614341
46.875 76.77574989218797
48.3398 76.95174348504844
51.2695 78.44387538487436
52.7344 78.89086696028119
54.1992 79.14296215130561
55.6641 79.3112523632215
58.5938 79.67221269279335
60.0586 79.71746877312704
62.9883 79.75166333241606
64.4531 79.74666876155233
67.3828 79.78649653340234
68.8477 79.70930859399519
71.7773 79.67952929171355
74.707 79.72934728414509
77.6367 79.77275123866366
79.1016 79.81802625475942
82.0312 79.94596711903178
84.9609 80.0413083087339
87.8906 80.17128520423474
90.8203 80.31872285371523
95.2148 80.25274943209135
98.1445 80.16734882732405
101.074 80.09898252982913
105.469 79.96143586452722
108.398 79.8354745833871
112.793 79.60834292791525
117.188 79.27684543282152
120.117 79.2311653935411
124.512 79.49102057399651
128.906 79.30618844620695
133.301 79.1839325183887
139.16 78.87785093754502
143.555 78.67517325196282
147.949 78.74889233134903
153.809 78.74440339459048
159.668 78.13165298802224
165.527 78.21076563522715
171.387 78.5776013895802
177.246 78.85515661578408
183.105 78.89563890639145
188.965 79.06031774599832
196.289 79.2919356373474
203.613 79.08745889760525
210.938 79.29800867463692
218.262 79.83472079992276
225.586 79.80027362253527
232.91 79.59216581082899
241.699 79.79121072978037
250.488 79.64080828200986
259.277 79.99893456627538
268.066 81.00174556487691
276.855 80.75675066361293
287.109 80.94397058911018
297.363 81.09774771526169
307.617 81.29627884646149
319.336 81.61309722315416
329.59 81.59943918919996
341.309 80.92608642904612
353.027 80.94875331241744
366.211 81.21198606883587
379.395 80.57983692528427
392.578 80.9042921849462
405.762 81.06569950188393
420.41 81.09979834808581
435.059 80.0053358045867
451.172 79.72395328450781
465.82 82.05641844365847
483.398 81.76009827875653
499.512 80.31855253129677
517.09 80.0347048677252
536.133 80.88012514492553
555.176 80.23655773543075
574.219 78.09826963478655
594.727 76.89798908301796
615.234 74.4706051819629
637.207 79.25025844752733
659.18 78.81128289796558
682.617 79.13324840074773
707.52 81.66879174673534
732.422 78.36313628021716
757.324 80.7409032321232
785.156 80.56801223021456
811.523 80.63120850193818
840.82 79.76659723659924
870.117 81.09430865213831
900.879 79.61187594890185
933.105 81.18714220029375
965.332 80.68878251247719
1000.49 79.70565228073686
1035.64 80.91012705941891
1072.27 79.74656629161439
1108.89 81.56669730333333
1148.44 80.14794285326883
1189.45 81.5278962672739
1230.47 79.81685617338222
1274.41 81.36699814825465
1319.82 78.53491394055452
1366.7 80.66854713875216
1413.57 80.1539846322274
1463.38 80.16739980337206
1516.11 80.89840331700842
1568.85 80.14858878268538
1624.51 80.23583596888015
1681.64 81.19956068123503
1741.7 80.14085345374234
1803.22 78.9902498270487
1866.21 79.41515824705382
1932.13 80.03873820795249
1999.51 79.37015521585072
2069.82 77.78252109922488
2143.07 77.63926987411378
2219.24 77.85403220959037
2296.88 79.25189410389879
2378.91 79.68925107104351
2462.4 79.3309419843998
2548.83 79.48198420693706
2639.65 79.37470821906246
2731.93 78.29393389072447
2828.61 78.2034166506067
2928.22 79.43363562118299
3030.76 79.23005408411773
3137.7 78.94090007669524
3249.02 79.18131334484775
3363.28 79.23912843008071
3481.93 79.24727289574732
3604.98 78.06731104796759
3732.42 77.76509018320274
3864.26 77.71911886239202
4000.49 78.68014402250077
4141.11 78.83981217045408
4287.6 78.63073026599153
4438.48 77.99410639149532
4595.21 77.75218210343324
4756.35 77.42683926028886
4924.8 77.51717107579768
5097.66 77.4100470558297
5277.83 77.07695817582538
5463.87 76.92827673891377
5657.23 77.01257265625443
5856.45 77.28300228715747
6062.99 77.15303178645455
6276.86 77.03902549429043
6498.05 77.26719858620619
6726.56 76.85901684543919
6963.87 75.58633193536711
7209.96 74.79110961439592
7464.84 74.6696033439077
7727.05 74.18279528703394
7999.51 74.01849984027092
8282.23 74.56711838859289
8573.73 74.65296291439152
8876.95 74.78206724010617
9188.96 75.3860251224269
9514.16 75.62792878159819
9849.61 76.14273102134999
10196.8 76.672464520026
10555.7 76.7562669816145
10927.7 76.90575610922156
11313.0 76.95745033463677
11712.9 77.31747728663795
12126.0 77.56664831991878
12553.7 78.05065626456103
12996.1 78.5426310746132
13454.6 78.62127331261532
13929.2 78.98766373354184
14419.9 79.50572837691399
14928.2 80.33016950913915
15455.6 81.44458503479625
16000.5 82.45510747836745
16564.5 83.22432282174624
17148.9 83.82630881591928
17752.4 84.08420549186496
18379.4 84.01232325501813
19026.9 85.05707136033156
19697.8 85.58629698421298
19999.5 85.30266154630282
