Freq "Sound Power DI"
20.5078 40.143145190780785
21.9727 40.2068393906614
23.4375 40.1853672057305
24.9023 40.277837839782705
26.3672 40.21434854792932
27.832 40.27059121057806
29.2969 40.319865162003396
30.7617 40.25179274350606
32.2266 40.37846432565999
33.6914 40.3961164581993
35.1562 40.28404412198108
36.6211 40.26043599314387
38.0859 40.26272376388896
39.5508 40.25610709597822
41.0156 40.27093173290065
42.4805 40.297646500319104
43.9453 40.31153025883201
45.4102 40.30894484032541
46.875 40.28080159712857
48.3398 40.28359996588068
51.2695 40.31869800274718
52.7344 40.30369552417939
54.1992 40.30528340500808
55.6641 40.30547747114555
58.5938 40.32579454354183
60.0586 40.330471616360754
62.9883 40.34097165183536
64.4531 40.34679597726905
67.3828 40.33283348309631
68.8477 40.317884643696814
71.7773 40.319959445146665
74.707 40.31666335034555
77.6367 40.32578489196423
79.1016 40.32432031416589
82.0312 40.31873906125257
84.9609 40.32724000315528
87.8906 40.32639260887129
90.8203 40.33094694382294
95.2148 40.3539348494714
98.1445 40.368931932856185
101.074 40.38831287214896
105.469 40.38842140088252
108.398 40.383327950740835
112.793 40.37765496947621
117.188 40.40773305687202
120.117 40.422072774977295
124.512 40.42410225025591
128.906 40.473949545910315
133.301 40.4873897297643
139.16 40.47336515029228
143.555 40.487053193478445
147.949 40.55493604282236
153.809 40.56403930637897
159.668 40.497051261116
165.527 40.60909424948055
171.387 40.67200178342836
177.246 40.7104423568377
183.105 40.67865216416399
188.965 40.68428573982885
196.289 40.66345468524325
203.613 40.81877499159998
210.938 40.887684858040075
218.262 40.89245396292162
225.586 40.79390102727339
232.91 41.04408470468849
241.699 41.05611784424319
250.488 41.30177000818932
259.277 41.23346634840176
268.066 41.09497658493183
276.855 41.48763243223796
287.109 41.53711843605724
297.363 41.7722008299164
307.617 41.28152880945092
319.336 41.76387808243523
329.59 41.8292998477601
341.309 41.91613726592354
353.027 42.38008434237884
366.211 42.00156026549678
379.395 42.497849522867924
392.578 42.30783288018833
405.762 42.324104441570796
420.41 42.795061758138644
435.059 42.74436128021803
451.172 42.76377593292922
465.82 42.78180638721112
483.398 43.21718255270393
499.512 43.04376861221867
517.09 43.25497583218541
536.133 43.29291818140929
555.176 43.36087678716815
574.219 43.58275566465012
594.727 43.531984649114875
615.234 43.87844943250735
637.207 43.65862300203693
659.18 43.4078756571822
682.617 43.60866068984923
707.52 43.935918171618624
732.422 43.62789755217
757.324 43.88962241226167
785.156 43.99294513146826
811.523 43.95834739562615
840.82 44.21079762999038
870.117 44.338106400095384
900.879 44.39291508808482
933.105 45.247053221808216
965.332 45.12432201939576
1000.49 45.59807262154759
1035.64 45.74339865547938
1072.27 46.10023469806086
1108.89 46.419235533935606
1148.44 46.54192126718513
1189.45 46.71877508203707
1230.47 46.84154178606882
1274.41 47.12080035075867
1319.82 47.295463255932674
1366.7 47.41570176407964
1413.57 47.44694571042841
1463.38 47.22587950895107
1516.11 47.404787256351796
1568.85 47.51304246264195
1624.51 47.41392872597383
1681.64 47.75031284399094
1741.7 47.51756967259723
1803.22 47.44453403824565
1866.21 47.13312322724383
1932.13 47.01198927786159
1999.51 47.13585125295778
2069.82 47.531691397594685
2143.07 47.73086662632531
2219.24 47.4454104507049
2296.88 47.20433523463009
2378.91 47.47979892930343
2462.4 47.47988919660848
2548.83 47.01461166802403
2639.65 47.11667037811711
2731.93 46.975749008906774
2828.61 47.03768881421284
2928.22 46.933294178364804
3030.76 47.28196903083993
3137.7 47.322417593596086
3249.02 47.62986669980931
3363.28 47.5159137224538
3481.93 47.68691440322195
3604.98 47.60101863574866
3732.42 47.918477794746565
3864.26 47.712230421748
4000.49 47.816599342101085
4141.11 47.79514457773821
4287.6 47.98284313616044
4438.48 48.08112710180801
4595.21 48.24657868636197
4756.35 48.36488726073263
4924.8 48.28973085230939
5097.66 48.36605563737517
5277.83 48.214822108925404
5463.87 48.346032565391596
5657.23 48.431772740321165
5856.45 48.59081232714156
6062.99 48.74058707889188
6276.86 48.71970419446308
6498.05 48.732104104579506
6726.56 48.57481089724328
6963.87 48.21425688976284
7209.96 47.64671336221578
7464.84 46.861329128812386
7727.05 46.61719323440522
7999.51 47.10269122407891
8282.23 47.693534788482964
8573.73 48.25879950037516
8876.95 48.764318601766035
9188.96 49.07646181046995
9514.16 49.263704866173555
9849.61 49.31308735583616
10196.8 49.20360278476538
10555.7 48.89430996462464
10927.7 48.4046192337219
11313.0 48.048285534158836
11712.9 48.0551034877694
12126.0 48.17090216229656
12553.7 48.43208002980572
12996.1 48.44441385776747
13454.6 48.5504848978333
13929.2 49.15471507700602
14419.9 49.97952853906246
14928.2 50.607657957371316
15455.6 50.85931990329337
16000.5 51.05019268035838
16564.5 51.17765444097948
17148.9 51.096086722864754
17752.4 51.03245364462542
18379.4 51.373438566555734
19026.9 51.853985584014936
19697.8 52.14560152562984
19999.5 52.1605794729459
