Freq "Sound Power DI"
20.5078 39.33834906390183
21.9727 39.41512464781482
23.4375 39.47191062137716
24.9023 39.71278769711611
26.3672 39.73680696447366
27.832 39.82231027101332
29.2969 39.61921357626527
30.7617 39.83162096362099
32.2266 39.95396140369904
33.6914 39.85775270862786
35.1562 39.765736206223934
36.6211 39.960317567162605
38.0859 39.985824807383295
39.5508 40.073446218499086
41.0156 40.09263994250753
42.4805 40.119140194618026
43.9453 40.14840578658226
45.4102 40.15269821016811
46.875 40.15338601374354
48.3398 40.177602239000564
51.2695 40.26206937789705
52.7344 40.26743704509238
54.1992 40.274652623301776
55.6641 40.27775060622746
58.5938 40.29240081025277
60.0586 40.28854307132626
62.9883 40.29576105354788
64.4531 40.3151622466025
67.3828 40.32839581388842
68.8477 40.32094725313007
71.7773 40.32118803822583
74.707 40.32706415718661
77.6367 40.33503520634335
79.1016 40.3361485205381
82.0312 40.34002637212022
84.9609 40.348209625488835
87.8906 40.359633762920694
90.8203 40.39800972858063
95.2148 40.410953675880364
98.1445 40.415597545460045
101.074 40.43356051985259
105.469 40.46998383374134
108.398 40.458792103763344
112.793 40.44638092687009
117.188 40.46417263136985
120.117 40.52884009896704
124.512 40.51974243796934
128.906 40.54813832880663
133.301 40.59616237150236
139.16 40.573310560847204
143.555 40.60421023988873
147.949 40.65144666189882
153.809 40.701676760740895
159.668 40.67120748823963
165.527 40.71377700678009
171.387 40.87290608150113
177.246 40.82630435363184
183.105 40.83384087497966
188.965 40.90580176465353
196.289 40.87521955558053
203.613 41.10243164115694
210.938 41.18218221003673
218.262 41.118532799963646
225.586 40.99538157447404
232.91 41.253922365699
241.699 41.430312858862834
250.488 41.537610216251025
259.277 41.74803972958486
268.066 41.384225052744696
276.855 41.63033133979735
287.109 41.693727881198015
297.363 42.02973852740726
307.617 41.48589110217368
319.336 41.79385451250886
329.59 41.802957639340974
341.309 42.25608128596501
353.027 42.59795468203362
366.211 42.366627217726304
379.395 42.41225475292484
392.578 42.92244871934888
405.762 42.57233165518363
420.41 42.67093198966229
435.059 42.6902936406473
451.172 42.8469023862026
465.82 42.860535247520815
483.398 42.918959837658946
499.512 42.9469040753993
517.09 42.806642736860766
536.133 42.84255648239733
555.176 42.8151737276675
574.219 43.32183498362832
594.727 43.1496382218849
615.234 43.02930093504584
637.207 42.12198163926833
659.18 41.846160666758394
682.617 43.21287522364591
707.52 43.999571456226306
732.422 43.637012589550835
757.324 43.77707704750014
785.156 43.527903947813144
811.523 41.40744360755414
840.82 36.44508515939256
870.117 42.88261509334795
900.879 44.75394824319292
933.105 45.3088155950128
965.332 45.329900577171784
1000.49 45.31702577001762
1035.64 45.42509572949875
1072.27 45.444025112499645
1108.89 45.781528026143235
1148.44 45.91946825481837
1189.45 46.09276373603251
1230.47 46.082326594019136
1274.41 46.43069442652194
1319.82 46.80897285810414
1366.7 47.15391644731005
1413.57 47.244071341438215
1463.38 46.198431492382284
1516.11 45.16433263420525
1568.85 44.91114490434968
1624.51 44.33938862186153
1681.64 43.621676154526114
1741.7 45.554525319554045
1803.22 46.96052357106183
1866.21 47.43316035828124
1932.13 47.56331772176475
1999.51 46.79918448771929
2069.82 43.80606540259521
2143.07 43.802007971303425
2219.24 46.119337673751716
2296.88 45.644775730872695
2378.91 45.4980436992891
2462.4 45.31843786400029
2548.83 44.95541860001491
2639.65 45.913990581574296
2731.93 46.117630612075274
2828.61 45.813637465525716
2928.22 45.4980673085028
3030.76 45.402104162866834
3137.7 45.24704218943272
3249.02 45.597691826971015
3363.28 45.64161032324097
3481.93 45.70914680499959
3604.98 45.2496262598129
3732.42 45.47365866643101
3864.26 45.52702827944236
4000.49 45.579356074089205
4141.11 45.580910383670016
4287.6 45.597971924714926
4438.48 45.950873993771864
4595.21 45.75955343608618
4756.35 45.533191356880366
4924.8 45.49481027243935
5097.66 45.63934084086621
5277.83 45.87944217342064
5463.87 46.263408177600084
5657.23 46.5235981867844
5856.45 46.52304203126843
6062.99 46.83024083011733
6276.86 46.75179315012453
6498.05 46.60960785732934
6726.56 46.350746360294664
6963.87 46.26625700504695
7209.96 46.40393182682713
7464.84 46.729958192072814
7727.05 46.753081244242225
7999.51 46.68403026566709
8282.23 46.7283175931006
8573.73 46.909815750605105
8876.95 47.18761758000113
9188.96 47.38478767617944
9514.16 47.574563528345294
9849.61 47.83724005902478
10196.8 48.10209864270669
10555.7 48.38121587535187
10927.7 48.53636168685047
11313.0 48.8630486418014
11712.9 49.15827970047502
12126.0 49.50648930062262
12553.7 49.836437917735964
12996.1 50.14384563510153
13454.6 50.35295169565801
13929.2 50.51219125021312
14419.9 50.6041746670857
14928.2 49.73689757096096
15455.6 51.12954317712432
16000.5 51.42302012811028
16564.5 51.54793461534206
17148.9 51.74000850720559
17752.4 51.89413675379913
18379.4 52.02656348605305
19026.9 52.23632480552371
19697.8 52.50793181364659
19999.5 52.61059999114096
