Freq "Sound Power"
20.5078 41.00327735482945
21.9727 45.998490946125585
23.4375 48.389643468512546
24.9023 49.32507955143582
26.3672 53.73773339362016
27.832 57.44700763481855
29.2969 58.24821263189402
30.7617 59.51869103118882
32.2266 61.11365403071524
33.6914 63.26867544408263
35.1562 65.01440527197782
36.6211 66.21235494742406
38.0859 66.25529890094312
39.5508 67.31125979866397
41.0156 68.63668356413778
42.4805 70.23084545408096
43.9453 71.15330196877979
45.4102 72.03147349595791
46.875 72.80309025685476
48.3398 73.53029624501964
51.2695 74.6334013250555
52.7344 75.03149577405038
54.1992 75.54989299957639
55.6641 76.1146604904215
58.5938 77.22544482823476
60.0586 77.64058711798108
62.9883 78.38923316688881
64.4531 78.62507519008511
67.3828 79.1026311452592
68.8477 79.27127887175787
71.7773 79.86815986485256
74.707 80.56499353180295
77.6367 80.90276576952142
79.1016 81.07715671177773
82.0312 81.7789066503408
84.9609 82.34697612711386
87.8906 82.53778133559256
90.8203 83.0162128982424
95.2148 83.66663430074816
98.1445 83.92019796018077
101.074 84.19410099926642
105.469 84.84046794213484
108.398 85.03974380551362
112.793 85.52265995899096
117.188 85.83555378423212
120.117 85.96698247575235
124.512 86.54251718995516
128.906 86.80361843595001
133.301 87.0476283445732
139.16 87.31006581001053
143.555 87.50138760688002
147.949 87.583043277782
153.809 87.63124344853088
159.668 87.80056481147857
165.527 87.81679236400508
171.387 87.79306093393926
177.246 87.695367373726
183.105 87.62758065093773
188.965 87.47346977746972
196.289 87.38151928057563
203.613 87.17917430379636
210.938 87.01103568392882
218.262 86.8290883988835
225.586 86.59702647746367
232.91 86.29851071223656
241.699 86.04294081952361
250.488 85.87453331945393
259.277 85.71571247691121
268.066 85.46683524044468
276.855 85.3685395542769
287.109 85.1582746315894
297.363 84.93215941950587
307.617 84.6845751178448
319.336 84.47284573400528
329.59 84.2479749916693
341.309 84.07054825521048
353.027 83.90866785914965
366.211 83.77030085129876
379.395 83.7239770512601
392.578 83.36605730479471
405.762 83.17516504492768
420.41 83.23755766927582
435.059 83.06966550562446
451.172 82.86753796995029
465.82 82.67448639606273
483.398 82.54469434300674
499.512 82.63182151645385
517.09 82.42769355481788
536.133 82.03698754411498
555.176 82.15526943633277
574.219 82.28211809660745
594.727 82.08574793421052
615.234 82.01871783752495
637.207 82.04487847481707
659.18 81.94618904217316
682.617 81.89050279649659
707.52 81.78736744489761
732.422 81.52036582197557
757.324 81.40897498294571
785.156 81.23243722173547
811.523 81.53467860674269
840.82 81.33195535213504
870.117 81.2562490354065
900.879 81.66909837743944
933.105 82.6725928870476
965.332 83.5838281826072
1000.49 82.76396933480562
1035.64 83.63421239867695
1072.27 83.17513572864391
1108.89 85.44188839636683
1148.44 82.98575940753074
1189.45 83.78625933783128
1230.47 83.1042589623517
1274.41 83.01877555785573
1319.82 82.56980557486122
1366.7 85.13360705176922
1413.57 83.85456932223842
1463.38 83.96643221912383
1516.11 83.53308511501116
1568.85 83.33716945731177
1624.51 84.18462560649701
1681.64 82.34117252589954
1741.7 82.12993962167792
1803.22 81.44480411958163
1866.21 81.12640234920225
1932.13 79.99341245440782
1999.51 78.99003408102621
2069.82 79.03453011847274
2143.07 78.74106402546981
2219.24 78.60972269661531
2296.88 79.42785858241889
2378.91 79.59214284471001
2462.4 78.94993121189438
2548.83 79.70992376006117
2639.65 80.19731960536083
2731.93 79.8305783812117
2828.61 80.42290500771514
2928.22 81.27427670883718
3030.76 81.1149914288816
3137.7 80.86053152701434
3249.02 81.18549076919943
3363.28 81.33828823041829
3481.93 81.2992965155613
3604.98 81.08409340753616
3732.42 81.46909737309271
3864.26 81.47872254104432
4000.49 81.90436273215523
4141.11 81.87452866485992
4287.6 81.88956238800269
4438.48 82.26601253062435
4595.21 82.86731606060192
4756.35 82.92890965021839
4924.8 83.06678118096637
5097.66 83.19108986240742
5277.83 82.93473050786862
5463.87 83.24808132458169
5657.23 82.93712334222543
5856.45 83.01948172915297
6062.99 82.97609495826843
6276.86 82.9379036897769
6498.05 83.00915687157371
6726.56 83.0574707375613
6963.87 83.33409482054877
7209.96 83.30156572205426
7464.84 83.2934051487211
7727.05 83.16660418842346
7999.51 83.0784000437311
8282.23 82.81864002585353
8573.73 82.54428384060814
8876.95 82.36883967225315
9188.96 82.12098092902741
9514.16 81.77105172529721
9849.61 81.42644687677081
10196.8 81.1424509207746
10555.7 80.9056020608097
10927.7 80.49381003006994
11313.0 80.00449055810383
11712.9 79.87772451369736
12126.0 79.5616499614203
12553.7 79.30648666776159
12996.1 79.1854093565655
13454.6 79.04049398936442
13929.2 78.76315703142198
14419.9 78.65977160583843
14928.2 78.55901912430231
15455.6 78.3052035171752
16000.5 77.90091058495516
16564.5 77.4236303916407
17148.9 76.87307027950497
17752.4 76.4240775610944
18379.4 76.06223835902186
19026.9 75.71491400007142
19697.8 75.29122952208301
19999.5 75.17462249923183
