Freq "Early Reflections DI"
22.4 40.883770763271514
23.0 41.61177038148685
23.6 42.57572860208231
24.0 41.58741665264213
25.0 40.39882421393264
25.8 39.10467890980911
26.5 37.44930365453797
27.2 37.86227328152694
28.0 38.79767843167079
29.0 39.73446766723873
30.0 40.655630179704445
30.7 40.67955504987174
31.5 40.65517552144692
32.5 40.63405268286081
33.5 40.79779314884897
34.5 40.89256159682458
35.5 40.791721006479705
36.5 40.03588509019664
37.5 39.593677438100244
38.7 39.581044102718764
40.0 40.34361035841886
41.2 40.76159793023179
42.5 40.64676926802301
43.7 40.279455542695246
45.0 39.93192361212718
46.2 39.47404047539527
47.5 39.150090274434234
48.7 39.88230422609931
50.0 40.91631932543427
51.5 41.54438768664946
53.0 41.62337234754378
54.5 41.50190563541652
56.0 41.43099994975397
58.0 41.280220530789464
60.0 41.20577495786537
61.5 41.13557059225769
63.0 41.11919987399479
65.0 41.115118440942794
67.0 41.05534500744966
69.0 40.94776293297224
71.0 40.806321434934986
73.0 40.60858625750603
75.0 40.44872113012103
77.5 40.343601741389236
80.0 40.24506446280445
82.5 40.20783680899474
85.0 40.20968132523424
87.5 40.21486600835115
90.0 40.18412446822926
92.5 40.18644004644317
95.0 40.22793887298731
97.5 40.26717825278482
100.0 40.468876375380134
103.0 40.55249608333877
106.0 40.62417388334241
109.0 40.75480039582388
112.0 40.77014953069066
115.0 40.76278586164986
118.0 40.767035071460754
122.0 40.73793801328314
125.0 40.73163615754571
128.0 40.71856264805038
132.0 40.72165591812913
136.0 40.81694179572973
140.0 40.871401182076
145.0 40.96942834729117
150.0 41.030965676115514
155.0 41.14871817812249
160.0 41.205654595029955
165.0 41.27037523925189
170.0 41.26364507613849
175.0 41.27433347781081
180.0 41.302362822541056
185.0 41.34227510362243
190.0 41.49637969550271
195.0 41.66190205376881
200.0 41.79502493525874
206.0 41.89343968175061
212.0 41.940343599431486
218.0 41.98606792190937
224.0 42.041915973165885
230.0 42.14861376979336
236.0 42.19930530625754
240.0 42.246752262440864
250.0 42.219259047251484
258.0 42.176606267659366
265.0 42.114536547162515
272.0 42.10379083441586
280.0 42.1842758032312
290.0 42.26943491289529
300.0 42.441887501018655
307.0 42.54976595124029
315.0 42.57013995524929
325.0 42.752970991665066
335.0 42.85859291485593
345.0 42.58540526939842
355.0 42.83080711926533
365.0 42.896238533658575
375.0 43.00476241809011
387.0 42.98155032522237
400.0 42.999500777074545
412.0 43.04830583654092
425.0 43.35452814072541
437.0 43.38863804318416
450.0 43.41359050291739
462.0 43.2285349994923
475.0 43.006432363872136
487.0 43.06997772447377
500.0 43.20502394161868
515.0 43.295555035698214
530.0 43.14447133571538
545.0 42.80934199548928
560.0 42.34220621955096
580.0 42.653803703448034
600.0 43.87458640161904
615.0 43.81876618286711
630.0 43.74302858419968
650.0 43.685118495905286
670.0 43.477753269851576
690.0 43.46880560940494
710.0 43.144141369138865
730.0 42.43219015572724
750.0 42.04301913462173
775.0 42.348542691256654
800.0 42.594468107555755
825.0 43.05537941533632
850.0 43.33822567750326
875.0 43.62403509533185
900.0 43.990181546809495
925.0 44.12000424755031
950.0 44.09543808778986
975.0 44.173419404788135
1000.0 44.2245100364825
1030.0 43.51167141542591
1060.0 42.89036853603555
1090.0 43.03760215174145
1120.0 43.58595473877644
1150.0 44.573152451823006
1180.0 45.01971253185103
1220.0 45.19183487413903
1250.0 44.92258551548967
1280.0 44.86028482176418
1320.0 44.635770623267376
1360.0 44.29513899459346
1400.0 43.866810333311136
1450.0 43.86224344616262
1500.0 43.849030361557226
1550.0 43.88238767977856
1600.0 44.00214117435671
1650.0 44.16509158542124
1700.0 44.365123580998
1750.0 43.44254744563591
1800.0 43.627892089997914
1850.0 43.8388377270835
1900.0 43.59450838813784
1950.0 43.44031570583081
2000.0 43.79835473048314
2060.0 43.75291284999828
2120.0 43.58910386459684
2180.0 43.73787486613682
2240.0 43.97733485620816
2300.0 43.95127911229878
2360.0 43.66362648541953
2400.0 43.53643827737203
2500.0 43.60876272424852
2580.0 43.72977499756378
2650.0 43.81571487654807
2720.0 44.08856280028981
2800.0 44.30421565320438
2900.0 44.287372095244436
3000.0 44.33121780806806
3070.0 44.44647838842738
3150.0 44.30074902249339
3250.0 44.49034449717226
3350.0 44.432266265103664
3450.0 44.45858804978849
3550.0 44.32963116633461
3650.0 44.50962855407134
3750.0 44.74944847435701
3870.0 45.16727407476775
4000.0 45.29072049836802
4120.0 45.344168883469635
4250.0 45.30187163258702
4370.0 45.22600910978615
4500.0 45.16826951781512
4620.0 45.03055864419994
4750.0 45.22207456071055
4870.0 45.594360714322676
5000.0 45.801824268596675
5150.0 45.670356825169264
5300.0 45.63062397652837
5450.0 45.41967496716421
5600.0 45.44775493779183
5800.0 45.558459795795656
6000.0 45.268057296727065
6150.0 45.08726543048061
6300.0 45.323603683720904
6500.0 45.90814298182603
6700.0 45.99507517804089
6900.0 45.67573844122971
7100.0 45.48619448122699
7300.0 45.53889894309849
7500.0 45.34988526168502
7750.0 45.043850831813046
8000.0 45.25269346041412
8250.0 45.3580797525661
8500.0 45.55330546487677
8750.0 45.723985974298316
9000.0 45.69512137172511
9250.0 46.01452297059305
9500.0 46.16391702846937
9750.0 46.045214038223236
10000.0 46.57633126323425
10300.0 46.12061843968603
10600.0 45.76489500887297
10900.0 46.41519690496915
11200.0 45.76560218519941
11500.0 45.921013452145175
11800.0 45.85141878580248
12200.0 45.89152537229326
12500.0 45.68831514387101
12800.0 45.15229567092244
13200.0 45.30006194867251
13600.0 45.67999991410896
14000.0 45.05587496582386
14500.0 45.41304702227876
15000.0 45.26964063385449
15500.0 45.34165740001883
16000.0 45.722619055913526
16500.0 44.87475990630503
17000.0 45.45522781443255
17500.0 45.89061421025161
18000.0 45.59141170666001
18500.0 45.98641885537455
19000.0 46.34002846119161
19500.0 45.82668338838063
