Freq "Estimated In-Room Response"
20.5078 49.34801117121884
21.9727 48.812779319591414
23.4375 51.55464178317405
24.9023 50.145253066330866
26.3672 51.77619055597688
27.832 50.51985595294974
29.2969 51.642285345342685
30.7617 53.37979678060455
32.2266 54.85492785930056
33.6914 56.31116131292352
35.1562 57.017429861031644
36.6211 58.02101992730516
38.0859 59.26736021549219
39.5508 60.86711445293267
41.0156 61.736274422121056
42.4805 62.86687849830082
43.9453 63.92088249296138
45.4102 64.78517822206882
46.875 65.80370895021946
48.3398 67.19093024710789
51.2695 68.34740742470098
52.7344 69.2393590051603
54.1992 70.03070533337336
55.6641 70.71029389471786
58.5938 71.97759735726244
60.0586 72.54009155537177
62.9883 73.73452142259497
64.4531 74.312796476518
67.3828 75.16074797606339
68.8477 75.54463994143921
71.7773 76.46313796011295
74.707 77.1615176571597
77.6367 77.62000648690305
79.1016 77.84145460559532
82.0312 78.2728486420904
84.9609 78.43234162642433
87.8906 78.56512237323898
90.8203 78.66194436751945
95.2148 78.49748903401613
98.1445 78.33132850724147
101.074 78.20137434377041
105.469 77.96604909593057
108.398 77.68296164584551
112.793 77.45673160431144
117.188 77.07132815112583
120.117 76.87974414046408
124.512 76.86280932653096
128.906 76.6021709701466
133.301 76.38904905868995
139.16 75.97518382453553
143.555 75.79132166650264
147.949 75.64097313953162
153.809 75.48913844725752
159.668 74.93280658571658
165.527 74.67081597569558
171.387 74.43512650368922
177.246 74.76798361356794
183.105 74.5395971585991
188.965 74.51329737034669
196.289 74.36035538915036
203.613 74.03913150584218
210.938 73.89681260740116
218.262 73.829548509533
225.586 73.98076504514046
232.91 73.58509863670923
241.699 73.48185336341425
250.488 73.17280998290457
259.277 73.37588909138947
268.066 73.82321759878586
276.855 73.51430749173751
287.109 73.15675177495764
297.363 73.3067864628349
307.617 73.47132019497035
319.336 72.90035619042878
329.59 72.63996891669571
341.309 72.25754462038786
353.027 73.00970634379483
366.211 73.8662674391594
379.395 73.50923562732692
392.578 73.44135173881409
405.762 73.3778285439011
420.41 73.15487407427945
435.059 73.26396691359926
451.172 73.14407609758803
465.82 73.12734129938231
483.398 73.1579412717244
499.512 73.3488826269402
517.09 73.08550162087849
536.133 73.2323308082951
555.176 73.02901838571381
574.219 73.00523544253232
594.727 73.33575154097537
615.234 73.24460098528868
637.207 73.44182816131672
659.18 73.12899366438654
682.617 72.7810597157974
707.52 73.03701987718952
732.422 73.51888787068832
757.324 74.06281519433456
785.156 74.15839897454883
811.523 73.97768134889657
840.82 74.28750922101999
870.117 73.73215871814902
900.879 73.85402249048961
933.105 75.28516085495883
965.332 75.82228194083802
1000.49 75.5748519793425
1035.64 75.71271186532073
1072.27 75.71095922621653
1108.89 75.70311771743009
1148.44 76.41254965898588
1189.45 76.12106956378115
1230.47 75.45177708145147
1274.41 75.20894828850956
1319.82 75.18182719579268
1366.7 75.31731324886141
1413.57 74.88001127945829
1463.38 74.618681054148
1516.11 75.7490042440273
1568.85 76.45990365839818
1624.51 76.4780651608517
1681.64 75.87986217163811
1741.7 75.55267084382673
1803.22 76.34007323778033
1866.21 76.84799515851346
1932.13 76.17724369680869
1999.51 76.20500229189429
2069.82 76.74721517106886
2143.07 76.4867982536262
2219.24 76.21433946825071
2296.88 76.473520080694
2378.91 76.8432257291523
2462.4 76.27510026090052
2548.83 76.14688575234085
2639.65 75.60860463869687
2731.93 74.9854850807274
2828.61 74.823666220696
2928.22 74.13328452985711
3030.76 73.46240173426509
3137.7 72.88970359106398
3249.02 72.23436352383041
3363.28 71.80280913436242
3481.93 71.08451020674012
3604.98 70.8829966029553
3732.42 70.40507811421345
3864.26 71.01671974133521
4000.49 71.20909747766302
4141.11 72.36273130444192
4287.6 72.69918218071075
4438.48 73.01997316146664
4595.21 72.54569356208304
4756.35 72.13987933341738
4924.8 72.03755849052502
5097.66 71.90714023941598
5277.83 71.73930366840702
5463.87 71.82365575571174
5657.23 71.54128976263598
5856.45 71.30076319737182
6062.99 71.23261383985303
6276.86 70.96332008455244
6498.05 70.766047133721
6726.56 70.46023711212965
6963.87 70.12751728811355
7209.96 70.00277935739402
7464.84 70.00155795027852
7727.05 70.07648943045638
7999.51 70.2063352954417
8282.23 70.31239016549162
8573.73 70.38356714134392
8876.95 70.4708274206942
9188.96 70.48427868370199
9514.16 70.42449818444109
9849.61 70.3561641946937
10196.8 70.50325193622722
10555.7 70.69757216513767
10927.7 70.87974448554746
11313.0 70.94506861895971
11712.9 70.85319386393253
12126.0 70.68392484641565
12553.7 70.52791830566215
12996.1 70.57257948683221
13454.6 70.69601806519069
13929.2 70.82297930318873
14419.9 71.04889993615305
14928.2 71.59316327222348
15455.6 72.17005288611176
16000.5 72.47574468726415
16564.5 72.5198101351456
17148.9 72.23447691117389
17752.4 71.8594023675308
18379.4 71.6502920210366
19026.9 71.78236806017676
19697.8 71.52436420592424
19999.5 71.25616967218421
