Freq "Rear Wall Bounce"
22.4 -13.55917537197351
23.0 -9.53563774877452
23.6 -2.2813183220888504
24.0 0.805209217902501
25.0 1.114182114705386
25.8 1.505565213221729
26.5 1.825282623646956
27.2 1.1435318644640802
28.0 0.9310212054050453
29.0 0.9979724697591053
30.0 1.9837842150874678
30.7 5.3650552974622485
31.5 9.637633983605582
32.5 15.920929056726749
33.5 15.31316834084899
34.5 14.803929070805538
35.5 15.515567661391202
36.5 19.46621297678564
37.5 23.741189766344178
38.7 27.00766387659266
40.0 27.161514761384723
41.2 26.19098822442703
42.5 27.05608000371464
43.7 30.308983963344076
45.0 33.36562784511787
46.2 34.57196907244719
47.5 37.73871923756869
48.7 44.872079133326736
50.0 49.21365310563138
51.5 50.578608198925465
53.0 48.716115166873806
54.5 45.52631033478022
56.0 46.474579837927934
58.0 49.21351267539494
60.0 51.01737136514342
61.5 52.25882132651277
63.0 53.26750937896074
65.0 54.29381242017597
67.0 55.59467795641848
69.0 56.83173025971621
71.0 58.05614350147542
73.0 59.641264856191455
75.0 60.775690973582996
77.5 61.638237802901784
80.0 62.50844421208335
82.5 63.13366532380415
85.0 63.78254273799581
87.5 64.37385618785385
90.0 64.75359575003179
92.5 65.0360273150023
95.0 65.19712958140289
97.5 65.32351784309327
100.0 65.21933764119944
103.0 65.11412786456404
106.0 64.91291674295317
109.0 64.73208948063768
112.0 64.76364650677027
115.0 64.64882706060273
118.0 64.57657887080231
122.0 64.55602881657552
125.0 64.58525242400896
128.0 64.65863232433844
132.0 64.77915910467499
136.0 64.75802187508916
140.0 64.71617375451291
145.0 64.60043136339854
150.0 64.34881033520855
155.0 64.14796362894018
160.0 63.879039820182314
165.0 63.66854634757942
170.0 63.4842770638559
175.0 63.326432176397105
180.0 63.358141738257544
185.0 63.53318862944896
190.0 63.84261169780663
195.0 63.843122277417706
200.0 63.508344599325625
206.0 62.66845299527574
212.0 61.075663188579284
218.0 59.78956793052188
224.0 58.66145327504145
230.0 57.952406528041124
236.0 57.453765622115725
240.0 56.30417085858127
250.0 53.45504442215464
258.0 55.58432936161125
265.0 56.24448800576951
272.0 56.56651438951998
280.0 57.11504069058515
290.0 57.30517028314017
300.0 57.13872709970241
307.0 56.925988474735306
315.0 56.58833692249519
325.0 56.26208818043587
335.0 55.21699269086754
345.0 54.21462296189577
355.0 53.60480829912909
365.0 52.938807559586806
375.0 52.313485550413134
387.0 51.590138003490324
400.0 50.56817757604034
412.0 49.04711928515928
425.0 49.30848082983164
437.0 49.86696635203043
450.0 50.40125083136344
462.0 50.92549735156858
475.0 51.745731644339585
487.0 52.662257894308965
500.0 53.27679411030779
515.0 52.329756657115
530.0 51.61860657401492
545.0 52.87850526417749
560.0 53.40672193962233
580.0 52.976822968324285
600.0 53.47546572612103
615.0 55.265813901246304
630.0 56.03997957910964
650.0 55.700390056920554
670.0 55.03323163220887
690.0 54.22072217149663
710.0 54.050184833323755
730.0 53.152911422529186
750.0 51.86778719412466
775.0 50.62438505966273
800.0 50.437231905699335
825.0 50.36193568490377
850.0 50.521763243116325
875.0 49.317617661965
900.0 48.966702462994846
925.0 49.074650044498114
950.0 50.154168458375636
975.0 49.63428769013004
1000.0 49.61313551114587
1030.0 51.05430644969641
1060.0 51.06944980349559
1090.0 50.539504333294246
1120.0 50.31028984290319
1150.0 50.32589926655217
1180.0 49.35657190442534
1220.0 48.34925887629481
1250.0 47.55570122544718
1280.0 46.733523387577094
1320.0 46.860578118474194
1360.0 47.355867523164875
1400.0 48.60937704859667
1450.0 50.015946697019174
1500.0 49.20518227368498
1550.0 48.65168552487941
1600.0 47.22916573897754
1650.0 46.83498726482654
1700.0 48.74605157063051
1750.0 49.96515933972971
1800.0 48.56877348274624
1850.0 47.98863756415852
1900.0 49.22317745200067
1950.0 49.86472044756741
2000.0 49.70212534938554
2060.0 49.482590573662165
2120.0 49.59149451375238
2180.0 51.69917549612309
2240.0 52.469613521569215
2300.0 52.322335062482836
2360.0 48.79838935060775
2400.0 50.71367662519265
2500.0 53.34465480352503
2580.0 53.16698642317792
2650.0 52.52921714912267
2720.0 53.11868609027525
2800.0 50.01594214308126
2900.0 47.03243336984086
3000.0 45.35850679949952
3070.0 45.53608099933598
3150.0 46.14284715629579
3250.0 49.38083765683169
3350.0 50.80135016003271
3450.0 51.894750706149324
3550.0 53.225051227046905
3650.0 50.758783396398
3750.0 49.35634101604899
3870.0 49.53470002059582
4000.0 49.210206365484765
4120.0 49.872733146114925
4250.0 50.31290751533666
4370.0 52.17385294767858
4500.0 53.3016478649799
4620.0 52.671331064828024
4750.0 50.042741721124
4870.0 48.41088640970639
5000.0 47.25861082350933
5150.0 47.265260464623836
5300.0 46.76625100260975
5450.0 48.16107606201662
5600.0 47.8792875090447
5800.0 48.007703716272445
6000.0 47.80364553781109
6150.0 46.5063921599063
6300.0 45.75300603407737
6500.0 46.17940174473988
6700.0 47.8371420642371
6900.0 48.20783626809829
7100.0 47.67933432947915
7300.0 46.53466094353132
7500.0 44.17810418047202
7750.0 44.67287442843754
8000.0 43.96624788219282
8250.0 40.79000774285643
8500.0 38.54779480536624
8750.0 37.61949001176146
9000.0 35.378520150590845
9250.0 33.556628509452025
9500.0 32.92964413539829
9750.0 36.02616412088193
10000.0 39.34515774135426
10300.0 41.03910320672705
10600.0 41.41120496757965
10900.0 40.83369477876134
11200.0 37.41963091396468
11500.0 36.92791659027486
11800.0 37.8071855852792
12200.0 35.587162291112094
12500.0 36.213890608423355
12800.0 35.69101052393333
13200.0 37.00253974951153
13600.0 36.037450220286246
14000.0 36.42233524927772
14500.0 34.9611877581078
15000.0 35.07481503284623
15500.0 36.06352582154446
16000.0 34.77695824923552
16500.0 34.06856061897267
17000.0 34.07273702792591
17500.0 33.9431328783657
18000.0 28.170973423124167
18500.0 28.283898201257017
19000.0 28.862800249501277
19500.0 27.109157609891298
