Freq "Front Wall Bounce"
20.5078 60.340890634868174
21.2402 61.79258198511283
21.9727 61.548461554896505
22.7051 63.41228180712861
23.4375 62.9718672277817
24.1699 64.59193090679179
25.6348 66.52425858234264
26.3672 67.51232613822823
27.0996 68.39485585396812
27.832 69.19732674784103
29.2969 70.28286502191341
30.0293 71.13124870998638
31.4941 72.504578012015
32.2266 72.95085909602234
33.6914 74.00455893425286
34.4238 74.57868685974279
35.8887 75.58699383111987
37.3535 76.46338921883631
38.8184 77.24004425901165
39.5508 77.63668775709559
41.0156 78.41498541845871
42.4805 79.03724125400757
43.9453 79.60776757344371
45.4102 80.10989164437126
47.6074 80.81199737595206
49.0723 81.19859484159755
50.5371 81.60816309002813
52.7344 82.10270075524798
54.1992 82.45249534772819
56.3965 82.91909095915223
58.5938 83.36653544497258
60.0586 83.5851328678699
62.2559 83.80185877885691
64.4531 84.36606437687202
66.6504 84.34410026757604
69.5801 84.73616856558257
71.7773 84.90243060896626
73.9746 85.02429490847331
76.9043 85.25171223550252
79.834 85.37284985233293
82.7637 85.45361895248867
85.6934 85.53916231544918
88.623 85.72636864029518
91.5527 85.86386985104086
94.4824 85.98778965326005
98.1445 85.97843799656182
101.807 85.95920573647055
105.469 85.90358313389865
109.131 85.7984519566957
112.793 85.79879068328792
116.455 85.87253219243392
120.85 86.01607337235292
125.244 86.13102670803961
129.639 85.96966095327865
134.033 85.7147700061354
138.428 85.73723518572345
143.555 85.85753504725457
148.682 85.89647006424995
153.809 85.77891089437081
159.668 85.51035650026911
164.795 85.81335511463135
170.654 86.03343000803604
176.514 85.81808611347907
183.105 85.4352802985627
189.697 85.45797723764184
196.289 85.45622939998805
202.881 85.36794914476039
210.205 85.51308055026752
217.529 85.47920629122856
225.586 85.27691343423997
232.91 85.6447552691546
241.699 85.25600003115812
249.756 85.77149827786315
258.545 85.86302811195878
268.066 85.72194303347192
277.588 85.50853328102436
287.109 85.51244850036055
297.363 85.77310442513642
307.617 85.93016462456795
318.604 85.61409889140192
329.59 86.64718793064246
341.309 86.11303543070592
353.76 85.63132407453294
366.211 84.55511195640761
378.662 84.37799090863649
392.578 85.03865983342132
405.762 86.0313826854126
420.41 86.23366178446778
435.059 86.3144389355673
450.439 85.90983856926002
466.553 85.78169427676823
482.666 86.26794633496621
500.244 85.4988226619303
517.822 85.13795276863279
536.133 84.88789791745026
554.443 84.14815771099634
574.219 83.69258656345353
594.727 83.67953348631742
615.234 85.69789348004983
637.207 89.58669820371854
659.912 90.5171854275022
683.35 89.83232235565156
706.787 88.94041464832533
731.689 88.6715457527852
758.057 88.32462319096143
784.424 89.0193508499932
812.256 88.86674566261101
840.82 87.80927847890128
870.85 86.37215375364457
901.611 86.42564310159038
933.105 86.91477964338472
966.064 87.67793787524711
999.756 87.08671131959568
1034.91 86.35484976360927
1071.53 86.15198959100682
1109.62 86.57195515317844
1148.44 86.43156095930053
1189.45 85.90358020466533
1231.2 87.8697810746042
1274.41 87.83121496596115
1319.82 86.82573026649874
1365.97 86.41190971482519
1414.31 86.79647475021369
1464.11 85.62463844093426
1515.38 84.70805811930659
1568.85 84.49578395523524
1624.51 84.32446420339774
1681.64 85.33160796748948
1740.97 86.07414592944772
1802.49 87.24815428102278
1866.21 86.45047235204154
1932.13 86.26306408145068
2000.24 86.10095362028785
2070.56 85.96513126820031
2143.8 85.50612066672076
2219.24 85.84583019369242
2297.61 86.41546466325192
2378.17 86.00963942342247
2462.4 85.72452050515012
2548.83 86.07143311143506
2638.92 86.2262525422795
2731.93 86.00770208807128
2828.61 86.13397441601093
2928.22 85.71500133329833
3031.49 86.2687009421701
3138.43 86.23602439237503
3249.02 85.98733703890733
3363.28 86.42377634715609
3481.93 87.2192333630649
3604.98 86.9960477752315
3732.42 86.84469335433363
3863.53 87.20023365602401
3999.76 87.34481288446582
4141.11 86.75824904524775
4286.87 87.210756350655
4438.48 87.09510675003493
4594.48 87.2116538808146
4757.08 87.74004999757287
4924.8 87.60335300515167
5098.39 88.25114480368926
5277.83 88.33234743189969
5463.87 88.01016954527307
5656.49 88.31102027866386
5856.45 87.58192972326098
6062.99 87.42574616743781
6276.86 86.85687442444444
6498.05 87.15253492280038
6727.29 86.52345772017519
6964.6 86.84906676310138
7209.96 86.68315390831724
7464.11 86.95119940217432
7727.78 86.9754573435093
8000.24 86.44838645962822
8282.23 86.7305451029789
8574.46 86.89801741545075
8876.22 86.7309272077907
9189.7 86.63041182890564
9513.43 86.65020461877401
9848.88 86.4398215140855
10196.8 86.17138200225925
10556.4 85.849567661722
10928.5 85.33775037522155
11313.7 84.75337528719876
11712.9 84.45746845127667
12126.0 84.89885723366669
12553.7 85.66891584262409
12996.1 86.26348450141518
13454.6 86.75497816614511
13928.5 87.02259356617361
14419.9 87.3106298411935
14928.2 87.95293020428312
15454.8 88.73684455519184
15999.8 89.17290177043111
16564.5 89.28276237963573
17148.2 89.1351061311837
17753.2 88.72415595582646
18379.4 88.36778507397995
19027.6 87.41074826949458
19698.5 86.53299748458542
19999.5 85.95117175776038
