Freq "Early Reflections DI"
22.4 43.07988383558046
23.0 42.91529498195965
23.6 42.370065269239376
24.0 41.78804863780874
25.0 41.03739534203805
25.8 39.890111884819845
26.5 37.92974292372247
27.2 37.33061801559049
28.0 37.31874381392012
29.0 37.4131687167324
30.0 39.77807043239912
30.7 40.463473325878965
31.5 39.614731410101484
32.5 37.90059990900221
33.5 38.192985036199374
34.5 39.27241511433772
35.5 40.94076533528501
36.5 41.56521380331432
37.5 41.50417382666923
38.7 41.36214419330284
40.0 41.690366765229925
41.2 41.69028002788559
42.5 41.2187350385808
43.7 40.33174339777557
45.0 39.37109047031791
46.2 38.7122185171841
47.5 39.24718681067978
48.7 40.61125282907766
50.0 41.01188694456721
51.5 41.22850646278246
53.0 41.247211309084264
54.5 41.1317397492416
56.0 41.02186089547526
58.0 40.93143326653873
60.0 40.926547690102254
61.5 41.007815812177924
63.0 40.971814499461615
65.0 40.8222398797774
67.0 40.73006908877474
69.0 40.6908894930162
71.0 40.661756929000106
73.0 40.433994198299146
75.0 40.22952940829926
77.5 40.094398002923455
80.0 40.034954463963246
82.5 39.921110859980374
85.0 39.78717048773615
87.5 39.758434365275974
90.0 39.80957139460155
92.5 39.87023917214749
95.0 40.00974566964631
97.5 40.089222127803595
100.0 40.0627649305915
103.0 40.08300222632481
106.0 40.0770116555033
109.0 40.10084143320091
112.0 40.12825058330151
115.0 40.23469310703793
118.0 40.36347507449241
122.0 40.39037719038021
125.0 40.39910968458314
128.0 40.39128273941503
132.0 40.448594720585035
136.0 40.452029145457075
140.0 40.44875261169972
145.0 40.57976372759833
150.0 40.60337561962136
155.0 40.71865092376086
160.0 40.728722756358394
165.0 40.772730762736515
170.0 40.77431682296766
175.0 40.865305196410404
180.0 40.91420534842747
185.0 41.03561234577674
190.0 41.146720468038254
195.0 41.292837312286665
200.0 41.47944412249342
206.0 41.57966556372513
212.0 41.69012168904207
218.0 41.79064873442522
224.0 41.81500929680709
230.0 41.79392105979956
236.0 41.826301650517834
240.0 41.86954102873585
250.0 41.802561599994306
258.0 41.766762866904884
265.0 41.67279490239011
272.0 41.555933372825166
280.0 41.463353015384214
290.0 41.388008533499246
300.0 41.324894051450414
307.0 41.30165187746884
315.0 41.24920712126085
325.0 41.27393562805359
335.0 41.466622509606026
345.0 41.878829905960984
355.0 42.12357927714477
365.0 42.24176370335677
375.0 42.41376857899502
387.0 42.57179611947133
400.0 42.665511294565775
412.0 42.617835410424675
425.0 42.51083757107361
437.0 42.42977851284357
450.0 42.37733741985558
462.0 42.39688616264971
475.0 42.06073027052537
487.0 40.99827283754949
500.0 41.27651843360141
515.0 42.01626325105062
530.0 42.315787844389206
545.0 42.41554871517437
560.0 42.085325837989885
580.0 41.98405837948333
600.0 42.384868752277214
615.0 42.58161128471194
630.0 42.63849977211491
650.0 42.54371797368488
670.0 42.4933228133998
690.0 42.59602177043024
710.0 43.519675651334694
730.0 44.263056197896105
750.0 44.202748229692844
775.0 44.168311341625184
800.0 43.96997467831579
825.0 43.83099430821936
850.0 44.012530510030416
875.0 43.79340087302043
900.0 43.506015977075165
925.0 43.27634053292944
950.0 42.972532843633985
975.0 42.71946521637284
1000.0 41.80663597877836
1030.0 42.54494330183847
1060.0 42.97879816614369
1090.0 42.592847829978396
1120.0 42.53117599389013
1150.0 42.47824165825044
1180.0 42.395864989236685
1220.0 41.82313303807976
1250.0 44.30212163858481
1280.0 45.11396841196958
1320.0 44.6956823387347
1360.0 44.21197656274822
1400.0 44.47141234412649
1450.0 44.63269704414206
1500.0 44.947897590438686
1550.0 45.1294412557869
1600.0 44.99785123429375
1650.0 45.02159835872398
1700.0 45.17551347752162
1750.0 45.325992553410785
1800.0 45.386998027559954
1850.0 45.19678917269317
1900.0 45.15229688029994
1950.0 45.17519879614123
2000.0 45.3163867268257
2060.0 44.93735351429173
2120.0 45.2021196529774
2180.0 45.290295603751645
2240.0 45.222084229741995
2300.0 44.95386517900266
2360.0 44.784182652526724
2400.0 45.03341220184538
2500.0 45.210593852306815
2580.0 45.03692838735627
2650.0 44.919241488517926
2720.0 44.50905147273534
2800.0 44.21821048024039
2900.0 44.378506435550875
3000.0 44.36081909868345
3070.0 44.041016411713244
3150.0 43.919075607075584
3250.0 43.82375656850695
3350.0 44.03568247059556
3450.0 44.24706566963647
3550.0 44.36550089508326
3650.0 44.36926180832698
3750.0 44.138245499215174
3870.0 44.01862374797457
4000.0 44.22813498359791
4120.0 44.234149626355816
4250.0 43.98205436825009
4370.0 44.23156962101402
4500.0 44.4033828832962
4620.0 43.9927588643486
4750.0 43.16176939852916
4870.0 43.1094359034133
5000.0 43.30786801997421
5150.0 43.636428910241406
5300.0 43.845507341777235
5450.0 43.650402012883475
5600.0 43.590904075912164
5800.0 43.62037677841923
6000.0 43.64998823434148
6150.0 43.3593353461909
6300.0 43.130070340193896
6500.0 43.003454078701
6700.0 43.408687025124905
6900.0 43.88866840504048
7100.0 44.13599439064501
7300.0 43.80938428229996
7500.0 43.556957238108524
7750.0 43.992654298396545
8000.0 44.01336790246705
8250.0 43.54729453119724
8500.0 43.69258646898736
8750.0 43.41167200547922
9000.0 43.27920028276017
9250.0 44.14453976430465
9500.0 45.00593235826271
9750.0 45.17371044955841
10000.0 44.934051789537364
10300.0 44.489839844924774
10600.0 44.54137159988568
10900.0 45.03577812553742
11200.0 45.348236308581576
11500.0 45.22855059912031
11800.0 45.174248713231336
12200.0 45.56694036688185
12500.0 45.27665387984186
12800.0 44.88109868309664
13200.0 45.08827138629479
13600.0 44.660174086275504
14000.0 44.71460296081116
14500.0 44.47424393248569
15000.0 44.1597766923546
15500.0 44.035918918363464
16000.0 44.444558474918736
16500.0 45.48444634321871
17000.0 45.631812904350866
17500.0 45.25150481271049
18000.0 45.44252944364479
18500.0 44.66187370016128
19000.0 45.019180262224694
19500.0 45.5677190729953
