Freq "Sound Power DI"
20.5078 52.673308247070224
21.9727 52.67353423309302
23.4375 52.6739041104061
24.9023 52.67349108939055
26.3672 52.67444187023351
27.832 52.67640644412573
29.2969 52.6773619318642
30.7617 52.68034006718972
32.2266 52.67551807285304
33.6914 52.6769463520762
35.1562 52.676679667395746
36.6211 52.67731512858802
38.0859 52.67771388088639
39.5508 52.67833111619022
41.0156 52.67885228892597
42.4805 52.679485517696705
43.9453 52.680217716533974
45.4102 52.68134235037746
46.875 52.683066464898786
48.3398 52.6841521135686
51.2695 52.683887659509764
52.7344 52.684547812382334
54.1992 52.685197289919316
55.6641 52.6858592608543
58.5938 52.687390405421354
60.0586 52.68820477032173
62.9883 52.68979421499071
64.4531 52.69065790071164
67.3828 52.69260907463796
68.8477 52.69368158883755
71.7773 52.69583973534944
74.707 52.69773457026899
77.6367 52.699973188175406
79.1016 52.70103088197537
82.0312 52.70323581027583
84.9609 52.70548888844674
87.8906 52.707888136447295
90.8203 52.71039694076349
95.2148 52.714228192124196
98.1445 52.716963788239056
101.074 52.71975530419476
105.469 52.72412301312244
108.398 52.72719791110413
112.793 52.731606614310834
117.188 52.7364545947068
120.117 52.73964556076852
124.512 52.74338057858779
128.906 52.74373463174889
133.301 52.75135562303758
139.16 52.76002652911589
143.555 52.76579645479309
147.949 52.77177808443568
153.809 52.77968456286571
159.668 52.78740385507162
165.527 52.79616287231896
171.387 52.807186683588284
177.246 52.81614822789284
183.105 52.824166583297625
188.965 52.83411067620371
196.289 52.84633439702277
203.613 52.859415921142
210.938 52.876802912987
218.262 52.89235447522657
225.586 52.90698692265488
232.91 52.923274157647455
241.699 52.9355917530914
250.488 52.9727310741753
259.277 53.01112072151976
268.066 53.00867407490529
276.855 53.05384732604141
287.109 53.05016593665697
297.363 53.075179211077355
307.617 53.08269192030086
319.336 53.11425529623676
329.59 53.15478582070317
341.309 53.19380401960926
353.027 53.206040649675685
366.211 53.2538497320683
379.395 53.32360297201235
392.578 53.39490741673325
405.762 53.45995392492874
420.41 53.516853180114325
435.059 53.56461556548774
451.172 53.60389696057342
465.82 53.65541302662044
483.398 53.70204164941222
499.512 53.7501707965466
517.09 53.82673351371399
536.133 53.88334466332016
555.176 53.911178320750224
574.219 53.98888015509985
594.727 54.02440261610734
615.234 54.062117248058655
637.207 54.192762681713305
659.18 54.20881602801565
682.617 54.316220043535736
707.52 54.66330581824887
732.422 54.76980925457555
757.324 54.85066356328733
785.156 54.965590081791476
811.523 54.94266898098532
840.82 55.08205249218557
870.117 55.267667913410094
900.879 55.346679782246156
933.105 55.46422033415014
965.332 55.58728478428188
1000.49 55.64253813066439
1035.64 55.619377515371355
1072.27 55.518701463899106
1108.89 55.707473876325764
1148.44 55.62088354619357
1189.45 55.65853236792117
1230.47 55.774469589825884
1274.41 55.60791038579286
1319.82 55.5294433435578
1366.7 55.65018379549173
1413.57 55.40266852258284
1463.38 55.663666185625615
1516.11 55.548889162183755
1568.85 55.605541803889636
1624.51 55.88231723785199
1681.64 55.945852314681574
1741.7 56.377970210791744
1803.22 56.56666553522544
1866.21 57.08169038883476
1932.13 57.50871827669637
1999.51 57.72847661460331
2069.82 58.12752917311276
2143.07 58.09274516132983
2219.24 58.05390231528722
2296.88 57.70258294677048
2378.91 57.340093294896676
2462.4 57.05562197902353
2548.83 56.90134080624591
2639.65 56.85497012852329
2731.93 56.51227408805252
2828.61 56.27978613436423
2928.22 56.09533539169189
3030.76 55.896896609204404
3137.7 56.03145913635392
3249.02 56.1106943984565
3363.28 56.22128664754679
3481.93 56.18060671140921
3604.98 56.28866040671558
3732.42 56.19357563184644
3864.26 56.03588262785027
4000.49 55.84684645035057
4141.11 55.74699035199211
4287.6 55.70227350625217
4438.48 55.643300113985674
4595.21 55.840016512451456
4756.35 56.206173974909305
4924.8 56.55043795406891
5097.66 56.88204434671388
5277.83 56.9737240850841
5463.87 57.070787632017456
5657.23 57.00908942263207
5856.45 57.08974473605103
6062.99 57.3225828699871
6276.86 57.57068516310116
6498.05 57.81061421288166
6726.56 57.96971990095692
6963.87 57.96409640272779
7209.96 57.91052693481076
7464.84 57.822935375499455
7727.05 57.7998952013631
7999.51 57.8887023643928
8282.23 57.99491388191636
8573.73 58.04918247111209
8876.95 58.302991372826796
9188.96 58.64476853990723
9514.16 58.751244657145975
9849.61 58.81804150340517
10196.8 58.94439216643458
10555.7 58.920379061869994
10927.7 58.97352942830544
11313.0 59.007340740148265
11712.9 58.97586347741763
12126.0 58.837938507507744
12553.7 58.803051974166266
12996.1 58.88868143248736
13454.6 58.99017290073462
13929.2 59.053228085853235
14419.9 58.94584265935559
14928.2 58.89389163782462
15455.6 58.92228305988482
16000.5 59.07041627708614
16564.5 59.34883978735323
17148.9 59.50496214896485
17752.4 59.64913024742924
18379.4 59.80374998987426
19026.9 60.111475261782914
19697.8 60.45034550540581
19999.5 60.58033515130751
