Freq "Side Wall Bounce"
20.5078 51.666472458681824
21.9727 49.06749848919981
23.4375 44.96128342597524
24.9023 45.05714594406976
26.3672 43.22896364576482
27.832 42.62424980504315
29.2969 45.649513788804114
30.7617 49.24698127338786
32.2266 52.07556881182481
33.6914 55.69164281661875
35.1562 59.25019804207713
36.6211 62.835137232079944
38.0859 65.44718742908333
39.5508 69.51026764318856
41.0156 72.66157824905756
42.4805 75.55905141252687
43.9453 78.23833804909546
45.4102 80.74773037647333
46.875 83.0603824870078
48.3398 85.01738181502296
51.2695 87.61757118914736
52.7344 87.97322605653858
54.1992 88.2971444891773
55.6641 88.53303033639442
58.5938 88.48205831144435
60.0586 88.30970025380117
62.9883 87.98651641006867
64.4531 87.78905956273067
67.3828 87.47898074111798
68.8477 87.36196209668508
71.7773 87.12516024402306
74.707 86.85648723945619
77.6367 86.70926406634119
79.1016 86.6547159958368
82.0312 86.49605331552145
84.9609 86.35750388616388
87.8906 86.2840735898089
90.8203 86.226698804162
95.2148 86.21122676869606
98.1445 86.11647598283166
101.074 85.98432722386443
105.469 86.0089577412817
108.398 86.19771611756356
112.793 86.2317370472698
117.188 86.2705149366287
120.117 86.29821139164096
124.512 86.40202754753
128.906 86.42403398748833
133.301 86.37965944229731
139.16 86.21308477314662
143.555 86.28237756494462
147.949 86.21737014306869
153.809 85.89824562707548
159.668 85.94741371651554
165.527 85.91359672509171
171.387 85.62599456022778
177.246 85.48909274188603
183.105 85.5278671819529
188.965 85.61228625088619
196.289 86.04225458560222
203.613 86.01848077229741
210.938 86.25622862899215
218.262 86.21332504503641
225.586 85.9881968923356
232.91 85.43928478686914
241.699 84.1212678508766
250.488 83.64617647940166
259.277 84.11473821525772
268.066 84.097655572083
276.855 84.37719949679533
287.109 84.55787358908488
297.363 84.65696022463975
307.617 85.34336678652284
319.336 85.0292252110288
329.59 85.31513697858544
341.309 84.99948359901317
353.027 85.17151772876008
366.211 85.92222272367209
379.395 86.66934814245599
392.578 85.99809148307615
405.762 85.15053381180903
420.41 86.65057882194779
435.059 85.99302771514081
451.172 86.4937311776833
465.82 85.7133495411393
483.398 84.06555376848266
499.512 83.94855376622493
517.09 85.25957848168859
536.133 84.0347602049761
555.176 84.35191563201539
574.219 82.67159604606093
594.727 81.60792118852558
615.234 83.70981753745512
637.207 84.96261767135343
659.18 84.72302803217124
682.617 84.16212435909708
707.52 84.03553913340662
732.422 83.89076123831347
757.324 82.24413683634488
785.156 82.20430029870677
811.523 85.02717604688439
840.82 83.48611946413202
870.117 82.39399681660142
900.879 81.31218771053607
933.105 82.76118299819078
965.332 81.09782769160154
1000.49 84.35221962129037
1035.64 85.64372734799328
1072.27 83.51284650247688
1108.89 83.9427201426715
1148.44 83.40636975818501
1189.45 82.30886056905813
1230.47 83.43118777163237
1274.41 81.85616251806678
1319.82 80.9879123922106
1366.7 79.69205738472792
1413.57 81.29755550982594
1463.38 82.11808515128021
1516.11 82.38960180367737
1568.85 81.68930171880072
1624.51 80.36687354314742
1681.64 80.63594239542863
1741.7 81.11301313298519
1803.22 81.41519852935602
1866.21 80.90479097677127
1932.13 79.73978195011011
1999.51 80.18709910124538
2069.82 81.04769525319563
2143.07 80.83593603072859
2219.24 79.96156040275253
2296.88 80.03800321710095
2378.91 80.4273126220448
2462.4 79.85281004021405
2548.83 79.87099861555387
2639.65 79.9000051267278
2731.93 79.56011342061133
2828.61 80.3971818215321
2928.22 80.50313697644826
3030.76 80.43887869492708
3137.7 80.84079029473529
3249.02 80.51552863186423
3363.28 79.93223535007611
3481.93 80.0451929987735
3604.98 79.25503009420108
3732.42 78.84713990462731
3864.26 78.583367480803
4000.49 78.29968114291418
4141.11 78.5558025127821
4287.6 78.62497237073273
4438.48 78.17384237974474
4595.21 78.79030527268142
4756.35 78.0309908621256
4924.8 78.6957743951036
5097.66 77.60961301856024
5277.83 77.9663826126565
5463.87 77.46590490824447
5657.23 76.82915883355102
5856.45 77.17930612068116
6062.99 76.6873057403305
6276.86 76.93000171822769
6498.05 76.595391239226
6726.56 76.36329153560095
6963.87 76.26463669592096
7209.96 75.9258544529027
7464.84 75.28227365819657
7727.05 74.90639896541154
7999.51 74.08059766638141
8282.23 72.91330889845588
8573.73 72.75802051788355
8876.95 72.2546896522638
9188.96 70.22925390048265
9514.16 67.64317458644086
9849.61 66.75424325727116
10196.8 69.05026305322576
10555.7 71.23669816737065
10927.7 72.47962898935477
11313.0 73.40666385030957
11712.9 74.3687706753507
12126.0 75.35274303984099
12553.7 76.41574530388995
12996.1 77.40445479631599
13454.6 78.04007395189878
13929.2 77.85376336779886
14419.9 76.96954792845517
14928.2 76.75666652336895
15455.6 76.83902120714171
16000.5 76.60155618523032
16564.5 75.80212372222412
17148.9 75.49116719343789
17752.4 76.13548512131482
18379.4 76.71159462128651
19026.9 74.93075852054731
19697.8 70.2783910056575
19999.5 67.60056798629351
