Freq "Rear Wall Bounce"
20.5078 70.17008704251484
21.9727 68.43739631845364
23.4375 68.1311762834298
24.9023 69.62563833352174
26.3672 69.26842470428949
27.832 66.63937493203031
29.2969 68.45679067146685
30.7617 73.4376510422799
32.2266 76.18806247999706
33.6914 77.5940768929372
35.1562 77.24761545432341
36.6211 75.35821303477036
38.0859 75.14447789872312
39.5508 77.53559707441416
41.0156 79.5353296021404
42.4805 80.80306307034478
43.9453 80.82695236194829
45.4102 79.84007994796245
46.875 78.82662883555963
48.3398 77.71936581299553
51.2695 78.93935381409821
52.7344 80.27853949652459
54.1992 80.95384532165137
55.6641 81.21444064279987
58.5938 80.84774707937015
60.0586 80.20792363990569
62.9883 79.20772425062486
64.4531 79.01152660803925
67.3828 80.48003274961049
68.8477 81.1513508902669
71.7773 81.85943230866755
74.707 82.22577302021013
77.6367 82.16225127687758
79.1016 82.16370849083356
82.0312 82.36443176589579
84.9609 82.86071607613843
87.8906 83.05735985299384
90.8203 83.06606783994681
95.2148 82.96767731187772
98.1445 83.33613959276211
101.074 83.64980184762881
105.469 84.37774157401296
108.398 84.75506461783321
112.793 85.07635088700962
117.188 85.10834263980763
120.117 85.12909925569457
124.512 85.27504549965931
128.906 85.31396624232745
133.301 85.63210540354679
139.16 86.10274476706086
143.555 86.50568742686133
147.949 86.55069990892787
153.809 86.2842062724936
159.668 86.5153592052592
165.527 86.60294176240532
171.387 86.50477781818606
177.246 86.51301345505166
183.105 86.30655479989902
188.965 86.15379324431649
196.289 86.17624268055991
203.613 85.79701614171347
210.938 85.76434042035207
218.262 85.73300493228481
225.586 85.36654584263763
232.91 84.96092373088646
241.699 84.39334500396558
250.488 84.33791389393426
259.277 84.1973898676761
268.066 83.5992043450285
276.855 83.66423572384856
287.109 83.54347062118774
297.363 82.84440886265652
307.617 82.69417173183592
319.336 81.91266784668532
329.59 81.65414274972801
341.309 81.43732144246083
353.027 80.8837821729828
366.211 80.75648133930098
379.395 81.37970170078063
392.578 80.9257362896945
405.762 80.35832467515004
420.41 80.1023741274779
435.059 79.87697362096492
451.172 81.19625848931197
465.82 80.78343623271329
483.398 79.29194642537875
499.512 79.14064241388422
517.09 78.82528371496471
536.133 78.02719096551868
555.176 77.63463304995219
574.219 77.65272559634346
594.727 77.75886912217106
615.234 77.71415169381537
637.207 77.34633018502961
659.18 77.26755951354635
682.617 77.19917988864675
707.52 76.74800184676232
732.422 76.54285831378218
757.324 75.69295935347898
785.156 74.94474005312381
811.523 78.55579650175348
840.82 81.15276704833758
870.117 80.06320811148912
900.879 81.30683015107225
933.105 77.82850958204173
965.332 76.22419121907669
1000.49 76.50507553101684
1035.64 73.26331892730624
1072.27 73.06094692279717
1108.89 73.57494559384318
1148.44 72.83537483994726
1189.45 73.994160767779
1230.47 74.91839948608958
1274.41 74.20162985274521
1319.82 73.2395762252757
1366.7 71.84813818639313
1413.57 70.02251443269665
1463.38 73.52621318151591
1516.11 74.02052684962503
1568.85 74.09495271978524
1624.51 72.82725680876884
1681.64 73.18932951207104
1741.7 75.03341345442203
1803.22 75.24780134512014
1866.21 74.22718466744303
1932.13 72.88205517834422
1999.51 73.41120093398744
2069.82 74.37971281416795
2143.07 73.83747020449097
2219.24 73.05771640701451
2296.88 72.807709761656
2378.91 73.14636823893332
2462.4 72.62004344118442
2548.83 72.41273019993724
2639.65 71.82432255890755
2731.93 71.4585067136829
2828.61 71.02130714046795
2928.22 69.83587191978094
3030.76 69.56848630268591
3137.7 71.4089657938945
3249.02 72.10283439975925
3363.28 72.68414547750199
3481.93 73.76422975270975
3604.98 73.7716508787989
3732.42 73.95780763130257
3864.26 73.948327231783
4000.49 73.4003689612751
4141.11 73.63802512957288
4287.6 72.67785859429462
4438.48 73.16179294472803
4595.21 73.17961020031859
4756.35 72.64074841672975
4924.8 73.8734970212735
5097.66 72.742344501345
5277.83 72.78685888434286
5463.87 72.5970141395795
5657.23 71.6761112555879
5856.45 71.98832771938253
6062.99 71.33112935423166
6276.86 71.36958102706204
6498.05 71.72499912071714
6726.56 71.34760324963732
6963.87 71.13171043918706
7209.96 70.73244779312115
7464.84 70.12508122259277
7727.05 70.17973670075216
7999.51 68.69741286298957
8282.23 67.6970772794217
8573.73 67.06181588535165
8876.95 67.37465368065156
9188.96 66.22774184113564
9514.16 64.6481705313943
9849.61 64.10570240435906
10196.8 63.30350719534617
10555.7 63.08253028362259
10927.7 63.12542886079986
11313.0 63.294368250337754
11712.9 63.46551888040375
12126.0 63.60415814041663
12553.7 63.430592952972376
12996.1 63.19185377910196
13454.6 63.3835490342135
13929.2 63.08287726495229
14419.9 62.10927516151111
14928.2 60.509454879642476
15455.6 58.06833835860979
16000.5 55.29781535150079
16564.5 54.03021288706171
17148.9 53.72218942075736
17752.4 52.52510222576339
18379.4 51.16627635411737
19026.9 50.233153419495665
19697.8 48.71586561480683
19999.5 48.85635182659479
