Freq "On Axis"
20.5078 48.52080834464044
21.2402 46.27050834464043
21.9727 44.652108344640425
22.7051 47.08140834464044
23.4375 46.55040834464043
24.1699 48.50020834464044
25.6348 44.96700834464042
26.3672 48.224308344640434
27.0996 47.12090834464044
27.832 46.07560834464044
29.2969 49.38890834464041
30.0293 48.655008344640436
31.4941 51.090508344640426
32.2266 51.452908344640434
33.6914 51.91760834464043
34.4238 51.84810834464042
35.8887 53.71250834464041
37.3535 54.550508344640434
38.8184 55.127008344640444
39.5508 55.80730834464043
41.0156 57.243708344640424
42.4805 58.37250834464044
43.9453 59.558208344640434
45.4102 60.50820834464042
47.6074 62.23270834464043
49.0723 63.19020834464044
50.5371 64.13350834464043
52.7344 65.82230834464045
54.1992 66.78470834464042
56.3965 68.38910834464043
58.5938 70.02430834464043
60.0586 71.15890834464042
62.2559 72.62240834464043
64.4531 74.09360834464043
66.6504 75.70010834464043
69.5801 77.64130834464044
71.7773 79.13100834464043
73.9746 80.52180834464043
76.9043 82.29460834464042
79.834 83.82020834464043
82.7637 84.93130834464043
85.6934 85.60700834464043
88.623 85.87800834464042
91.5527 85.77700834464042
94.4824 85.63330834464043
98.1445 85.44860834464043
101.807 85.12700834464044
105.469 84.82250834464043
109.131 84.63340834464043
112.793 84.54910834464043
116.455 84.42320834464044
120.85 84.33340834464042
125.244 84.27390834464043
129.639 84.25560834464042
134.033 84.22010834464041
138.428 84.14720834464043
143.555 84.25000834464043
148.682 84.39380834464043
153.809 84.52130834464043
159.668 84.61730834464043
164.795 84.81370834464043
170.654 84.81430834464042
176.514 84.76940834464042
183.105 84.81520834464042
189.697 84.94870834464042
196.289 85.01740834464043
202.881 85.13150834464042
210.205 85.17230834464043
217.529 85.18430834464044
225.586 85.23130834464044
232.91 85.37670834464043
241.699 85.19060834464042
249.756 85.38980834464044
258.545 85.36210834464043
268.066 85.09970834464045
277.588 85.27680834464043
287.109 85.40980834464042
297.363 85.32510834464043
307.617 85.14200834464043
318.604 85.12700834464044
329.59 85.10680834464043
341.309 84.77150834464044
353.76 85.00120834464045
366.211 84.94070834464043
378.662 84.98710834464043
392.578 84.52280834464042
405.762 84.48800834464043
420.41 84.45180834464043
435.059 84.19320834464042
450.439 84.04500834464042
466.553 83.63310834464043
482.666 84.65500834464042
500.244 86.13690834464043
517.822 85.36250834464045
536.133 86.01090834464043
554.443 85.74730834464043
574.219 85.69300834464043
594.727 85.48680834464042
615.234 85.25330834464043
637.207 85.19110834464043
659.912 84.86650834464042
683.35 85.10710834464042
706.787 84.77500834464043
731.689 84.66210834464043
758.057 84.44150834464043
784.424 83.94490834464042
812.256 83.14600834464044
840.82 83.54130834464043
870.85 83.40820834464043
901.611 83.20670834464043
933.105 86.55190834464042
966.064 88.30400834464042
999.756 88.80440834464042
1034.91 88.23010834464043
1071.53 86.65580834464043
1109.62 85.66880834464042
1148.44 84.89070834464043
1189.45 84.67020834464043
1231.2 85.14810834464043
1274.41 85.09290834464043
1319.82 85.03450834464041
1365.97 84.70370834464043
1414.31 84.33470834464043
1464.11 84.43380834464043
1515.38 84.51680834464042
1568.85 84.61210834464043
1624.51 84.28980834464045
1681.64 84.71970834464042
1740.97 85.16920834464042
1802.49 85.77090834464043
1866.21 85.19340834464043
1932.13 84.53710834464042
2000.24 85.95340834464042
2070.56 87.53550834464043
2143.8 87.17420834464043
2219.24 86.52010834464043
2297.61 87.69050834464043
2378.17 88.27010834464042
2462.4 88.08330834464043
2548.83 87.77220834464043
2638.92 87.55410834464043
2731.93 86.67300834464042
2828.61 86.89780834464042
2928.22 86.20960834464043
3031.49 85.13160834464043
3138.43 84.88650834464043
3249.02 84.03350834464042
3363.28 82.44640834464043
3481.93 82.74610834464045
3604.98 83.48950834464043
3732.42 83.95840834464043
3863.53 84.44850834464043
3999.76 85.86110834464043
4141.11 85.67330834464043
4286.87 87.22200834464041
4438.48 87.38890834464043
4594.48 88.92830834464043
4757.08 89.55680834464042
4924.8 89.58360834464042
5098.39 89.68080834464041
5277.83 89.00500834464043
5463.87 88.65760834464044
5656.49 88.32380834464041
5856.45 87.94370834464041
6062.99 88.03360834464043
6276.86 89.32420834464043
6498.05 89.56300834464042
6727.29 90.11370834464043
6964.6 90.45820834464043
7209.96 90.10630834464042
7464.11 89.36560834464044
7727.78 88.52030834464043
8000.24 88.32150834464043
8282.23 89.37230834464043
8574.46 90.42530834464043
8876.22 90.19320834464042
9189.7 89.02220834464043
9513.43 87.44390834464045
9848.88 87.06400834464043
10196.8 87.72720834464043
10556.4 88.50180834464044
10928.5 88.69700834464044
11313.7 88.55360834464042
11712.9 87.80880834464043
12126.0 88.36570834464044
12553.7 89.41360834464042
12996.1 89.63740834464042
13454.6 88.24770834464042
13928.5 86.31620834464043
14419.9 85.03610834464044
14928.2 85.24430834464044
15454.8 85.62650834464043
15999.8 85.38160834464043
16564.5 85.09710834464043
17148.2 85.90860834464043
17753.2 86.90350834464044
18379.4 86.50360834464043
19027.6 85.97410834464043
19698.5 85.98640834464042
19999.5 85.51950834464043
