Freq "Side Wall Bounce"
20.5078 46.253102614671505
21.9727 47.65421483609852
23.4375 41.136833423692465
24.9023 45.13223823715036
26.3672 41.874990393158484
27.832 45.586547046156326
29.2969 45.423141974935035
30.7617 46.29967857100739
32.2266 47.8795193025896
33.6914 48.95986994289346
35.1562 50.91801207419631
36.6211 50.492298926309175
38.0859 52.88623393000667
39.5508 54.314580163476975
41.0156 56.4609735372879
42.4805 58.551319823084995
43.9453 60.10737784588072
45.4102 61.84709315712338
46.875 63.50109698248083
48.3398 64.95613437228191
51.2695 67.89036205739771
52.7344 69.62871720370059
54.1992 71.08089863497115
55.6641 72.07038827691578
58.5938 74.39544297798106
60.0586 75.44090247814313
62.9883 77.6577712962018
64.4531 78.74363030261817
67.3828 80.76417384314122
68.8477 81.71990065891232
71.7773 83.42480626284517
74.707 84.80671916681469
77.6367 85.88273259306995
79.1016 86.34818160033062
82.0312 87.12419487738357
84.9609 87.60884637485007
87.8906 87.9779352643619
90.8203 88.29509636913743
95.2148 88.58289551560583
98.1445 88.67722322055062
101.074 88.67408067551283
105.469 88.79768998530135
108.398 88.87389102727853
112.793 88.97462784496007
117.188 89.04939417922017
120.117 89.05277052317508
124.512 89.18926224754779
128.906 89.2809814652581
133.301 89.29673591162737
139.16 89.44838747398954
143.555 89.47425423673288
147.949 89.53782120801479
153.809 89.46965882325797
159.668 89.4961044032519
165.527 89.55048224277915
171.387 89.44490066885031
177.246 89.32381356718085
183.105 89.16100260203902
188.965 89.05628260021015
196.289 89.01429007009386
203.613 88.82824686671655
210.938 88.69647934554298
218.262 88.60275776015574
225.586 88.50835806237082
232.91 88.34141099776171
241.699 88.19919128001158
250.488 87.92299408586898
259.277 88.08298194631001
268.066 87.88091999117728
276.855 87.81194332980897
287.109 88.02857544776182
297.363 87.74992493035025
307.617 87.72520204624865
319.336 87.5903813538227
329.59 87.6115469641758
341.309 87.44893574792998
353.027 87.23955880490885
366.211 87.15202752558662
379.395 87.37095043893501
392.578 87.110888705417
405.762 87.00522980602253
420.41 86.96246112772573
435.059 87.04166502038952
451.172 86.8469094815459
465.82 86.7922759265653
483.398 86.90220582375747
499.512 86.7869151344667
517.09 86.72646896965377
536.133 86.46258078293702
555.176 86.61896609518254
574.219 86.39945026884101
594.727 86.23882037680727
615.234 86.21592423242313
637.207 86.11256137425404
659.18 86.00439764311808
682.617 85.85182047882762
707.52 85.94667273285789
732.422 85.9769090945924
757.324 86.48556262349281
785.156 86.83304685720148
811.523 87.12448477528974
840.82 86.64082472503875
870.117 86.20802478368925
900.879 86.1663064866008
933.105 85.76537419458028
965.332 85.38763633603956
1000.49 84.59208655669657
1035.64 83.89766836550452
1072.27 83.79361470612353
1108.89 84.59823816508784
1148.44 85.90855167688201
1189.45 86.24114171954075
1230.47 85.9012744065752
1274.41 85.03454880136624
1319.82 84.88280297509804
1366.7 84.69496525102029
1413.57 84.8575578053699
1463.38 85.48092203231684
1516.11 85.73905381114945
1568.85 85.40723788216376
1624.51 84.24903496096076
1681.64 83.38337936534495
1741.7 83.93875504750139
1803.22 84.33867337980713
1866.21 84.42567339601408
1932.13 84.15338907075345
1999.51 83.02530609213481
2069.82 82.70716422286237
2143.07 83.86708088295046
2219.24 84.58953894559347
2296.88 83.59871431585226
2378.91 82.5636139618785
2462.4 82.90950317693289
2548.83 83.92266493928524
2639.65 83.01509910660396
2731.93 82.36102962624507
2828.61 82.11419207925739
2928.22 82.1983900564154
3030.76 82.8071524815805
3137.7 83.31770936686948
3249.02 83.16543537024744
3363.28 83.04500014354447
3481.93 83.11905750798623
3604.98 83.53248074420964
3732.42 82.93973139353541
3864.26 81.92845361818374
4000.49 82.29937275962759
4141.11 82.3486008780964
4287.6 82.95834257683859
4438.48 82.50993196744177
4595.21 83.12244908593804
4756.35 82.13947288009756
4924.8 81.67257031909054
5097.66 82.05450423130334
5277.83 81.92108534009716
5463.87 82.00296142910969
5657.23 82.96977065890066
5856.45 82.94428639448181
6062.99 83.64977086372734
6276.86 83.97809781037357
6498.05 83.92739158170595
6726.56 83.99659635800364
6963.87 83.20377940509808
7209.96 83.51172731729422
7464.84 82.30666239605983
7727.05 82.3251606481709
7999.51 82.16097294153919
8282.23 82.20280023994285
8573.73 82.40660549496357
8876.95 82.56647703529354
9188.96 82.79540908820282
9514.16 82.85228770029045
9849.61 82.72456487032223
10196.8 82.07031622610803
10555.7 81.05930302824872
10927.7 80.84135313370247
11313.0 80.7332186375321
11712.9 80.98847506520664
12126.0 80.9483017548859
12553.7 80.80037181315583
12996.1 80.5737742921624
13454.6 80.0127869069106
13929.2 79.48838477801918
14419.9 79.50168948316824
14928.2 79.58354231623012
15455.6 79.3498871635253
16000.5 78.81966950422931
16564.5 78.36340250642571
17148.9 77.87017565689152
17752.4 77.13825137036957
18379.4 76.41244068944916
19026.9 75.82727943418678
19697.8 74.98404155278796
19999.5 74.81378790873835
