Freq "Ceiling Bounce"
22.4 58.40076749445562
23.0 58.599999999999994
23.6 59.10076749445561
24.0 59.60306957104251
25.0 60.04283030471976
25.8 60.54283030471974
26.5 60.87609175449221
27.2 61.271508007869386
28.0 61.70306957104253
29.0 61.60076749445561
30.0 61.033589826879975
30.7 60.500767494455616
31.5 59.90076749445562
32.5 59.46845083805432
33.5 58.80076749445561
34.5 57.76845083805432
35.5 57.23821129888742
36.5 57.94283030471972
37.5 59.98219967332304
38.7 62.719167055027526
40.0 65.21916705502755
41.2 67.0566725593005
42.5 68.5566725593005
43.7 70.16588846059686
45.0 72.06588846059687
46.2 74.06588846059688
47.5 75.99471929119204
48.7 77.7566725593005
50.0 79.45667255930051
51.5 80.98982856673472
53.0 82.3566725593005
54.5 83.3566725593005
56.0 83.98982856673473
58.0 84.35667255930052
60.0 84.5566725593005
61.5 84.59471929119204
63.0 84.42758719283593
65.0 84.16588846059686
67.0 83.79897445130925
69.0 83.36588846059686
71.0 83.03752777300028
73.0 82.67662798253905
75.0 82.37662798253905
77.5 82.07662798253904
80.0 81.8096325668162
82.5 81.47662798253904
85.0 81.13752777300027
87.5 80.77662798253905
90.0 80.37662798253905
92.5 79.97662798253904
95.0 79.44898359150841
97.5 78.88888547155003
100.0 78.3026545034034
103.0 78.07641629732152
106.0 78.07641629732152
109.0 78.33546263134683
112.0 78.6026545034034
115.0 78.51792789764852
118.0 78.30982855556755
122.0 78.19664781293231
125.0 78.27269145322595
128.0 78.54915203998831
132.0 78.7491520399883
136.0 78.80497668676807
140.0 78.67269145322595
145.0 78.32875610128315
150.0 77.82875610128313
155.0 77.38538710465899
160.0 77.00982855556757
165.0 76.40982855556756
170.0 75.17757950460714
175.0 73.95295536787776
180.0 73.60982855556755
185.0 73.9672655885961
190.0 75.3094224842602
195.0 76.52179738688895
200.0 76.92179738688895
206.0 77.08888547155003
212.0 76.96194867563766
218.0 76.86194867563766
224.0 76.70265450340338
230.0 76.37641629732153
236.0 76.33469773360898
240.0 76.62875610128314
250.0 77.10497668676807
258.0 77.58161208533421
265.0 77.48538710465898
272.0 76.90982855556754
280.0 76.37757950460713
290.0 75.87757950460713
300.0 75.61719474435358
307.0 75.39430744544666
315.0 74.91904449785342
325.0 74.72457993687897
335.0 74.67695775614916
345.0 74.57695775614917
355.0 74.40432912249857
365.0 73.8017460112477
375.0 73.03209919948372
387.0 72.33209919948374
400.0 72.12154865751023
412.0 72.31394942912605
425.0 72.85664821100016
437.0 73.38759923684218
450.0 73.81394942912605
462.0 74.1527499421436
475.0 74.50432912249856
487.0 74.93308937677077
500.0 75.11378996755592
515.0 75.06322504785601
530.0 74.71323574403132
545.0 74.08246753146328
560.0 73.5849305486431
580.0 72.94293492570156
600.0 72.47906309566349
615.0 72.39307493464335
630.0 72.09307493464334
650.0 71.91065864377774
670.0 71.89083949114905
690.0 71.82154865751025
710.0 72.30432912249857
730.0 72.9590626365751
750.0 73.71457895753309
775.0 74.3033038382893
800.0 74.48343461029552
825.0 74.52154865751024
850.0 74.48493054864312
875.0 74.63341139788128
900.0 74.99083949114905
925.0 75.37277674488686
950.0 75.46322504785603
975.0 74.94465953615897
1000.0 74.10827710656966
1030.0 73.06673210761147
1060.0 72.2800865487648
1090.0 71.5422379590276
1120.0 70.34929476675217
1150.0 68.20666553750142
1180.0 64.14543505173896
1220.0 59.82434865057793
1250.0 59.27244660678602
1280.0 62.35864068487882
1320.0 66.38888863538651
1360.0 69.50378320443461
1400.0 70.86826674204792
1450.0 70.92179599023939
1500.0 70.53047277713733
1550.0 70.12643552695029
1600.0 70.02263352392357
1650.0 70.44287591953517
1700.0 71.23995065572922
1750.0 72.08507638876682
1800.0 72.82757489983254
1850.0 73.21251370343045
1900.0 73.60907701268152
1950.0 73.91055696564261
2000.0 74.2467871964985
2060.0 74.39430744544664
2120.0 74.37825745704102
2180.0 74.32389526938809
2240.0 74.36753494617817
2300.0 74.6087822760463
2360.0 74.65480522115864
2400.0 74.16895445958875
2500.0 72.86481802292982
2580.0 71.25237067879931
2650.0 69.78798284650314
2720.0 69.05394335703116
2800.0 69.07186175887044
2900.0 69.43123448087673
3000.0 69.85090041189648
3070.0 69.91453135384307
3150.0 69.69389321192754
3250.0 69.24668674404506
3350.0 68.74074175777642
3450.0 68.45560491192515
3550.0 68.27171309919292
3650.0 67.98393980444456
3750.0 67.86079021152037
3870.0 67.6851311398427
4000.0 67.22206725587952
4120.0 66.75043731966875
4250.0 66.16783962106535
4370.0 65.91873219275816
4500.0 66.62404321627282
4620.0 67.70917186509891
4750.0 68.81904371151546
4870.0 69.4035293987098
5000.0 69.05266745581652
5150.0 68.18215993045968
5300.0 67.30212971203233
5450.0 66.72850463825948
5600.0 66.40309272723874
5800.0 66.19720747824151
6000.0 65.94990435170995
6150.0 65.43322126748477
6300.0 64.65725222307256
6500.0 63.80807739705969
6700.0 63.359383463674845
6900.0 62.836538363767986
7100.0 63.24667911455458
7300.0 64.87490432859853
7500.0 66.5166418505163
7750.0 67.80586923576291
8000.0 68.2184381979007
8250.0 67.83073819393877
8500.0 67.14776138004362
8750.0 67.197380290817
9000.0 67.92544798057816
9250.0 68.50191435030736
9500.0 69.05323991803527
9750.0 68.64348790819307
10000.0 66.9709045845451
10300.0 65.63921037081454
10600.0 64.97873212979457
10900.0 63.70792476346945
11200.0 62.047440336974745
11500.0 61.095585048972694
11800.0 61.089477975336976
12200.0 61.62778823949802
12500.0 62.139145797614674
12800.0 61.76739980717244
13200.0 61.15075669530205
13600.0 61.53010557114831
14000.0 62.89381404177087
14500.0 63.743212300495145
15000.0 64.03209809522478
15500.0 63.30488297686826
16000.0 61.792782781665665
16500.0 60.54573191310449
17000.0 59.067071034767295
17500.0 57.50187249470679
18000.0 56.65436573189038
18500.0 55.41848723706863
19000.0 53.722570592307505
19500.0 51.97397712827927
