Freq "Estimated In-Room Response"
20.5078 52.392108203127066
21.9727 54.604481887982786
23.4375 53.99827131677435
24.9023 54.71610406447584
26.3672 55.50063491115773
27.832 55.77060323355806
29.2969 56.47076500690139
30.7617 56.78789780172502
32.2266 57.31996280577911
33.6914 57.93548867431099
35.1562 58.72497294498055
36.6211 59.303475228332616
38.0859 59.61326398632207
39.5508 59.91413591682223
41.0156 60.5762299362529
42.4805 61.19304159093028
43.9453 61.53220780599756
45.4102 62.06070668089214
46.875 62.214075466742145
48.3398 61.158566822348774
51.2695 61.86472227325086
52.7344 62.268001319430994
54.1992 62.29584629678601
55.6641 62.426968843154526
58.5938 62.655997653430546
60.0586 62.34227534158251
62.9883 61.960809881225
64.4531 61.829416503643984
67.3828 61.94356434012849
68.8477 62.34690218680842
71.7773 63.58982220975622
74.707 65.35031756874184
77.6367 69.59874352577191
79.1016 70.91426662383137
82.0312 73.34222919981251
84.9609 75.4526935025745
87.8906 77.05466068006646
90.8203 78.50938484893624
95.2148 80.09907666841589
98.1445 80.88594537098692
101.074 81.55414797535468
105.469 82.1642727878437
108.398 82.66939939384007
112.793 83.25327828732028
117.188 84.42380357591722
120.117 84.70662076579153
124.512 85.06604788995772
128.906 85.41490054274581
133.301 85.78689483730825
139.16 86.22775043734696
143.555 86.5331386239056
147.949 86.80741000090373
153.809 87.11151947395368
159.668 87.44381771118529
165.527 87.80220014535593
171.387 88.01843193897463
177.246 88.17695407691664
183.105 88.26660901467378
188.965 88.35875356944177
196.289 88.49853042664428
203.613 88.58064876946355
210.938 88.58534793927039
218.262 88.43487984889221
225.586 88.44381280479703
232.91 88.34315778282577
241.699 88.06462130220135
250.488 87.87192195240931
259.277 87.84832231636514
268.066 87.58056487247693
276.855 87.65621314518893
287.109 87.39430748606341
297.363 87.34235693433388
307.617 87.17113255006453
319.336 86.52285532722352
329.59 86.3519014481188
341.309 86.13840157582777
353.027 86.118352343203
366.211 85.96768471449833
379.395 85.82927558082146
392.578 85.4490216336074
405.762 85.32204600700015
420.41 85.55864399609283
435.059 85.24645716077436
451.172 85.48348143287048
465.82 85.65064878450129
483.398 85.73221321808626
499.512 85.7460052600281
517.09 85.06612877674618
536.133 84.57980982119545
555.176 84.67462937032826
574.219 84.02232901547207
594.727 83.80670498253156
615.234 84.12507934478819
637.207 83.58118933954145
659.18 82.98716247612843
682.617 82.83177642274708
707.52 82.41659160979408
732.422 84.31303439081452
757.324 84.70455298999546
785.156 84.15578369869831
811.523 84.1177837791584
840.82 82.8776281825575
870.117 83.1819235938279
900.879 82.44455400992071
933.105 82.96351870154713
965.332 82.08366569390677
1000.49 82.44514171726429
1035.64 81.95133618135206
1072.27 82.53752780804402
1108.89 84.04934838805337
1148.44 84.67375045144249
1189.45 83.95018563163114
1230.47 83.57756900932557
1274.41 83.50378378671287
1319.82 83.67294305901642
1366.7 83.52360524077153
1413.57 83.87082300577478
1463.38 83.44914982758405
1516.11 84.04083857236947
1568.85 83.25073065310693
1624.51 82.49186361957659
1681.64 84.47850740215179
1741.7 84.33860843201721
1803.22 85.41603626938927
1866.21 84.45616312826766
1932.13 83.23956583936973
1999.51 83.50973668297347
2069.82 83.6931172165598
2143.07 83.68977158597895
2219.24 83.13961459980169
2296.88 83.02023007772877
2378.91 83.23234505404065
2462.4 84.0395323935428
2548.83 84.52793963547482
2639.65 84.60272860364576
2731.93 84.41764754176077
2828.61 85.06494834173517
2928.22 85.96437147237026
3030.76 86.03245464122091
3137.7 85.93276292634232
3249.02 85.63352520379757
3363.28 85.42784281004
3481.93 85.47475429480016
3604.98 85.25689381925753
3732.42 85.64362943947816
3864.26 85.53272026226175
4000.49 85.23446473531384
4141.11 85.97479117587571
4287.6 86.400835425667
4438.48 86.43436471985063
4595.21 86.27099369199948
4756.35 86.34529969967227
4924.8 86.37940574028738
5097.66 85.95119708541772
5277.83 85.94588717280409
5463.87 85.59567790962707
5657.23 85.3434029985662
5856.45 85.50830876510501
6062.99 86.20504652291268
6276.86 86.05849198398496
6498.05 85.92131554532082
6726.56 85.6286732922826
6963.87 85.61776780516111
7209.96 86.13834535203058
7464.84 86.11660340687544
7727.05 86.26871252554982
7999.51 86.19865849762175
8282.23 86.20966250357063
8573.73 86.08746598531694
8876.95 86.26842554117023
9188.96 86.44555767744143
9514.16 86.71161496242517
9849.61 86.72419176482099
10196.8 86.86495886471207
10555.7 86.8559672606775
10927.7 86.71221131106144
11313.0 86.4834189229145
11712.9 86.15610262834747
12126.0 85.96714206585088
12553.7 85.75688169725741
12996.1 86.04749956465142
13454.6 86.94002261746266
13929.2 88.15150535312802
14419.9 89.57860195076435
14928.2 88.91987743775024
15455.6 86.36562617960837
16000.5 83.5861952139746
16564.5 81.82586835631002
17148.9 80.3914708269908
17752.4 79.77189612265883
18379.4 79.36722781752508
19026.9 79.07015132132801
19697.8 78.33224566349058
19999.5 77.95759104023765
