Freq "Front Wall Bounce"
20.0 37.49999372145568
20.2909 38.248796181111075
20.586 38.90772021373495
20.8855 39.5404873948241
21.1893 40.22913059530161
21.4975 40.98922293332181
21.8102 41.793925031381335
22.1274 42.612532528388115
22.4492 43.41890776052311
22.7758 44.20062134829318
23.1071 44.96267423709638
23.4432 45.720061052329314
23.7841 46.48450064376779
24.1301 47.25168945088875
24.4811 48.010190904160126
24.8372 48.74940724250355
25.1984 49.470918897324324
25.5649 50.18011394800128
25.9368 50.88628131624567
26.3141 51.59055986571056
26.6968 52.28479023336406
27.0851 52.95869777412055
27.4791 53.605592849608925
27.8788 54.22933504080653
28.2843 54.84038496766938
28.6957 55.442055939171155
29.1131 56.02807438254399
29.5365 56.58230442483192
29.9661 57.09017417205651
30.402 57.54679603429936
30.8442 57.963996489291915
31.2929 58.36845518967468
31.748 58.772297864291446
32.2098 59.175621315953975
32.6783 59.56556300572417
33.1536 59.93342856342706
33.6359 60.28009306762108
34.1251 60.609607294245194
34.6215 60.93156214727313
35.125 61.24742106436743
35.6359 61.556334572833805
36.1543 61.85372605654662
36.6802 62.13415146313008
37.2137 62.40273604329059
37.755 62.66746447297619
38.3041 62.93432914714654
38.8613 63.203762513183335
39.4265 63.46663098143421
40.0 63.72594067143669
40.5818 63.99139834593505
41.1721 64.25914990582136
41.771 64.50046729506904
42.3785 64.67219281905498
42.9949 64.79489381854567
43.6203 64.92185895346967
44.2548 65.10095650271164
44.8985 65.30590620222046
45.5515 65.49344656490204
46.2141 65.66516320077451
46.8863 65.8477824086989
47.5683 66.0522939633985
48.2602 66.26539334951973
48.9621 66.48634271178312
49.6743 66.72352784251531
50.3968 66.97136095564719
51.1299 67.219304371499
51.8736 67.47579058335991
52.6281 67.73329551639951
53.3936 67.98382409555147
54.1702 68.22465757530985
54.9581 68.4559318849591
55.7575 68.6746513055253
56.5685 68.88440317847879
57.3914 69.08963267275436
58.2261 69.28773436300575
59.073 69.48149790695787
59.9323 69.68860498075807
60.804 69.92306032963158
61.6884 70.19535645185587
62.5857 70.49086205843643
63.496 70.77460603054995
64.4196 71.03669243978825
65.3566 71.28847455383597
66.3073 71.52763536779507
67.2717 71.73616930055901
68.2502 71.92625537360097
69.2429 72.1189224789645
70.2501 72.32417730411767
71.2719 72.54401774229022
72.3086 72.77872786875173
73.3603 73.0075867611289
74.4274 73.22474679365715
75.5099 73.43223141950124
76.6083 73.60318521968706
77.7226 73.77399879805526
78.8531 73.97891943880256
80.0 74.1947728966967
81.1636 74.41701465726337
82.3442 74.62208527895592
83.5419 74.81001422717921
84.757 74.97166074957279
85.9899 75.11776665139568
87.2406 75.24603995864028
88.5096 75.38618679898806
89.797 75.55776459898352
91.1031 75.7142024994111
92.4282 75.83578286324818
93.7726 75.89936536260116
95.1366 75.91065898972208
96.5204 75.91994954921998
97.9243 75.95451844274372
99.3486 76.01122494141941
100.794 76.07934722540944
102.26 76.14861190422137
103.747 76.21417394247261
105.256 76.27031845608515
106.787 76.31447190889035
108.34 76.33662334934198
109.916 76.30533690178488
111.515 76.24518886812946
113.137 76.22589670629725
114.783 76.22789295508804
116.452 76.22860952795612
118.146 76.22075863042092
119.865 76.21176444851724
121.608 76.20476997512999
123.377 76.19305226768174
125.171 76.17990205274567
126.992 76.17232112935429
128.839 76.15589275207766
130.713 76.124754679795
132.615 76.07376034378036
134.543 76.01504607485398
136.5 75.9706148020504
138.486 75.93304027886089
140.5 75.87690009428894
142.544 75.80918962079251
144.617 75.73361903274419
146.721 75.63933243217997
148.855 75.60661595165907
151.02 75.60733194133722
153.217 75.54133836194208
155.445 75.46191174565168
157.706 75.44061833784635
160.0 75.23117833030845
162.327 75.01703125327269
164.688 74.95103181359256
167.084 75.01817751172301
169.514 75.12874812137024
171.98 74.87160648290538
174.481 74.51503558612532
177.019 74.38217149626978
179.594 74.3127401884661
182.206 74.28245270105698
184.856 74.37659682618174
187.545 74.4736008260979
190.273 74.56731084237843
193.041 74.61744613867388
195.849 74.56859264206604
198.697 74.57502878810338
201.587 74.55517360731442
204.52 74.36330765043078
207.494 74.12887130081467
210.512 73.99187193110897
213.574 74.03744693002501
216.681 73.87744528321444
219.833 73.81487354877189
223.03 73.77944281626928
226.274 73.8548660357816
229.565 73.8900109242799
232.905 73.72830580383582
236.292 73.61558395302521
239.729 73.66286347159401
243.216 73.81115106374311
246.754 73.87271825645374
250.343 73.77800253263865
253.984 73.68871670953634
257.678 73.62857365925073
261.426 73.6164320527055
265.229 73.61242981673581
269.087 73.55771499978034
273.001 73.3034301788378
276.972 73.26614553707324
281.0 73.2471440880393
285.088 73.4097154274389
289.234 73.60771453947537
293.441 73.78957250940441
297.709 73.73900085515497
302.04 73.70714569964402
306.433 73.32100157940029
310.89 73.36957527229366
315.412 73.63058349217798
320.0 73.51158349217796
324.655 73.39758701008039
329.377 73.2458787055881
334.168 73.50044849362872
339.028 73.59703057023276
343.959 73.74275462999374
348.962 73.59091228665226
354.038 73.49976857261781
359.188 73.61450749455398
364.412 73.62810488644918
369.713 73.59097593836606
375.09 73.69742961747544
380.546 73.70532407959324
386.081 73.71763990404102
391.697 73.56080942633542
397.394 73.47803270508119
403.175 73.35853884019511
409.039 73.25500461914852
414.989 73.13192669027207
421.025 72.99863776416088
427.149 72.86147770426365
433.362 72.72822583412707
439.665 72.59865730675739
446.06 72.48952914482064
452.548 72.3915335341428
459.131 72.32032780165882
465.809 72.26484209835549
472.584 72.23832899127788
479.458 72.23682466561159
486.432 72.26930688514234
493.507 72.31833455640728
500.686 72.3956757017924
507.968 72.49429546389885
515.357 72.59997624989981
522.853 72.71755764799472
530.458 72.84600860779659
538.174 72.97252511941154
546.002 73.09686261130989
553.943 73.21189557596675
562.001 73.32056836897691
570.175 73.41335813071991
578.469 73.48490556530204
586.883 73.54423807497774
595.419 73.57618446870872
604.08 73.58872667310865
612.866 73.5756902492494
621.78 73.54058533030003
630.824 73.48240890744289
640.0 73.4057398833299
649.309 73.31280574039064
658.753 73.20688198043995
668.335 73.09504910715582
678.056 72.98078844059164
687.919 72.8751669119353
697.925 72.78287762038265
708.077 72.72046959632358
718.376 72.68537331721079
728.825 72.68999360799931
739.426 72.73656312570957
750.181 72.81806785696439
761.093 72.93283491302283
772.163 73.07517466734326
783.394 73.23195844456718
794.789 73.393026030389
806.349 73.54995693614991
818.078 73.69172939330112
829.977 73.80661770029266
842.05 73.89154069145108
854.298 73.9410567468538
866.724 73.95201422939171
879.33 73.9218827530116
892.12 73.85210011130393
905.097 73.7474311131924
918.262 73.60988789339503
931.618 73.45448643779451
945.169 73.29116013675694
958.917 73.13359995753049
972.864 73.00175432914445
987.015 72.90712943701993
1001.37 72.8546334618017
1015.94 72.85989910607861
1030.71 72.91466156007655
1045.71 73.01207982346676
1060.92 73.13033037574563
1076.35 73.25298404263738
1092.0 73.3634894496554
1107.89 73.44933238044223
1124.0 73.49814132889954
1140.35 73.50519557422935
1156.94 73.46704850123449
1173.77 73.38938575832682
1190.84 73.28127940997625
1208.16 73.1563589461325
1225.73 73.02765895516666
1243.56 72.90999414812403
1261.65 72.81874520542571
1280.0 72.76070222911578
1298.62 72.73712446612942
1317.51 72.74171853101461
1336.67 72.76605907920424
1356.11 72.79914527526994
1375.84 72.83337383639304
1395.85 72.86422116201753
1416.15 72.89394488347841
1436.75 72.9260112129042
1457.65 72.96863640078293
1478.85 73.0203031783623
1500.36 73.07861106268473
1522.19 73.13530827052422
1544.33 73.17892191390713
1566.79 73.1956671870422
1589.58 73.17557509455963
1612.7 73.12231708517659
1636.16 73.0432944113369
1659.95 72.95742838605018
1684.1 72.89105313274523
1708.6 72.86168173072997
1733.45 72.8801050739357
1758.66 72.93599762222806
1784.24 73.00660107019773
1810.19 73.06687543012376
1836.52 73.09886556198897
1863.24 73.09672948151525
1890.34 73.06843233492545
1917.83 73.02575047846496
1945.73 72.98611191524778
1974.03 72.94603221283235
2002.74 72.89305183076289
2031.87 72.81096726349469
2061.43 72.69260732541433
2091.41 72.55008645804598
2121.83 72.4146307820527
2152.69 72.31745547558826
2184.01 72.26294214784433
2215.77 72.22155338113754
2248.0 72.1355149721757
2280.7 71.9626094560345
2313.87 71.69872560423082
2347.53 71.39482975528179
2381.68 71.14389883809477
2416.32 71.0123341993471
2451.46 70.99824025243505
2487.12 71.03127725708654
2523.3 71.05102685168076
2560.0 71.06618648184943
2597.24 71.13684910510077
2635.01 71.30577215564708
2673.34 71.53310826490636
2712.23 71.72354694931957
2751.68 71.79654726938824
2791.7 71.74776037190462
2832.31 71.63969907602872
2873.5 71.55084254130693
2915.3 71.5062639382824
2957.7 71.47283427801604
3000.72 71.4220889439812
3044.37 71.37089121522547
3088.65 71.3554046006158
3133.58 71.38100003817881
3179.16 71.40925941283027
3225.4 71.41639364726865
3272.31 71.42716710731318
3319.91 71.46789676333279
3368.2 71.53048435304173
3417.19 71.5657237645359
3466.89 71.56440022662336
3517.32 71.5638010705156
3568.48 71.59263155045473
3620.39 71.62085325988242
3673.05 71.60538713582575
3726.47 71.55983739615672
3780.67 71.52741549477008
3835.67 71.5011598300817
3891.46 71.44544870836582
3948.06 71.37708482611612
4005.49 71.33167090114065
4063.75 71.27584863924857
4122.86 71.1606032170492
4182.82 71.04733423632813
4243.66 71.03139743145991
4305.39 71.07374305362377
4368.01 71.086397825263
4431.55 71.08686592745984
4496.01 71.13203102137342
4561.4 71.20839444767618
4627.75 71.30485222083489
4695.06 71.47917632624112
4763.35 71.7621919433183
4832.64 72.07661452097632
4902.93 72.37683483481955
4974.24 72.70102634773511
5046.6 72.95909513381064
5120.0 73.041558100582
5194.47 73.10391661578205
5270.03 73.16285984932243
5346.68 72.97085012287407
5424.45 72.77532054113752
5503.35 72.87309377984265
5583.4 72.6670459352962
5664.61 71.73119892536157
5747.01 70.68967164225343
5830.6 70.34584486288199
5915.41 70.36962870953312
6001.45 70.40150961776408
6088.74 70.5358280112885
6177.3 70.58851197066357
6267.15 70.72830934624979
6358.31 70.91478149165481
6450.8 71.09534356078105
6544.62 71.40392740973485
6639.82 71.65844484194109
6736.4 71.90632918755675
6834.38 71.99144224687781
6933.79 72.04471494268425
7034.64 71.98522415176528
7136.96 71.86676581632351
7240.77 71.62505111010778
7346.09 71.41954598217242
7452.94 71.173033189466
7561.35 71.03620476437779
7671.33 70.96310170124548
7782.91 71.07649111453217
7896.12 71.23519612315769
8010.97 71.4607065929592
8127.49 71.65796426325325
8245.71 71.79789147393794
8365.65 71.92251071354697
8487.33 71.91835245890051
8610.78 71.85560792729109
8736.03 71.71172855315844
8863.09 71.59524622484075
8992.01 71.4698501670252
9122.8 71.27665792935257
9255.5 71.07941085321133
9390.12 70.89282389645983
9526.7 70.73321418232105
9665.27 70.65140760653911
9805.86 70.65755838454017
9948.49 70.76542919133139
10093.2 70.95088907230814
10240.0 71.12879800854743
10388.9 71.21941498903556
10540.1 71.19908015591601
10693.4 71.04026238882224
10848.9 70.83208499985294
11006.7 70.67245639783253
11166.8 70.57531940269574
11329.2 70.59358661359022
11494.0 70.62023505306075
11661.2 70.57971514894814
11830.8 70.39423922740897
12002.9 70.10663981332686
12177.5 69.88977617774755
12354.6 69.67720776456184
12534.3 69.33976971445664
12716.6 68.98544276822955
12901.6 68.76288400842795
13089.2 68.70455960761174
13279.6 68.83121497859536
13472.8 69.08531383684686
13668.8 69.2777287098416
13867.6 69.27907422837644
14069.3 69.22189401932283
14273.9 69.21347780468749
14481.5 69.26953650653441
14692.2 69.38583868307718
14905.9 69.55127413670797
15122.7 69.70532448100899
15342.7 69.7971048930341
15565.8 69.85639703783455
15792.2 69.8599610991061
16021.9 69.73281760875166
16255.0 69.75217741855461
16491.4 69.82175115189891
16731.3 69.94704854014613
16974.7 70.07601974563788
17221.6 70.09877188501571
17472.1 70.03610072760695
17726.2 70.00390767321238
17984.0 70.02545875611936
18245.6 70.06165810383673
18511.0 70.03778731594753
18780.2 69.94545773598345
19053.4 69.86148677311635
19330.5 69.85215951652984
19611.7 69.87339147224498
19897.0 69.90285886901826
