Freq "Estimated In-Room Response"
20.5078 46.89105280779077
21.2402 43.7655166174369
21.9727 42.23545722744967
22.7051 44.793928638596526
23.4375 45.218371064568316
24.1699 45.98429490442743
25.6348 44.766594947124446
26.3672 46.144954438055066
27.0996 46.88818064211523
27.832 46.64808492350889
29.2969 48.728014455587925
30.0293 48.51860994434094
31.4941 50.8956164768602
32.2266 51.23968997612866
33.6914 51.690414809248836
34.4238 52.225509382802414
35.8887 54.07408715105976
37.3535 54.82678552029927
38.8184 55.849845565696
39.5508 56.60541639387674
41.0156 57.9703764757769
42.4805 59.08735872736091
43.9453 60.12045622504769
45.4102 61.1637152340069
47.6074 62.85358373078002
49.0723 63.79304319577642
50.5371 64.8103025595867
52.7344 66.45365983794655
54.1992 67.39755826316004
56.3965 68.98384611615992
58.5938 70.62660150806988
60.0586 71.69775363400288
62.2559 73.1194524800834
64.4531 74.57663591138783
66.6504 76.15225122253342
69.5801 78.06941245592388
71.7773 79.55786511317177
73.9746 80.90407536634585
76.9043 82.65826144193724
79.834 84.13919123234562
82.7637 85.23605005916677
85.6934 85.90937272604265
88.623 86.18714240714985
91.5527 86.11146832252888
94.4824 85.95251440438554
98.1445 85.69796419241852
101.807 85.39101123642385
105.469 85.08115090428205
109.131 84.89614503606245
112.793 84.79973893965328
116.455 84.66493502980114
120.85 84.56181267750557
125.244 84.50069873204859
129.639 84.43239312917018
134.033 84.40719138161396
138.428 84.41026284651207
143.555 84.4694961132643
148.682 84.5210259341263
153.809 84.62108876696041
159.668 84.69386958084462
164.795 84.84005382613672
170.654 84.85302003177713
176.514 84.82942413252762
183.105 84.8254486340859
189.697 84.94288842379606
196.289 84.96657059057311
202.881 85.02100615425323
210.205 85.00338269618885
217.529 84.99837098336621
225.586 84.9730702969378
232.91 85.04607354996742
241.699 84.85878799019743
249.756 84.8958160432428
258.545 84.89359578368371
268.066 84.59427069645334
277.588 84.74428640779487
287.109 84.74892650645023
297.363 84.61616326898223
307.617 84.51641871959332
318.604 84.3156364140196
329.59 84.28287169086735
341.309 83.96046972318187
353.76 83.98831844561903
366.211 83.930139550865
378.662 83.95555937053065
392.578 83.55184758661531
405.762 83.40724418789648
420.41 83.28744116005004
435.059 83.09099164569301
450.439 82.80998158158721
466.553 82.53758059397742
482.666 82.95915926803937
500.244 84.0981662982455
517.822 83.4614058420078
536.133 83.79764127223623
554.443 83.80601396102364
574.219 83.71739148049164
594.727 83.50526377917589
615.234 83.39599915800518
637.207 83.36536128373419
659.912 83.02360409262064
683.35 83.16150534154657
706.787 82.85866879028046
731.689 82.63885660150889
758.057 82.57850157711553
784.424 82.11770033407618
812.256 81.96287955326227
840.82 82.13308210081817
870.85 82.62052789017592
901.611 83.41260781810578
933.105 85.0868570232953
966.064 85.50325752443085
999.756 85.4676549632279
1034.91 84.96487870176747
1071.53 83.98954512052619
1109.62 82.98172825261977
1148.44 82.44182058738562
1189.45 82.00502542330757
1231.2 81.9481837685284
1274.41 81.75498521066001
1319.82 81.47630993177387
1365.97 81.01107796153369
1414.31 80.65539029480558
1464.11 80.34845220941745
1515.38 80.15062629103936
1568.85 80.04411322768789
1624.51 79.62941603171862
1681.64 79.78414109275958
1740.97 79.92923636966248
1802.49 80.251506632438
1866.21 79.76782694194164
1932.13 79.18341567303143
2000.24 80.28145511244777
2070.56 81.8058333797643
2143.8 81.8275485817328
2219.24 81.39783885362269
2297.61 82.4572832451627
2378.17 83.07414190729516
2462.4 82.90260325657128
2548.83 82.93032371954843
2638.92 83.07492525235295
2731.93 82.7197753216992
2828.61 82.79694889645492
2928.22 82.49152654611899
3031.49 82.11904354224599
3138.43 82.1024083573034
3249.02 81.95550676907818
3363.28 81.3659974416091
3481.93 81.31547191584895
3604.98 81.65361582678631
3732.42 81.79691967010532
3863.53 81.82267790495818
3999.76 82.28030717791665
4141.11 82.21178867080786
4286.87 83.07462392397332
4438.48 83.18859355101195
4594.48 83.87640713899746
4757.08 84.11591087103365
4924.8 83.97380675318452
5098.39 83.8163904103669
5277.83 83.17929928968545
5463.87 83.030738575559
5656.49 82.45467260414314
5856.45 82.09309631367927
6062.99 82.1993891430792
6276.86 82.7285478282737
6498.05 82.87020055343334
6727.29 83.26777392939476
6964.6 83.3777363495542
7209.96 83.10487462661771
7464.11 82.4369819494932
7727.78 81.70337552168499
8000.24 81.49650709560657
8282.23 82.31230707706287
8574.46 83.10303699876788
8876.22 83.10956957233176
9189.7 82.2569988632199
9513.43 81.17285300521132
9848.88 80.972618023777
10196.8 81.52967157681123
10556.4 82.03549687289669
10928.5 82.11746921481347
11313.7 81.91296488005725
11712.9 81.39052942353608
12126.0 81.69681822430337
12553.7 82.54454040306894
12996.1 82.89457384222823
13454.6 82.06476162213693
13928.5 80.75507232942235
14419.9 79.44205338860839
14928.2 78.58036559822266
15454.8 77.4891238117047
15999.8 76.23623443669352
16564.5 75.32369683265298
17148.2 75.85022690759307
17753.2 77.27785327316793
18379.4 77.64764305720544
19027.6 77.78193502735758
19698.5 78.48868636536366
19999.5 78.40946184977815
