Freq "Side Wall Bounce"
20.5078 84.21066148097529
21.9727 85.76112236256527
23.4375 86.29208398603123
24.9023 87.66941739178587
26.3672 89.595530185018
27.832 89.6815142360844
29.2969 90.99079235162712
30.7617 91.41040648048262
32.2266 92.00225217725661
33.6914 92.43378199308374
35.1562 92.23930143756719
36.6211 91.21417327216004
38.0859 92.60020585413014
39.5508 92.87776017282143
41.0156 92.53533659114903
42.4805 91.66248619899903
43.9453 91.26412583361885
45.4102 91.2501652524589
46.875 90.73296648926551
48.3398 92.03466504647513
51.2695 91.79731686185404
52.7344 91.83526821776964
54.1992 91.91234489731333
55.6641 91.99780460685503
58.5938 92.59419072259048
60.0586 92.87469291561683
62.9883 93.64872428868932
64.4531 94.19340874221368
67.3828 95.38744554403826
68.8477 95.95768340239125
71.7773 96.53424633767003
74.707 96.73775349240604
77.6367 96.522240424043
79.1016 96.40761080138694
82.0312 96.37238770789143
84.9609 96.2622559363201
87.8906 95.87858836291376
90.8203 96.36622316973391
95.2148 96.72099073769316
98.1445 96.9007102515301
101.074 96.83544761082346
105.469 97.19019919255194
108.398 97.22789270314262
112.793 97.09212207362411
117.188 96.5552168091415
120.117 96.30861453900074
124.512 96.13498391915377
128.906 95.51857663519088
133.301 94.95028991255505
139.16 94.21300615056809
143.555 93.46293644530184
147.949 93.15786179473959
153.809 93.52966882440168
159.668 93.16414379602747
165.527 93.34499156422221
171.387 94.17625736987664
177.246 95.1313049255182
183.105 94.53100885762066
188.965 94.55338083119965
196.289 94.66333508201024
203.613 93.5922309268612
210.938 92.836824371497
218.262 93.28096089406426
225.586 92.6711322489116
232.91 92.27118060802552
241.699 92.38118582551138
250.488 92.2200617678209
259.277 92.29036149801415
268.066 93.3274474479861
276.855 92.16736249084396
287.109 92.06992677914229
297.363 92.76992888376277
307.617 93.4806720813093
319.336 93.49704287899256
329.59 92.98497738611958
341.309 92.61563262963749
353.027 91.97734647718815
366.211 91.9654602253554
379.395 91.585620087421
392.578 91.62557832458333
405.762 91.91534498856295
420.41 92.07208293894217
435.059 92.30350498818552
451.172 91.68234288323231
465.82 92.32106087149758
483.398 92.94552731872132
499.512 92.66739283771714
517.09 92.18894029130495
536.133 92.77473040972325
555.176 92.72672909440983
574.219 91.27305290097536
594.727 90.30466853342827
615.234 91.44564027160713
637.207 90.96296974574459
659.18 90.86523435180688
682.617 91.96038652546136
707.52 90.92961018928894
732.422 90.58706661280084
757.324 91.32409340575377
785.156 88.7064797960888
811.523 89.72112842181012
840.82 89.82984915942147
870.117 89.65601557757279
900.879 90.18395698085631
933.105 88.88856848798166
965.332 89.47254126139272
1000.49 89.04011092396651
1035.64 90.10825686657579
1072.27 90.78174151829334
1108.89 90.6621541592639
1148.44 90.3126803204285
1189.45 90.56466708644997
1230.47 90.73420030967044
1274.41 90.88103015082756
1319.82 90.93742558447185
1366.7 91.29142947644603
1413.57 90.64630544675083
1463.38 90.74922020411692
1516.11 91.16229117636504
1568.85 91.02079938521496
1624.51 90.63124522180256
1681.64 90.4444919074138
1741.7 90.76773062827338
1803.22 91.60919984489885
1866.21 93.10604327752979
1932.13 92.80344703036685
1999.51 91.82851015643324
2069.82 92.37555926311073
2143.07 92.65191419678378
2219.24 92.60278718564562
2296.88 93.50342421144447
2378.91 93.32891979569548
2462.4 92.34709911131516
2548.83 92.17735011454862
2639.65 91.00134256411134
2731.93 91.3290107802495
2828.61 90.24664633479765
2928.22 91.60844270155347
3030.76 90.32687045306125
3137.7 90.2212364883107
3249.02 90.25482330932984
3363.28 90.14848274565999
3481.93 90.75584525338363
3604.98 90.06369978937187
3732.42 90.16123178770631
3864.26 89.0199653004956
4000.49 88.99934082356616
4141.11 88.74893832976774
4287.6 88.84335590358822
4438.48 88.37771170731871
4595.21 87.9352008622602
4756.35 88.30325726372762
4924.8 88.20986842969752
5097.66 88.0763756730112
5277.83 88.18875004317651
5463.87 89.71623018082941
5657.23 90.35519886279617
5856.45 90.49571384990269
6062.99 90.36866736809189
6276.86 90.48381478100876
6498.05 89.82581091597051
6726.56 89.20877838871723
6963.87 89.01111120072453
7209.96 87.83993155348637
7464.84 87.70860592203651
7727.05 87.94973162325972
7999.51 87.64143082896676
8282.23 87.4179911400719
8573.73 88.00512589566907
8876.95 88.05573595355602
9188.96 88.62418130251596
9514.16 88.0708931775362
9849.61 87.54005763198668
10196.8 87.21835529098638
10555.7 86.60163341178473
10927.7 85.75843502834147
11313.0 85.26212753877351
11712.9 85.14182242317322
12126.0 84.97821502343062
12553.7 84.53675174475391
12996.1 83.81990540838416
13454.6 83.4745695833587
13929.2 83.25138982541138
14419.9 83.0494290333168
14928.2 82.45441017915219
15455.6 82.35024670301907
16000.5 82.53617323843903
16564.5 83.57441090773531
17148.9 83.61996248417186
17752.4 83.67815217025922
18379.4 83.75094716676772
19026.9 83.61744862717843
19697.8 82.81394281499503
19999.5 82.53873151343542
