Freq "Ceiling Bounce"
20.5078 58.5975396316462
21.2402 58.96545304727921
21.9727 59.61612931330215
22.7051 61.5052891539175
23.4375 63.3079682673976
24.1699 64.09294724187232
25.6348 65.90488217620238
26.3672 66.81756569418174
27.0996 67.94649462248834
27.832 68.89550342372591
29.2969 70.49017872897966
30.0293 71.11044563279984
31.4941 72.56970848912064
32.2266 73.23482051418922
33.6914 74.43076038710745
34.4238 74.89855863954944
35.8887 75.77565240457743
37.3535 76.49589825563774
38.8184 77.11544225077516
39.5508 77.39290358626745
41.0156 77.88810239310341
42.4805 78.22578206311191
43.9453 78.6102769398875
45.4102 78.94701262438346
47.6074 79.43797394074677
49.0723 79.75877748043997
50.5371 80.02988981547294
52.7344 80.37156469267934
54.1992 80.58316375089932
56.3965 80.94789065892061
58.5938 81.32361529076941
60.0586 81.54123587219965
62.2559 81.68090798655022
64.4531 81.97182909489253
66.6504 82.20338447220352
69.5801 82.41168106333821
71.7773 82.56888154394042
73.9746 82.66144970868456
76.9043 82.83523512840668
79.834 83.01788569429579
82.7637 83.0975735138782
85.6934 83.28441252048133
88.623 83.41970162638249
91.5527 83.46117440211034
94.4824 83.5478618661151
98.1445 83.63819618841354
101.807 83.57997905000425
105.469 83.48581567681784
109.131 83.51623087255417
112.793 83.52478300215923
116.455 83.37663163821802
120.85 83.3931440820031
125.244 83.40555134821565
129.639 83.52892986212382
134.033 83.51405139168317
138.428 83.35109770840414
143.555 83.32035245448544
148.682 83.32688923760621
153.809 83.42120275340258
159.668 83.16979794102947
164.795 83.1125619178779
170.654 83.27280727178433
176.514 83.27479641516464
183.105 83.05864006808041
189.697 82.761117429177
196.289 82.60615824528138
202.881 82.4181662553347
210.205 82.35915165510072
217.529 82.31577349764792
225.586 81.96732264708461
232.91 81.64609486965483
241.699 81.57238464946609
249.756 82.01128331015242
258.545 82.35101051607447
268.066 81.69652492524207
277.588 80.55478726376492
287.109 81.26239442209845
297.363 82.0448086740698
307.617 82.00574051367524
318.604 81.92953814955284
329.59 82.16174284061334
341.309 81.71640638152101
353.76 81.14395643579147
366.211 81.01964366387627
378.662 80.8935520050167
392.578 81.83520859529679
405.762 81.43246346683824
420.41 81.74696152189209
435.059 81.01193245346852
450.439 80.19338920866342
466.553 80.73737519982801
482.666 81.05721519090537
500.244 81.38587682339988
517.822 80.17751164105209
536.133 80.20067796417815
554.443 80.80544371893072
574.219 81.74023450816907
594.727 81.96327911773541
615.234 80.99410142856159
637.207 81.5040989453216
659.912 81.94858873485664
683.35 81.86651874875024
706.787 80.26896785802032
731.689 79.66730718618798
758.057 79.01848922949908
784.424 78.80735014345744
812.256 80.04879893353134
840.82 80.51995612713414
870.85 81.8102465990404
901.611 79.96765415483412
933.105 81.1406434368967
966.064 80.6689036968011
999.756 81.80130410333781
1034.91 82.13121659316322
1071.53 83.18423287413886
1109.62 82.17180553452987
1148.44 81.8401754241291
1189.45 82.78856705186004
1231.2 81.89749758252067
1274.41 82.61093472386877
1319.82 81.7856666986365
1365.97 82.58414471177093
1414.31 82.37671073562912
1464.11 82.13895187773308
1515.38 83.59369268781093
1568.85 81.63997244139041
1624.51 82.9454809172563
1681.64 83.09849733529333
1740.97 82.26345848460298
1802.49 82.87161467212346
1866.21 81.73613643808238
1932.13 81.61625020911524
2000.24 81.05583787397971
2070.56 77.70274660692264
2143.8 75.46142494836813
2219.24 72.97133266660363
2297.61 70.01468131087694
2378.17 69.54536464109002
2462.4 67.73933660553016
2548.83 67.45862999311287
2638.92 73.14279599330409
2731.93 70.00720479856561
2828.61 72.13638655939214
2928.22 73.97855817723186
3031.49 75.23476018555365
3138.43 76.5912617014932
3249.02 78.10654485062328
3363.28 79.06541109700456
3481.93 80.13324692274112
3604.98 80.32882718356494
3732.42 80.41516589571688
3863.53 80.25483400700672
3999.76 79.70342008519914
4141.11 80.05040056025028
4286.87 79.40900294430553
4438.48 79.25901836709689
4594.48 78.32611466150409
4757.08 78.35640291914937
4924.8 78.1605512458212
5098.39 77.97785257049414
5277.83 78.64437595955987
5463.87 79.15414920887663
5656.49 79.74304922464803
5856.45 80.1517390905641
6062.99 80.46952080465432
6276.86 80.9326061723487
6498.05 80.90363377718303
6727.29 80.49320717884119
6964.6 79.7820204691408
7209.96 78.28467258936708
7464.11 77.71377392212233
7727.78 78.13674402239246
8000.24 77.9740857723134
8282.23 78.37456077806004
8574.46 78.41363540372569
8876.22 78.02172330339626
9189.7 78.3240245300567
9513.43 78.49837184076193
9848.88 77.81050298107525
10196.8 77.59151448728893
10556.4 78.01577524030984
10928.5 78.69032722516279
11313.7 78.64484660449646
11712.9 78.04704541961748
12126.0 77.4713262436321
12553.7 76.96900089117504
12996.1 77.95576850140125
13454.6 77.68523288787908
13928.5 76.57460909895735
14419.9 74.69770137118836
14928.2 73.02007374711319
15454.8 70.86484119492236
15999.8 69.22437728849147
16564.5 67.70525886324235
17148.2 67.23634910555712
17753.2 67.39088332729114
18379.4 66.47024503542617
19027.6 65.58298640247772
19698.5 65.27752101820435
19999.5 64.86817084790718
