Freq "Side Wall Bounce"
20.5078 67.9902239463707
21.9727 70.12531548453325
23.4375 72.32866049316854
24.9023 74.49974509560562
26.3672 76.47216199991597
27.832 78.26727097547638
29.2969 79.69457160417792
30.7617 80.60644842910334
32.2266 81.13526246015338
33.6914 81.40920416136326
35.1562 81.66990100281609
36.6211 81.83020167644787
38.0859 81.91771108547405
39.5508 82.08383309565934
41.0156 82.16244596734322
42.4805 82.33416094636263
43.9453 82.46971888361048
45.4102 82.589580165066
46.875 82.76157560474576
48.3398 82.93223594531774
51.2695 83.26748911696575
52.7344 83.44118706890556
54.1992 83.61160113342598
55.6641 83.71588052280715
58.5938 84.40041813510094
60.0586 84.59635679746629
62.9883 84.91260423401151
64.4531 85.04502036040988
67.3828 85.412006798598
68.8477 85.64236238494547
71.7773 86.02673092329631
74.707 86.48541379273398
77.6367 86.88166558626564
79.1016 87.0947237863124
82.0312 87.45323358443582
84.9609 87.70773059183153
87.8906 87.88833174644905
90.8203 88.22019756715147
95.2148 88.45896610771564
98.1445 88.61772137241324
101.074 88.67088116974381
105.469 88.8506646086376
108.398 88.92905891970658
112.793 88.96954753863844
117.188 88.88052859016902
120.117 88.86574523836606
124.512 88.92249245406724
128.906 88.74208984699976
133.301 88.6614539500832
139.16 88.333041525121
143.555 87.89544591634602
147.949 87.70996642743364
153.809 87.5720616049683
159.668 87.0008823662076
165.527 87.05148589216489
171.387 86.83682974717505
177.246 85.95675002919731
183.105 86.15751514610855
188.965 87.44600290909256
196.289 86.9049840578168
203.613 86.16420087161089
210.938 86.19342956044565
218.262 86.33848234848018
225.586 86.26965631459174
232.91 86.41513429377045
241.699 86.08858268722113
250.488 85.91452327259705
259.277 85.55994842509938
268.066 86.83036749626196
276.855 86.19559877737731
287.109 86.0614174655114
297.363 85.49321367648383
307.617 86.28625503074646
319.336 86.34203250299987
329.59 86.2284925723145
341.309 86.66251814013123
353.027 86.86167653616117
366.211 87.3313505968722
379.395 86.75119717246133
392.578 87.00285115997653
405.762 87.09959436362779
420.41 87.11563924076205
435.059 87.63945092737826
451.172 87.80821849539196
465.82 87.60272036844889
483.398 87.21334405662193
499.512 87.30947456982304
517.09 86.90228270421541
536.133 86.58865895642641
555.176 86.95846036853212
574.219 85.80544822686826
594.727 86.03313388414891
615.234 86.06244594835233
637.207 84.90421647645631
659.18 84.99807791818316
682.617 85.47818115653143
707.52 84.680514282001
732.422 84.6496368428258
757.324 83.94009820848603
785.156 83.78424424882452
811.523 83.2940805715482
840.82 82.82470656070097
870.117 82.63895643592053
900.879 82.25540337152864
933.105 80.70707524207967
965.332 80.41555647969376
1000.49 80.2265992468444
1035.64 81.00065585816208
1072.27 81.95955097173716
1108.89 81.44796330929529
1148.44 79.86395751742619
1189.45 79.33396631824337
1230.47 82.05287333570834
1274.41 81.6840442720084
1319.82 81.77532773193703
1366.7 81.19927399155601
1413.57 80.20472570659855
1463.38 80.47817090770678
1516.11 81.38411108626342
1568.85 81.80841363926527
1624.51 81.41143422010812
1681.64 81.4467398659619
1741.7 81.46177015053992
1803.22 82.23747562649683
1866.21 82.34799942916689
1932.13 81.90884252091865
1999.51 81.76276891514584
2069.82 82.72567065846367
2143.07 82.63367622828602
2219.24 82.48053263749185
2296.88 82.81790793890173
2378.91 83.86064104767199
2462.4 83.50261470014131
2548.83 83.08518368503636
2639.65 84.499127119335
2731.93 84.23787520043832
2828.61 83.38624375759017
2928.22 83.50760597955862
3030.76 83.86547025259591
3137.7 83.13472700077918
3249.02 83.02736018155363
3363.28 83.33619289835438
3481.93 83.38909559650119
3604.98 83.43999806467292
3732.42 83.64498454280537
3864.26 83.52429884370008
4000.49 83.26711383713553
4141.11 83.43619734933796
4287.6 83.00985954914395
4438.48 82.5758415382376
4595.21 81.46022832933568
4756.35 80.84465146600922
4924.8 80.70216991492346
5097.66 80.1877674199543
5277.83 80.8299563044526
5463.87 80.42919372524638
5657.23 80.70984180693927
5856.45 80.49950099477678
6062.99 80.25303111334308
6276.86 79.95619806102142
6498.05 79.99318215769308
6726.56 80.17144346313812
6963.87 80.03481371861888
7209.96 80.13143588365097
7464.84 80.06480764976425
7727.05 80.0767027545583
7999.51 80.08010302256508
8282.23 80.27029636395476
8573.73 80.10662656262434
8876.95 80.00961598481246
9188.96 79.89985816676439
9514.16 79.85551058654909
9849.61 79.77597514243355
10196.8 79.79785434376537
10555.7 79.8470076345051
10927.7 80.03577878137759
11313.0 80.2770138805852
11712.9 80.68780127418478
12126.0 80.81682421478325
12553.7 80.66205796213326
12996.1 80.57458492816968
13454.6 80.48108809661981
13929.2 80.41622048503079
14419.9 80.5141859973246
14928.2 80.52380546394609
15455.6 80.53489942812526
16000.5 80.52580458073277
16564.5 80.41856426410536
17148.9 79.82514077147776
17752.4 79.3524723542578
18379.4 79.06973712285735
19026.9 79.4058828018065
19697.8 80.45218271765053
19999.5 81.05007052832863
