Freq "Rear Wall Bounce"
20.5078 58.21739754516365
21.9727 57.23601603493522
23.4375 64.28810882697815
24.9023 68.04455575109186
26.3672 71.46780079723716
27.832 73.46488768286021
29.2969 74.85085505376414
30.7617 75.5411999591259
32.2266 75.77783612649864
33.6914 75.93709452731919
35.1562 75.9007487036065
36.6211 76.3601244564302
38.0859 76.8316195730932
39.5508 77.40041327374993
41.0156 78.00243124109727
42.4805 78.55348674592739
43.9453 79.01702256679157
45.4102 79.4228881493048
46.875 79.73108744057177
48.3398 79.99713211462203
51.2695 80.46624894644991
52.7344 80.6356732363561
54.1992 80.81469606894792
55.6641 80.95767927360453
58.5938 81.21773524366732
60.0586 81.36543480785643
62.9883 81.71264968277684
64.4531 81.85868323296802
67.3828 82.24440945938302
68.8477 82.42744759866387
71.7773 82.79669884733167
74.707 83.15603780204968
77.6367 83.46122505560159
79.1016 83.58596367402149
82.0312 83.81745267099892
84.9609 84.13204692091134
87.8906 84.46031230333718
90.8203 84.61955753148615
95.2148 84.84899997842084
98.1445 84.95242307889538
101.074 85.00775826905097
105.469 85.13686431380137
108.398 85.2600462253067
112.793 85.25692337807128
117.188 85.1117629963955
120.117 85.3282933510999
124.512 85.42355603219535
128.906 85.2701079344741
133.301 85.07347595055397
139.16 84.93791132357283
143.555 84.80283000355864
147.949 84.90022379715484
153.809 84.59777178419849
159.668 84.35560226086102
165.527 83.93886743588047
171.387 83.81294955209354
177.246 83.64233735380785
183.105 83.71899297760332
188.965 83.48118427451757
196.289 83.25100510123944
203.613 82.86262828132537
210.938 82.38376881714214
218.262 82.5887080176369
225.586 82.28951269380315
232.91 82.08712852208735
241.699 81.20827829899527
250.488 81.02294257582663
259.277 81.02709336117438
268.066 82.11251495078285
276.855 80.95730554598678
287.109 81.04205375402799
297.363 81.6477243688275
307.617 82.18419220907704
319.336 80.70358082516542
329.59 80.67251902884901
341.309 80.1507842326722
353.027 79.51778808009668
366.211 80.28137856909098
379.395 79.98465942746407
392.578 80.03132774750507
405.762 80.43754315580998
420.41 79.82010254262762
435.059 79.7329923902187
451.172 79.0420936738789
465.82 79.1450623465647
483.398 79.16935306987807
499.512 78.96284199119712
517.09 78.1820663112203
536.133 77.50093506231916
555.176 77.47868201259834
574.219 77.30652119306356
594.727 78.37013278431651
615.234 78.70704446423417
637.207 77.94214056327384
659.18 79.14194714748831
682.617 79.39696662286777
707.52 77.85959318904425
732.422 78.67039129724897
757.324 78.9610879790664
785.156 77.08983942892603
811.523 77.49337481137586
840.82 78.2913990350792
870.117 76.8836856290881
900.879 76.69324628834566
933.105 75.48157323041806
965.332 75.0843276443926
1000.49 75.61631422168095
1035.64 74.20088740451315
1072.27 75.39593693460476
1108.89 73.98986149954503
1148.44 74.77059204206
1189.45 73.99144147954237
1230.47 73.66714922186915
1274.41 73.3520364886099
1319.82 73.23761200075438
1366.7 72.92802772483246
1413.57 73.107150068498
1463.38 73.23416036124156
1516.11 73.12297250563351
1568.85 72.55483707646063
1624.51 71.12974071144747
1681.64 71.88119195405241
1741.7 70.28233288306446
1803.22 71.5776288007261
1866.21 71.40372260266977
1932.13 70.63451984617998
1999.51 71.38013278310423
2069.82 70.69886267543872
2143.07 70.83957145165171
2219.24 70.21874079715296
2296.88 70.02661689517713
2378.91 70.36282023805792
2462.4 70.21585968988374
2548.83 70.11326563569428
2639.65 70.33548193045999
2731.93 70.05282819211669
2828.61 69.75105942593943
2928.22 69.01228310197469
3030.76 68.87678773869195
3137.7 69.3270591517462
3249.02 69.3706633930567
3363.28 69.35462110154465
3481.93 69.96324746589812
3604.98 69.15059469299739
3732.42 69.13632123188293
3864.26 68.01438075607926
4000.49 68.04793504962517
4141.11 67.94228898282087
4287.6 68.05244255215455
4438.48 67.37554110553073
4595.21 66.82807877861084
4756.35 65.76283481593649
4924.8 65.8608558063115
5097.66 65.62638004548235
5277.83 65.31706688128865
5463.87 65.57666726506908
5657.23 65.37394445306414
5856.45 65.77357400652573
6062.99 64.80112475593036
6276.86 64.55396197749718
6498.05 63.96317932252988
6726.56 63.80431923730076
6963.87 64.039867067344
7209.96 63.84524478036835
7464.84 63.46911178575364
7727.05 63.51317467607089
7999.51 63.36936196220397
8282.23 62.90476296386764
8573.73 63.217593381647404
8876.95 63.730945673656535
9188.96 63.861459560572825
9514.16 62.96853912650654
9849.61 60.46701099715712
10196.8 58.247747283387625
10555.7 57.536866155835085
10927.7 57.50376291403644
11313.0 55.60890366597816
11712.9 52.82606217346678
12126.0 53.09078616394065
12553.7 54.13835572110669
12996.1 54.60933451930113
13454.6 55.85975419841661
13929.2 56.528688953620005
14419.9 56.470932025571514
14928.2 55.98136665289992
15455.6 55.51249020535779
16000.5 53.731837178994695
16564.5 48.25932570652411
17148.9 43.803909625519665
17752.4 43.528387797327056
18379.4 47.48906479353799
19026.9 48.623524362227286
19697.8 49.84439139899062
19999.5 50.774654944370425
