Freq "Ceiling Bounce"
22.4 39.78999118490208
23.0 41.189991184902055
23.6 42.55137512493158
24.0 43.91330341448054
25.0 45.275773071722455
25.8 46.60630350609421
26.5 47.90630350609419
27.2 49.137324476831765
28.0 50.40085517512193
29.0 51.63263578224692
30.0 52.796961386399204
30.7 53.929508553460835
31.5 55.062563241928586
32.5 56.16256324192858
33.5 57.16256324192858
34.5 58.096129427557926
35.5 59.03021099584015
36.5 59.99612942755792
37.5 60.83021099584016
38.7 61.66481173855077
40.0 62.464811738550765
41.2 63.16481173855075
42.5 63.83398718119044
43.7 64.49913899064609
45.0 65.09913899064608
46.2 65.6685579710459
47.5 66.19913899064608
48.7 66.69993535034098
50.0 67.19993535034097
51.5 67.63558542537827
53.0 68.03337328311424
54.5 68.46957166868896
56.0 68.93732447683175
58.0 69.36884028984994
60.0 69.83732447683177
61.5 70.33732447683175
63.0 70.87432890722086
65.0 71.43732447683178
67.0 72.06957166868898
69.0 72.73732447683176
71.0 73.33732447683177
73.0 73.96884028984994
75.0 74.53263578224689
77.5 75.00085517512193
80.0 75.46491767821267
82.5 75.79770496977349
85.0 76.09770496977349
87.5 76.36639868124065
90.0 76.63100167875544
92.5 76.93100167875545
95.0 77.26639868124064
97.5 77.56639868124064
100.0 77.86639868124064
103.0 78.1023239756058
106.0 78.20232397560578
109.0 78.27176545404224
112.0 78.27176545404224
115.0 78.34169334420909
118.0 78.37176545404223
122.0 78.54169334420911
125.0 78.74169334420912
128.0 78.87176545404225
132.0 78.97176545404224
136.0 78.97176545404224
140.0 78.97176545404224
145.0 78.97176545404224
150.0 78.80847881968155
155.0 78.60847881968157
160.0 78.34932223762078
165.0 77.98708086372197
170.0 77.66912623770227
175.0 77.4416917987866
180.0 77.34169179878663
185.0 77.40847726239447
190.0 77.4416917987866
195.0 77.36912623770226
200.0 77.26912623770227
206.0 77.53032337372903
212.0 77.93032337372904
218.0 78.2584681221953
224.0 78.52045881325787
230.0 78.54932223762079
236.0 78.44932223762078
240.0 78.28708086372198
250.0 78.09702144388633
258.0 77.90847726239448
265.0 77.80847726239448
272.0 77.80847726239448
280.0 77.70847726239448
290.0 77.62144234652372
300.0 77.50341091950244
307.0 77.51949328833595
315.0 77.55187265898405
325.0 77.47742156853457
335.0 77.4101149509897
345.0 77.25187265898404
355.0 77.22675925948218
365.0 77.05187265898405
375.0 76.75187265898406
387.0 76.31244903876383
400.0 75.80864571087436
412.0 75.02217557907503
425.0 73.83038967095897
437.0 72.68629793604214
450.0 72.98494787458482
462.0 74.27051209306204
475.0 75.09959638180813
487.0 75.5567667905535
500.0 75.72842983392992
515.0 75.7687050780901
530.0 75.66423316639154
545.0 75.61815091106476
560.0 75.67781911273576
580.0 76.12675925948216
600.0 76.73533974615752
615.0 76.53056111362525
630.0 75.82891353455335
650.0 74.97588137401613
670.0 73.9894032447375
690.0 73.10121319419582
710.0 72.08104232839631
730.0 71.1503331620351
750.0 70.31485274234657
775.0 70.37670417010592
800.0 70.20227142164349
825.0 69.82481085725732
850.0 70.38751744338546
875.0 70.48079197532209
900.0 70.29506713134447
925.0 70.51283942361209
950.0 69.590294332821
975.0 67.30629414976312
1000.0 66.10913345208363
1030.0 66.36081195040718
1060.0 67.92718888393898
1090.0 67.1416933442091
1120.0 61.15020145155222
1150.0 58.29507213834546
1180.0 63.037063302221284
1220.0 66.71563682283268
1250.0 67.93346540160012
1280.0 69.49029433282101
1320.0 70.16327687532069
1360.0 71.83846356608721
1400.0 73.32185110030684
1450.0 73.68128966112545
1500.0 73.43087046795434
1550.0 73.99457981766845
1600.0 74.11750171857948
1650.0 72.65395083825443
1700.0 71.82429489672268
1750.0 72.13232960445653
1800.0 71.79925887574893
1850.0 70.95024645742137
1900.0 70.18303676616247
1950.0 71.01572862871444
2000.0 71.62076847636524
2060.0 73.0217573723816
2120.0 73.85990376260614
2180.0 74.6651587456272
2240.0 74.69606490745464
2300.0 75.73981031252573
2360.0 76.10224456164775
2400.0 74.16360283727204
2500.0 72.90864906984103
2580.0 71.36917398834414
2650.0 70.69568795393816
2720.0 69.76701965299625
2800.0 69.46252076067981
2900.0 68.23426603906728
3000.0 67.89819078233928
3070.0 67.44317262680454
3150.0 69.31469727992024
3250.0 70.20077094388996
3350.0 72.2710169339357
3450.0 74.00016172982606
3550.0 72.31081126669432
3650.0 71.1743891709389
3750.0 69.97729369699141
3870.0 65.89213943015517
4000.0 63.39915480158355
4120.0 63.42429489672266
4250.0 68.9020764075162
4370.0 70.83132722060878
4500.0 69.95075858061523
4620.0 68.0969853194911
4750.0 66.66011718238039
4870.0 64.78814133766237
5000.0 61.75619730402829
5150.0 63.20296406117957
5300.0 64.7236916738457
5450.0 65.82950855346081
5600.0 63.83646579046872
5800.0 65.51620903300116
6000.0 68.01970888119905
6150.0 65.6092855976334
6300.0 60.18149303790716
6500.0 62.89807486311007
6700.0 66.46524290093454
6900.0 64.20670811684573
7100.0 60.88920078734904
7300.0 62.73554657065476
7500.0 64.9826162709574
7750.0 63.59943478254607
8000.0 65.13983701936611
8250.0 63.44952955687731
8500.0 61.6894191932692
8750.0 62.140697685138775
9000.0 58.02440438988893
9250.0 63.160407561026474
9500.0 60.63823829047091
9750.0 61.64210676822482
10000.0 66.20030382975439
10300.0 61.45393736189351
10600.0 68.16153535501036
10900.0 68.04728741663766
11200.0 58.48467412524201
11500.0 58.372951752604195
11800.0 64.62393047591694
12200.0 66.8366726307841
12500.0 64.01616623018657
12800.0 65.28318753817753
13200.0 62.209833483720246
13600.0 63.237012113928955
14000.0 63.36789806702019
14500.0 62.89523856053242
15000.0 62.81276184045774
15500.0 60.25168098026771
16000.0 60.919405694310996
16500.0 59.01014476728233
17000.0 60.353339342247565
17500.0 59.139810312525725
18000.0 53.200401206912375
18500.0 55.57208532441754
19000.0 61.144591875677904
19500.0 58.85847967296063
