Freq "Floor Bounce"
20.5078 49.79746610816693
21.9727 43.18573280306356
23.4375 51.40443526182074
24.9023 53.274451413913454
26.3672 54.69279334633114
27.832 55.81353944919903
29.2969 57.63627824543684
30.7617 59.62513600915109
32.2266 60.523879949318825
33.6914 61.590274928459166
35.1562 62.704740214448165
36.6211 64.11036613777374
38.0859 65.04002724840076
39.5508 65.84138996018537
41.0156 66.1314840011051
42.4805 67.25560428963456
43.9453 67.670143748881
45.4102 68.531755713618
46.875 69.40435087497598
48.3398 69.97612834786925
51.2695 70.90763452446616
52.7344 71.23803930214505
54.1992 71.8985102422786
55.6641 72.6193343913944
58.5938 73.30278521156647
60.0586 73.60820912787426
62.9883 74.34626548536554
64.4531 74.50503576163077
67.3828 74.82880395189693
68.8477 75.06155715822601
71.7773 75.57378179339001
74.707 75.81489018654688
77.6367 76.0664967641724
79.1016 76.29731088810917
82.0312 76.62446882699852
84.9609 76.80823012185606
87.8906 77.01844760551246
90.8203 77.15036303547177
95.2148 77.38425543691832
98.1445 77.77763951450821
101.074 77.96198113301806
105.469 77.89208410546723
108.398 78.09714913947482
112.793 78.42385424907633
117.188 78.5086145168264
120.117 78.63895172057373
124.512 78.83459140949074
128.906 79.03712633122096
133.301 79.013002950096
139.16 78.92887206221495
143.555 78.9271054114823
147.949 79.2347585091745
153.809 79.35850532573016
159.668 79.39028860157221
165.527 79.53480988045231
171.387 79.38865202565859
177.246 79.33763372729841
183.105 79.28273859645735
188.965 79.22788865842253
196.289 79.52768518028519
203.613 79.44700531510652
210.938 79.4675832128808
218.262 79.42205733115
225.586 79.46449353604905
232.91 79.55117194648443
241.699 79.53112174567133
250.488 79.73389131771638
259.277 79.91244884608577
268.066 79.52966015703205
276.855 79.78018670537422
287.109 79.5259624471575
297.363 79.65540543302225
307.617 79.88229457030664
319.336 79.73632025898816
329.59 79.66506235107302
341.309 79.6419730200415
353.027 79.72131020091878
366.211 79.94439952905006
379.395 80.10514141910059
392.578 79.75542660529541
405.762 79.24364875126247
420.41 80.04598047947584
435.059 79.89124320891958
451.172 80.52576032998188
465.82 80.42666681319287
483.398 80.20203245943112
499.512 80.20733756157605
517.09 80.72944565824912
536.133 80.71922227270079
555.176 81.49549676565393
574.219 81.7417059708605
594.727 80.88026429099868
615.234 80.73246640644876
637.207 80.54992881423675
659.18 80.74133171995936
682.617 80.86179991194739
707.52 81.60098306227262
732.422 81.4740104739993
757.324 81.57901443233328
785.156 81.9418975098602
811.523 80.46886235267975
840.82 80.08819938675353
870.117 79.69583791453266
900.879 79.19097178141055
933.105 78.96193761701747
965.332 78.99544667269299
1000.49 79.2961334202551
1035.64 78.5153549051991
1072.27 79.06302829036414
1108.89 77.56342050776598
1148.44 78.3036940424984
1189.45 78.14240343952295
1230.47 78.80015598428986
1274.41 79.61099288254775
1319.82 79.50694146612187
1366.7 79.38647297299993
1413.57 79.44341601137508
1463.38 79.89169184137715
1516.11 80.10267146925986
1568.85 80.35746762977948
1624.51 79.51491399210278
1681.64 80.16368407801261
1741.7 80.49796681599494
1803.22 81.12082808352494
1866.21 81.87939218289934
1932.13 81.55012133985208
1999.51 81.20972802131783
2069.82 80.66679251712347
2143.07 80.7322565812317
2219.24 80.71401686424484
2296.88 80.09869694283437
2378.91 79.44439463779918
2462.4 79.46335297109673
2548.83 79.28616563941175
2639.65 78.54273147257395
2731.93 78.88215486470318
2828.61 78.8201424723378
2928.22 78.44462764053459
3030.76 78.61314877945567
3137.7 78.69299904576769
3249.02 78.78205921615167
3363.28 78.73827773505926
3481.93 78.84933675979836
3604.98 78.92767523557379
3732.42 78.1677224099248
3864.26 77.31435857285501
4000.49 77.68457024522631
4141.11 78.6991735807458
4287.6 80.20586199613214
4438.48 81.41475101990359
4595.21 82.34563006526565
4756.35 83.39219388591113
4924.8 83.48217669434877
5097.66 84.01076422325481
5277.83 83.25173065012542
5463.87 82.50053316557518
5657.23 81.35065435298067
5856.45 80.49969411479262
6062.99 81.30458342329716
6276.86 80.06769831693722
6498.05 78.18332285652473
6726.56 77.06902102935003
6963.87 78.21011388654193
7209.96 79.31663621196682
7464.84 78.96571149497298
7727.05 78.11772097508513
7999.51 78.95513202407287
8282.23 79.29361824193171
8573.73 79.26790559785606
8876.95 79.33827563309666
9188.96 80.36354452636215
9514.16 81.49467566699332
9849.61 81.15885153279142
10196.8 80.26254729358254
10555.7 80.82010128370348
10927.7 81.59736311374395
11313.0 81.71243162084335
11712.9 81.63496359999824
12126.0 80.76627759969668
12553.7 80.32325765966658
12996.1 80.56717409842645
13454.6 80.1569128773115
13929.2 79.57490296320258
14419.9 79.45463691218589
14928.2 79.5163238481461
15455.6 79.78985523525455
16000.5 80.0753154633007
16564.5 81.12164592075294
17148.9 83.04794803830949
17752.4 82.27612831384987
18379.4 80.21679162250497
19026.9 77.52959840261875
19697.8 75.40454806265149
19999.5 74.57624472693595
