Freq "Rear Wall Bounce"
20.507813 66.76975562272578
21.972656 68.6398347717444
23.4375 70.47036639529367
24.902344 72.17325285591659
26.367188 73.69174396748672
27.832031 74.94609167797876
29.296875 76.01199763759486
30.761719 76.81377148163375
32.226563 77.36640096346638
33.691406 77.61906690854985
35.15625 78.12920610448427
36.621094 78.5363065485853
38.085938 78.88315065720126
39.550781 79.22913148758968
41.015625 79.58393882211783
42.480469 79.95092925875971
43.945313 80.32236026598692
45.410156 80.69133320420032
46.875 81.05132735917624
48.339844 81.41302051013227
51.269531 82.15494892828455
52.734375 82.46579657802681
54.199219 82.74658450356222
55.664063 83.03697934471391
58.59375 83.56906277137404
60.058594 83.83922190242029
62.988281 84.40752005909187
64.453125 84.64711047528671
67.382813 85.0486847340676
68.847656 85.230219666284
71.777344 85.6366196461
74.707031 85.88923023926526
77.636719 86.02216639731506
79.101563 86.07374411698895
82.03125 86.2219576809749
84.960938 86.36468848851247
87.890625 86.38207808733449
90.820313 86.43997385460202
95.214844 86.58588305553371
98.144531 86.68756590632148
101.07422 86.729825613635
105.46875 86.69650026036753
108.39844 86.6202732312172
112.79297 86.59529453009365
117.1875 86.61364049793221
120.11719 86.62632847115934
124.51172 86.47839642414561
128.90625 86.38258575122245
133.30078 86.28260695378127
139.16016 86.1544492533182
143.55469 86.00393754571706
147.94922 85.86340875322827
153.80859 85.85642835950861
159.66797 85.68095357240712
165.52734 85.19321092875728
171.38672 84.95808804628118
177.24609 84.78788840804408
183.10547 84.32251228257292
188.96484 83.96465969821716
196.28906 84.2552888660313
203.61328 83.99234068905587
210.9375 83.46509923944453
218.26172 83.36019348371536
225.58594 83.03132236630353
232.91016 83.384476865234
241.69922 83.62523754987764
250.48828 83.57105091008069
259.27734 83.18785202232051
268.06641 82.83999831124372
276.85547 82.52898174149128
287.10938 81.98490701023987
297.36328 81.87767782528137
307.61719 82.48054252066102
319.33594 83.01566329221629
329.58984 82.52188325758421
341.30859 82.62980780607916
353.02734 82.63314702485796
366.21094 82.5200805781254
379.39453 81.49980504097928
392.57813 81.41505745268391
405.76172 82.16062260575318
420.41016 81.81620284817325
435.05859 81.01281263433005
451.17188 81.87458168159382
465.82031 80.68429226944662
483.39844 81.19014060170039
499.51172 80.64286227242627
517.08984 81.01608047685932
536.13281 81.09186527198474
555.17578 81.43733587897984
574.21875 81.02842358354258
594.72656 79.72006025559199
615.23438 79.9144204703308
637.20703 80.44915128590718
659.17969 80.06598208051814
682.61719 79.55225278987884
707.51953 80.38773929570854
732.42188 80.80876068161469
757.32422 80.16984543744955
785.15625 78.49952610357494
811.52344 78.63547091872684
840.82031 79.13646256350745
870.11719 78.77985256963055
900.87891 79.67041645247566
933.10547 79.03583823610009
965.33203 78.19851772130862
1000.4883 77.48773390922116
1035.6445 76.47276422270374
1072.2656 75.69844852259418
1108.8867 75.88960910823646
1148.4375 75.061554969378
1189.4531 74.75521431267747
1230.4688 74.34329187906482
1274.4141 74.09362274740631
1319.8242 73.60452782554074
1366.6992 73.38031843459552
1413.5742 72.96976644928877
1463.3789 73.02354582923614
1516.1133 72.14139402671525
1568.8477 71.70661295001378
1624.5117 71.32261602545147
1681.6406 71.15579831312833
1741.6992 71.51477998239476
1803.2227 71.17185261683883
1866.2109 70.88581059577018
1932.1289 70.53476502438075
1999.5117 71.36711458215089
2069.8242 71.62785576867653
2143.0664 71.28847126360617
2219.2383 70.90397253660699
2296.875 71.55370824604215
2378.9063 72.02102176540114
2462.4023 72.11195495670131
2548.8281 71.55347491388176
2639.6484 71.60282551441563
2731.9336 71.97730073920157
2828.6133 72.08670991968995
2928.2227 71.72378939355166
3030.7617 71.15633512610313
3137.6953 71.13352900330328
3249.0234 70.7619926520609
3363.2813 69.84977730582246
3481.9336 69.86743289218164
3604.9805 69.80667940693661
3732.4219 69.10283167656723
3864.2578 69.33574978191857
4000.4883 69.87084311159607
4141.1133 69.9868251295395
4287.5977 69.96744006885844
4438.4766 70.45866645681139
4595.2148 70.0959125992186
4756.3477 69.55155744052394
4924.8047 69.74277752643616
5097.6563 68.77323004424096
5277.832 68.90692711476422
5463.8672 69.41593448283635
5657.2266 69.11677456242651
5856.4453 69.28494135317669
6062.9883 69.4722521802039
6276.8555 68.95471664849171
6498.0469 68.336703368591
6726.5625 68.13547767379129
6963.8672 67.44551916432651
7209.9609 67.27227623187471
7464.8438 67.011915220249
7727.0508 66.37237128940679
7999.5117 65.86986883955102
8282.2266 65.41619739828813
8573.7305 64.78336339739161
8876.9531 63.56537843005188
9188.9648 62.87125610886355
9514.1602 62.70388679499348
9849.6094 61.996699676206504
10196.777 60.36399259593844
10555.664 59.62905554857309
10927.734 59.62893275345479
11312.988 59.727465721194136
11712.891 59.95065442049025
12125.977 60.75793339385379
12553.711 60.995608179219346
12996.094 61.17853007619186
13454.59 60.72009717288137
13929.199 59.936294164938175
14419.922 59.29242688745035
14928.223 60.007326849446315
15455.566 60.264277124625636
16000.488 59.880698320027506
16564.453 59.09407871183669
17148.926 57.83727800508649
17752.441 56.01869800003638
18379.395 53.7877134716785
19026.855 52.12728765122935
19697.754 53.225752473281545
19999.512 54.42298467781575
