Freq "Sound Power DI"
22.4 16.15954901768626
23.0 16.25973766235532
23.6 16.35174230424218
24.0 16.868819834837126
25.0 17.718963801293796
25.8 19.030818566298052
26.5 21.653745932793157
27.2 22.983508781009476
28.0 23.11369581578458
29.0 23.236681031822314
30.0 23.164739233246678
30.7 22.460003958857442
31.5 21.56355388095946
32.5 20.358649086099632
33.5 19.88379337286554
34.5 19.025851376084745
35.5 17.74431165084016
36.5 18.480614803225905
37.5 17.50496138230588
38.7 16.348899216894353
40.0 17.326225423774304
41.2 18.52706760662977
42.5 19.741764760697208
43.7 19.633260486217182
45.0 19.802312426426624
46.2 20.6729189840741
47.5 21.425229082565636
48.7 20.531841411587806
50.0 20.088706288746764
51.5 21.325586869919363
53.0 21.64818948686772
54.5 21.575199812557685
56.0 21.486994663935747
58.0 21.29619040685128
60.0 21.181565765653858
61.5 21.143538801230704
63.0 21.072489988981445
65.0 20.96443745136547
67.0 20.967842201043112
69.0 20.804709023570894
71.0 20.524869173771336
73.0 20.635167840642623
75.0 20.36692632964801
77.5 20.09846732665156
80.0 19.918317603075195
82.5 19.717082958480447
85.0 19.577639907203732
87.5 19.530485338559174
90.0 19.517934961215587
92.5 19.813608077182167
95.0 19.87428612091746
97.5 20.056360041499204
100.0 20.069554321987397
103.0 20.1093426434401
106.0 20.127815511761256
109.0 20.11798067387869
112.0 20.224125532085296
115.0 20.194556313205908
118.0 20.22851774120565
122.0 20.34088764044168
125.0 20.308813616573772
128.0 20.294130956121464
132.0 20.246009817922143
136.0 20.297775781362176
140.0 20.32087321245696
145.0 20.41095747387547
150.0 20.42817603548086
155.0 20.50079573129719
160.0 20.649284356144307
165.0 20.616775653307798
170.0 20.66090055428137
175.0 20.70949734031676
180.0 20.783560971277026
185.0 20.7186699062828
190.0 20.677711346030733
195.0 20.719058446208322
200.0 20.855512113226197
206.0 21.039283304648578
212.0 21.414815176570073
218.0 21.73986762954064
224.0 22.07590522794102
230.0 22.087119158859295
236.0 22.170407986187698
240.0 22.185799673873177
250.0 22.142543007958537
258.0 22.162468750113504
265.0 22.10417168828235
272.0 21.983325030773358
280.0 21.842910864167266
290.0 21.714495963891522
300.0 21.629530914397805
307.0 21.670754605387955
315.0 21.738071437978405
325.0 21.710489098593868
335.0 21.861197987742187
345.0 22.286666279023052
355.0 22.756391044373743
365.0 22.902451566166008
375.0 22.894272837056775
387.0 23.130039159029323
400.0 23.27547159415053
412.0 23.34891353851141
425.0 23.29839601782949
437.0 23.10952449988011
450.0 22.926331938995403
462.0 22.928775779491133
475.0 23.05293275609455
487.0 23.23200127421697
500.0 23.581063164753303
515.0 23.961887745016824
530.0 24.153105915879067
545.0 24.244626244595466
560.0 24.201174601403523
580.0 24.184573948254652
600.0 23.97327684654084
615.0 23.67284705108905
630.0 23.636056760847424
650.0 23.94615334463964
670.0 24.260562437601763
690.0 24.888446012035857
710.0 25.407326078720914
730.0 25.728641668748708
750.0 25.841856082963616
775.0 25.78098608352913
800.0 25.648100737361588
825.0 25.29803455101164
850.0 25.219615442440855
875.0 25.49206339564138
900.0 25.833106866732763
925.0 26.286536058722305
950.0 26.343800269293
975.0 26.337813643453075
1000.0 26.224920340358707
1030.0 25.823645849600226
1060.0 25.634241360570442
1090.0 25.791936696875666
1120.0 26.007264489056155
1150.0 26.011642567199033
1180.0 25.626976105773167
1220.0 25.129292248792268
1250.0 24.551462599197237
1280.0 24.236575036799877
1320.0 24.211858739340542
1360.0 24.628842193766616
1400.0 25.398497608578282
1450.0 26.288805629900153
1500.0 26.999163666940362
1550.0 27.06582538678053
1600.0 26.916305182942338
1650.0 26.722337334215126
1700.0 26.71146077327802
1750.0 26.18212163350171
1800.0 25.719890387176605
1850.0 26.028660907796777
1900.0 26.051306781743335
1950.0 25.977514682702463
2000.0 26.598693296589076
2060.0 26.990786047920196
2120.0 26.75247997113202
2180.0 27.145541982061673
2240.0 27.33596343133179
2300.0 27.744298204823593
2360.0 27.87456033386465
2400.0 27.821520507946403
2500.0 28.238580114958992
2580.0 28.205313674495443
2650.0 28.132132747356508
2720.0 27.850468725959573
2800.0 27.90688281768152
2900.0 27.92481004238539
3000.0 28.352614929355497
3070.0 28.781455301872285
3150.0 28.5996771502885
3250.0 28.41559098583285
3350.0 28.09649235708271
3450.0 27.718848235968082
3550.0 27.16516237862416
3650.0 26.007439868661507
3750.0 25.74114179716595
3870.0 27.257583040511122
4000.0 27.66802607954709
4120.0 27.962078513155802
4250.0 27.87239124307996
4370.0 27.672546737737363
4500.0 27.561968026461074
4620.0 26.909500612138643
4750.0 26.74424717425768
4870.0 27.560093153214467
5000.0 27.761599365514073
5150.0 27.994481083357172
5300.0 28.083337310292194
5450.0 27.907623746919697
5600.0 26.79577024564456
5800.0 25.13138664565834
6000.0 25.356170078681913
6150.0 25.945432615842435
6300.0 26.49268317967409
6500.0 26.799670015700784
6700.0 26.786552604329557
6900.0 26.855116212621255
7100.0 27.248619074728197
7300.0 27.282962773383133
7500.0 27.137667034659046
7750.0 27.231380088930763
8000.0 27.263641320514495
8250.0 27.653602051890687
8500.0 28.44600313254098
8750.0 28.490740177064637
9000.0 28.162555301524847
9250.0 28.311335814546425
9500.0 28.01386208598666
9750.0 27.376043978791287
10000.0 27.394272097505407
10300.0 27.08989654267772
10600.0 25.617731470840454
10900.0 24.412502144023435
11200.0 25.606927792919677
11500.0 27.395254803813984
11800.0 28.241839920837634
12200.0 28.70137707669113
12500.0 29.335260101346876
12800.0 30.124548004045124
13200.0 30.63911808321093
13600.0 30.571554046202678
14000.0 30.26899063538525
14500.0 30.052577657602015
15000.0 29.65148673181048
15500.0 27.92182731063015
16000.0 28.271590635983515
16500.0 30.490390521085615
17000.0 31.4681798374329
17500.0 32.11171070237222
18000.0 32.89804289610532
18500.0 32.48458010248751
19000.0 31.455831334753967
19500.0 30.16700375836882
