Freq "Side Wall Bounce"
22.4 32.20955151060696
23.0 23.998513867659938
23.6 24.50533539426351
24.0 31.642671965588818
25.0 32.25840523715743
25.8 27.750357102080102
26.5 28.727383190778795
27.2 32.183963336437955
28.0 31.72576043883214
29.0 33.42160421194953
30.0 35.56713748680227
30.7 38.02035389580024
31.5 41.08141465781682
32.5 41.665349483036294
33.5 42.54309793414947
34.5 45.29275274108042
35.5 48.33506095470182
36.5 50.39388962199226
37.5 51.95582966376523
38.7 53.8749013356657
40.0 56.09273353629044
41.2 57.63272251511023
42.5 59.04231969137618
43.7 60.55211850884774
45.0 62.21299375313339
46.2 64.23247785997972
47.5 65.74229888325533
48.7 67.09202957826233
50.0 68.82217012678531
51.5 69.99202957826233
53.0 71.23248865334031
54.5 72.69246604881508
56.0 73.98297917066122
58.0 75.21160775357222
60.0 76.29223490306906
61.5 77.2630385110928
63.0 78.23225429316975
65.0 79.26303851109282
67.0 80.09246604881507
69.0 80.80171700098244
71.0 81.60171700098243
73.0 82.30308588860193
75.0 82.79246604881507
77.5 83.21231427096112
80.0 83.75279770917174
82.5 84.1329414552236
85.0 84.03407681919073
87.5 84.42375684619361
90.0 85.59225033143665
92.5 85.89202957826232
95.0 85.79386905949507
97.5 85.89386905949506
100.0 85.9728011953694
103.0 85.9632712159597
106.0 85.92309922446711
109.0 85.83364451080145
112.0 85.68438524897925
115.0 85.39753089202442
118.0 85.25032367129953
122.0 85.66330370204948
125.0 86.11806687129777
128.0 85.74646076227317
132.0 85.28598583097927
136.0 84.9573998028882
140.0 84.42238370417243
145.0 84.20691090445854
150.0 84.47837578143147
155.0 84.49630042532775
160.0 83.90347473992345
165.0 83.44646593878575
170.0 83.393914278199
175.0 83.27699507433402
180.0 82.68979107808164
185.0 81.87572399296805
190.0 82.02960275447234
195.0 82.32978902809617
200.0 81.82929738977947
206.0 81.95716594887351
212.0 82.06989009145987
218.0 81.66770621746544
224.0 81.45447280109889
230.0 81.77400582366091
236.0 81.29059141194101
240.0 80.4358899719599
250.0 80.19640562061534
258.0 79.5943353347094
265.0 79.60032858254324
272.0 79.7963450612915
280.0 79.38152315923001
290.0 79.55340065350592
300.0 80.5722205881567
307.0 82.38334100326261
315.0 84.36705681059951
325.0 84.9309715634584
335.0 83.88514227701698
345.0 82.58009541800472
355.0 82.2167940947094
365.0 81.84662588751176
375.0 81.37155662378429
387.0 81.14115218833577
400.0 81.07907043646449
412.0 80.72563550762028
425.0 80.76902979450112
437.0 82.5040979029182
450.0 84.7437836142178
462.0 84.7318104237355
475.0 83.83924502167078
487.0 82.81948065082148
500.0 82.21247703032839
515.0 83.3525885069907
530.0 83.10210057251871
545.0 82.78391763410613
560.0 83.54864833248047
580.0 80.48802420581254
600.0 78.7916842016628
615.0 80.49302428466413
630.0 81.44287383705455
650.0 80.76384261101957
670.0 78.95595520037172
690.0 79.41099352076122
710.0 81.86502106101247
730.0 81.29092697044963
750.0 78.84763748772002
775.0 78.24503212070337
800.0 79.05752709854607
825.0 77.38179645409186
850.0 77.55549654857751
875.0 79.6725496515991
900.0 79.77667180239916
925.0 78.74367669797996
950.0 79.09980310333994
975.0 79.34272103026598
1000.0 77.98453526905209
1030.0 78.19160241749113
1060.0 78.0611812683974
1090.0 77.74496265198091
1120.0 78.60632570499813
1150.0 78.37909327665758
1180.0 78.53424893765423
1220.0 78.96845893522857
1250.0 78.47477922422159
1280.0 78.42575480713577
1320.0 79.09387748795373
1360.0 79.89990219594023
1400.0 80.50382287706968
1450.0 81.03231441106192
1500.0 81.15945920076182
1550.0 80.97999295595582
1600.0 80.85070292060539
1650.0 81.10503762668233
1700.0 82.00730824688728
1750.0 82.91992819930826
1800.0 83.04466579421
1850.0 82.61967099862804
1900.0 82.0064312450672
1950.0 81.82960239403795
2000.0 82.18818592256115
2060.0 81.95485383241544
2120.0 81.19865312377793
2180.0 80.70387138855966
2240.0 80.87748873218867
2300.0 80.99638960262028
2360.0 80.71131150650005
2400.0 80.0844293390183
2500.0 79.42118229329917
2580.0 78.93694267959846
2650.0 78.46359618175646
2720.0 78.56485455611204
2800.0 79.54363838374242
2900.0 80.0866162314784
3000.0 80.35936058229525
3070.0 80.54228511532091
3150.0 80.67438039709626
3250.0 81.09352418874872
3350.0 81.71227870793837
3450.0 82.17383391045263
3550.0 82.30090944609083
3650.0 82.06885459714775
3750.0 81.23654594227852
3870.0 80.64540232925815
4000.0 80.81223789680013
4120.0 80.51296585364346
4250.0 80.45279778712566
4370.0 80.78276313213931
4500.0 81.1429773670545
4620.0 81.90713381141431
4750.0 82.5534759298609
4870.0 83.09523201937
5000.0 83.73067417613666
5150.0 83.87407617732015
5300.0 83.25484125262821
5450.0 81.92416176427162
5600.0 80.24453943830524
5800.0 78.56567325948708
6000.0 76.95492285992341
6150.0 76.5496355911608
6300.0 78.25519350888875
6500.0 80.30258101295652
6700.0 81.3346936945358
6900.0 81.4492039436214
7100.0 81.16548066617909
7300.0 80.34746928417712
7500.0 79.96892549974393
7750.0 80.14301378958865
8000.0 80.27956692390259
8250.0 80.7805751572365
8500.0 81.4676740697388
8750.0 82.35072269389643
9000.0 83.4139276132471
9250.0 83.82978749540358
9500.0 83.60874766985057
9750.0 83.03725815839998
10000.0 80.53757495890757
10300.0 75.5481768677491
10600.0 73.60101028602136
10900.0 76.80888460930544
11200.0 79.54499118360349
11500.0 80.60749964975994
11800.0 81.33382666607001
12200.0 81.31883526752642
12500.0 79.97289493702681
12800.0 78.7982303897312
13200.0 77.81615181562867
13600.0 78.17973864173369
14000.0 79.74075855879217
14500.0 79.17370512740597
15000.0 79.89894959235639
15500.0 80.04946161399684
16000.0 77.49753221975531
16500.0 76.26567621209381
17000.0 78.96027108985675
17500.0 79.66495751516163
18000.0 77.96426284231916
18500.0 78.5235737474882
19000.0 78.98742571940647
19500.0 78.05180107546747
