Freq "Estimated In-Room Response"
20.5078 41.783625446532724
21.9727 44.88192946416858
23.4375 44.41926204494355
24.9023 49.127326253711246
26.3672 50.05022637429589
27.832 52.70527673178246
29.2969 53.896904370967846
30.7617 55.95365518315897
32.2266 58.12943643785822
33.6914 60.20415795897027
35.1562 61.866320375310465
36.6211 63.59628454483179
38.0859 65.02305676907422
39.5508 66.76856484105771
41.0156 68.45302530336984
42.4805 69.46262711655363
43.9453 71.27686529238863
45.4102 72.68242220801086
46.875 74.04314182437403
48.3398 75.23474043259291
51.2695 77.41183032238206
52.7344 78.355929910764
54.1992 79.2042412795107
55.6641 79.8525975105232
58.5938 80.7734011298487
60.0586 81.10763403269652
62.9883 81.51948246279441
64.4531 81.72039199414603
67.3828 81.98096065716517
68.8477 82.08456476683541
71.7773 82.27994672833331
74.707 82.4423240591122
77.6367 82.6041907995028
79.1016 82.66416189086156
82.0312 82.7101263029099
84.9609 82.78669701388687
87.8906 82.87800317200985
90.8203 83.1113456796846
95.2148 83.10080886293221
98.1445 83.26121846569744
101.074 83.26957049635418
105.469 83.46917815812864
108.398 83.65831964088294
112.793 83.79343573988643
117.188 83.92350745562318
120.117 83.99318119463918
124.512 84.02813149666027
128.906 84.10318828611763
133.301 84.19641402014064
139.16 84.31120700079609
143.555 84.36426017858915
147.949 84.3839842349064
153.809 84.48822393844316
159.668 84.52151068010983
165.527 84.77828618941008
171.387 84.76661861809593
177.246 84.75721682868202
183.105 84.70562277416398
188.965 84.6973161071234
196.289 84.71461028260157
203.613 84.6638741920669
210.938 84.77504903840769
218.262 84.82984405236814
225.586 84.58345520412864
232.91 83.34322432507001
241.699 83.59685927792597
250.488 83.78925425503759
259.277 84.1221671037113
268.066 84.05074646210574
276.855 83.99145651986534
287.109 84.01202529302923
297.363 83.88282289931448
307.617 83.92628201323485
319.336 83.65836636122806
329.59 83.36808763208968
341.309 83.26578783357633
353.027 83.11939208599411
366.211 82.93517600674464
379.395 83.08148732283202
392.578 82.96740809302094
405.762 82.91362521776593
420.41 82.92381737385448
435.059 82.79286311419547
451.172 83.05626509417749
465.82 83.18706534561015
483.398 83.4370160708877
499.512 83.21758197726275
517.09 83.52860346500512
536.133 83.05772812193362
555.176 83.4542657334707
574.219 83.59031744178657
594.727 83.14327092042296
615.234 83.16223276861655
637.207 83.00815451667808
659.18 82.13004552926455
682.617 81.56078050689699
707.52 81.4278193051694
732.422 81.26863190629729
757.324 81.50646836190938
785.156 82.4435375984097
811.523 83.18935016831811
840.82 80.90115155273432
870.117 81.23644876111139
900.879 81.9805523634238
933.105 81.86937911857517
965.332 81.78605149984355
1000.49 81.89156048972323
1035.64 81.35677572843393
1072.27 81.25205745610862
1108.89 80.31847819169025
1148.44 80.157841360369
1189.45 80.2991392919328
1230.47 79.84811327996967
1274.41 79.53372002619095
1319.82 79.14476378450668
1366.7 78.87580633804698
1413.57 79.09511776465148
1463.38 79.93577105804873
1516.11 80.27825579347586
1568.85 79.76802267631244
1624.51 79.59966740155404
1681.64 80.20385005961899
1741.7 80.5548652950896
1803.22 80.50256212143793
1866.21 80.0053185160479
1932.13 79.7068150900826
1999.51 79.81913139054667
2069.82 80.06445650198081
2143.07 80.24732544621253
2219.24 80.13827813389408
2296.88 79.75915699313694
2378.91 79.99983228936414
2462.4 80.6484591927845
2548.83 81.07405177004632
2639.65 81.01435643676047
2731.93 80.57016205547065
2828.61 80.42267834458123
2928.22 80.92417894979198
3030.76 81.02478924623061
3137.7 80.85449486707142
3249.02 80.45697349577034
3363.28 79.97225367573215
3481.93 80.05306250052712
3604.98 80.24690872588447
3732.42 80.23127537953627
3864.26 80.3222646100689
4000.49 79.71224138020717
4141.11 80.11827235559572
4287.6 80.15516692797368
4438.48 80.34878361763865
4595.21 79.90301202010211
4756.35 79.64471804824673
4924.8 78.98828621029602
5097.66 77.21462151468906
5277.83 76.25916566389502
5463.87 77.05401641841054
5657.23 78.5062688440235
5856.45 79.08489067437495
6062.99 79.96264528319136
6276.86 80.05783478372413
6498.05 79.59790963163195
6726.56 79.43777894001538
6963.87 78.90326436777384
7209.96 79.27624420476725
7464.84 79.31885175563997
7727.05 78.94473944306037
7999.51 79.05810640287756
8282.23 78.48631612605716
8573.73 77.7612713177647
8876.95 78.14663789477429
9188.96 79.16137853642526
9514.16 79.33837485818609
9849.61 78.90514860197271
10196.8 78.26545712730068
10555.7 77.84303989226773
10927.7 77.59250761198494
11313.0 77.3835150293384
11712.9 77.07255787343408
12126.0 76.68084035501674
12553.7 76.65134979142339
12996.1 76.57699454709693
13454.6 76.24170566886784
13929.2 75.88135864702144
14419.9 75.87327368804817
14928.2 75.84464699582355
15455.6 75.79353611257791
16000.5 75.68420922804317
16564.5 75.9268135453185
17148.9 75.80864634719008
17752.4 75.86510247528253
18379.4 75.94201765217763
19026.9 75.7406028971424
19697.8 75.28819697688168
19999.5 75.1350254947585
