Freq "Sound Power DI"
22.4 40.0
23.0 40.0
23.6 40.0
24.0 40.0
25.0 40.0
25.8 40.0
26.5 40.0
27.2 40.0
28.0 40.0
29.0 40.0
30.0 40.0
30.7 40.0
31.5 40.0
32.5 40.0
33.5 47.86859548037383
34.5 47.772175450272755
35.5 47.734447624864885
36.5 47.67447319889746
37.5 47.58910318684737
38.7 47.515020672437984
40.0 47.46483574479082
41.2 47.39517866390652
42.5 47.330193947198154
43.7 47.252513111344996
45.0 47.20287554179673
46.2 47.12583607598293
47.5 47.063908330086704
48.7 46.990787864539
50.0 46.940757194475964
51.5 46.8601532147315
53.0 46.793013988999334
54.5 46.73053289683294
56.0 46.65345577606048
58.0 46.573349841527246
60.0 46.5013061916203
61.5 46.41775053714174
63.0 46.362923585182685
65.0 46.3089376129431
67.0 46.19057217285378
69.0 46.00365357365483
71.0 45.84595309700126
73.0 45.7543707345242
75.0 45.62290915622643
77.5 45.563220039270675
80.0 45.50104830750894
82.5 45.43406409906055
85.0 45.36653853721019
87.5 45.3066363075952
90.0 45.263532099970305
92.5 45.22777301760921
95.0 45.17535183077007
97.5 45.16548857723764
100.0 45.134463487028995
103.0 45.120056634800775
106.0 45.09975665973225
109.0 45.08480291416433
112.0 45.08749721242374
115.0 45.05867469670507
118.0 45.058846543467254
122.0 45.03076112089008
125.0 45.06952368377759
128.0 45.04861440251804
132.0 45.03935098163579
136.0 45.03623847696335
140.0 45.0030736269303
145.0 44.98756089036118
150.0 44.987405869574076
155.0 44.99622351792716
160.0 44.990811386039496
165.0 44.99541396920891
170.0 44.97973556093257
175.0 44.93827363137214
180.0 44.93263347559065
185.0 44.910018756983604
190.0 44.908490522261076
195.0 44.87398772380678
200.0 44.8618455261998
206.0 44.82221361327875
212.0 44.8185721720256
218.0 44.80142086001594
224.0 44.762847946043536
230.0 44.718263390646655
236.0 44.74105272861098
240.0 44.72405051094937
250.0 44.71275467428609
258.0 44.70437069492729
265.0 44.71644970753748
272.0 44.74286149235891
280.0 44.7675559406356
290.0 44.83557029465493
300.0 44.91288111265325
307.0 44.99838003487554
315.0 45.13074149814601
325.0 45.28014336611727
335.0 45.4207977675115
345.0 45.554627136046406
355.0 45.73003316104014
365.0 45.924860371681845
375.0 46.02033726291526
387.0 46.160339285487396
400.0 46.26205200057474
412.0 46.37687315344782
425.0 46.43987536533987
437.0 46.504242851227716
450.0 46.58206494755663
462.0 46.649290463074124
475.0 46.73422729300968
487.0 46.807649433243384
500.0 46.888680051082844
515.0 46.989403334042635
530.0 47.026544130934965
545.0 47.13644436395268
560.0 47.1788816213148
580.0 47.29768993216942
600.0 47.3410703894543
615.0 47.453216401983894
630.0 47.53078977028386
650.0 47.588840227755995
670.0 47.58183205679228
690.0 47.50503068162405
710.0 47.40471693146367
730.0 47.23995903733531
750.0 47.08111536590262
775.0 46.99244845134251
800.0 46.893730712482835
825.0 46.8612608066438
850.0 46.85156791087188
875.0 46.861834664962245
900.0 46.85596311755819
925.0 46.8923335337884
950.0 46.90380785282163
975.0 46.95165794163347
1000.0 47.04367312681239
1030.0 47.1292272270768
1060.0 47.226839190411965
1090.0 47.349182543903055
1120.0 47.47940044735748
1150.0 47.58438694039042
1180.0 47.668740302852825
1220.0 47.72909624108311
1250.0 47.76411556090993
1280.0 47.80049678714683
1320.0 47.809762577368005
1360.0 47.79267408933387
1400.0 47.772069957709505
1450.0 47.715695702944444
1500.0 47.71462002071074
1550.0 47.69632407535708
1600.0 47.70289842769647
1650.0 47.684692075517674
1700.0 47.70856264724692
1750.0 47.73526743713522
1800.0 47.77020970574634
1850.0 47.85289139974782
1900.0 48.01293386744918
1950.0 48.25617964456218
2000.0 48.63198932428928
2060.0 49.05045066504154
2120.0 49.41162312477168
2180.0 49.66829196484774
2240.0 49.872510281232906
2300.0 50.010312232970634
2360.0 50.13451084606119
2400.0 50.309742104061655
2500.0 50.51588277989667
2580.0 50.76052516524051
2650.0 50.95586578560473
2720.0 51.0167259266461
2800.0 50.87839692633604
2900.0 50.446399817280124
3000.0 49.911132267547174
3070.0 49.33880790772204
3150.0 48.8511426321047
3250.0 48.55218865194057
3350.0 48.44755238285737
3450.0 48.4018207523216
3550.0 48.34240789024756
3650.0 48.15143809168234
3750.0 47.98476912147437
3870.0 47.923356466307496
4000.0 47.963920753598615
4120.0 48.040154064967695
4250.0 48.12812744279309
4370.0 48.2003618682584
4500.0 48.26786470948021
4620.0 48.35212595169803
4750.0 48.523548682522716
4870.0 48.59804464141145
5000.0 48.62333154912659
5150.0 48.52953761272947
5300.0 48.46346381511691
5450.0 48.49697004048002
5600.0 48.38775630743132
5800.0 48.345351125447706
6000.0 48.24150290742544
6150.0 48.29994676696248
6300.0 48.59625999586939
6500.0 48.75121482755851
6700.0 48.795746299456354
6900.0 48.66302505978284
7100.0 48.37687792797665
7300.0 48.20599069520448
7500.0 48.297851706027956
7750.0 48.5192880990226
8000.0 48.64640875566617
8250.0 48.573958059289325
8500.0 48.41356833797933
8750.0 48.53251679659819
9000.0 48.60185237034773
9250.0 48.52937791217337
9500.0 48.40292373394011
9750.0 48.430870380883334
10000.0 48.554002148519956
10300.0 48.74278906223333
10600.0 48.8420541586855
10900.0 48.787729401806715
11200.0 48.82429867496029
11500.0 48.77342859904907
11800.0 48.737156235997034
12200.0 49.00410849171129
12500.0 49.24248228541384
12800.0 49.25786237850572
13200.0 49.496883087098084
13600.0 49.75960297709993
14000.0 49.90017475616369
14500.0 50.02810301394899
15000.0 49.836661343256225
15500.0 50.438052714866586
16000.0 51.69927109465817
16500.0 51.57161467390284
17000.0 51.240516358109005
17500.0 52.049512334012874
18000.0 52.13959164936078
18500.0 50.587573408752945
19000.0 48.163224800830335
19500.0 48.6762145366706
