Freq "Sound Power"
22.4 -182.30632911392402
23.0 -182.30632911392402
23.6 -182.30632911392402
24.0 -182.30632911392402
25.0 -182.30632911392402
25.8 -182.30632911392402
26.5 -182.30632911392402
27.2 -182.30632911392402
28.0 -182.30632911392402
29.0 -182.30632911392402
30.0 -182.30632911392402
30.7 -182.30632911392402
31.5 -182.30632911392402
32.5 -182.30632911392402
33.5 72.48447648966604
34.5 72.99693100422436
35.5 73.52166092755459
36.5 74.06555271883254
37.5 74.58000326764977
38.7 75.15408578205913
40.0 75.7042707097063
41.2 76.29027470998304
42.5 76.8767152704334
43.7 77.46584782151685
45.0 78.05323301062276
46.2 78.6810731416486
47.5 79.28375584346757
48.7 79.88171651251277
50.0 80.48273428887114
51.5 81.05050235864586
53.0 81.59620428685163
54.5 82.058685379018
56.0 82.48144383812729
58.0 82.81586843432372
60.0 83.03769987728435
61.5 83.13400804504845
63.0 83.12310965826434
65.0 83.03006845596157
67.0 82.96566850946778
69.0 83.20425443067808
71.0 83.34936644618506
73.0 83.41680315661922
75.0 83.40165889665234
77.5 83.34991267551337
80.0 83.24162488140595
82.5 83.13027679983944
85.0 83.01615979183082
87.5 82.8760620214458
90.0 82.7191662290707
92.5 82.57363035603281
95.0 82.42605154287193
97.5 82.28138902586264
100.0 82.23127374250123
103.0 82.44568059472945
106.0 82.60164671390973
109.0 82.75743670022833
112.0 82.8547424019689
115.0 82.94272867693692
118.0 82.99556337850596
122.0 83.03497610864014
125.0 83.07271593061506
128.0 83.09362521187461
132.0 83.15001324675883
136.0 83.30600113742929
140.0 83.43916598746233
145.0 83.55467872403148
150.0 83.65483374481859
155.0 83.7460160964655
160.0 83.81846440350016
165.0 83.88268448823464
170.0 83.9513747865961
175.0 83.99283671615653
180.0 84.03336096868216
185.0 84.08723972098235
190.0 84.12261982526758
195.0 84.15712262372188
200.0 84.16926482132885
206.0 84.10889673424992
212.0 84.0556160891476
218.0 83.99689634634944
224.0 83.95735884438442
230.0 83.90194339978129
236.0 83.75726447775442
240.0 83.57426669541604
250.0 83.41968423647036
258.0 83.26400773845539
265.0 83.07665106853011
272.0 82.82094902204429
280.0 82.5560541721304
290.0 82.30083755325784
300.0 82.04257775800251
307.0 81.75975571706172
315.0 81.44761634938405
325.0 81.16952340946025
335.0 80.88045279280881
345.0 80.61990557368763
355.0 80.34449954869388
365.0 80.10215088272615
375.0 79.89048304120051
387.0 79.71357581356168
400.0 79.52573222220332
412.0 79.40950689956955
425.0 79.2801314148662
437.0 79.15166106789873
450.0 78.97596801670332
462.0 78.80295578559281
475.0 78.5989897920576
487.0 78.31375504291911
500.0 78.06499199280394
515.0 77.80917403477103
530.0 77.60805870401185
545.0 77.58087871557763
560.0 77.63984768273309
580.0 77.87296578675996
600.0 78.15111946485365
615.0 78.49243384721115
630.0 78.83158432455039
650.0 79.17326813675905
670.0 79.52691400737454
690.0 79.8583237232533
710.0 80.19385550771193
730.0 80.52024261112672
750.0 80.81737487585526
775.0 81.13416622980999
800.0 81.44858204638395
825.0 81.7538367953879
850.0 81.98664681242839
875.0 82.2345129795449
900.0 82.42352881389516
925.0 82.59757829837064
950.0 82.73127912463076
975.0 82.81774253958109
1000.0 82.9212023916644
1030.0 82.98481124574818
1060.0 83.0596593309117
1090.0 83.06694631156901
1120.0 83.08554847201155
1150.0 83.07342589635915
1180.0 83.05879346142007
1220.0 83.02720834219471
1250.0 82.98111828607878
1280.0 82.91281931258234
1320.0 82.81995731135356
1360.0 82.683621831206
1400.0 82.52646207516113
1450.0 82.3510298982562
1500.0 82.15602931113384
1550.0 81.93611906993348
1600.0 81.68593006504328
1650.0 81.41767828218255
1700.0 81.11883705653815
1750.0 80.74740587000224
1800.0 80.31748314517215
1850.0 79.78279800281553
1900.0 79.1575742551471
1950.0 78.5092996692297
2000.0 77.86079531511238
2060.0 77.36751288793525
2120.0 77.10979074187975
2180.0 76.99595848249575
2240.0 76.97632712690505
2300.0 76.84005480090056
2360.0 76.58989378181055
2400.0 76.17738777679824
2500.0 75.68255215167424
2580.0 75.20475244906463
2650.0 74.8065856831649
2720.0 74.52663063441588
2800.0 74.42166510557165
2900.0 74.53427036991698
3000.0 74.7487735158123
3070.0 75.09685076387149
3150.0 75.44345516135058
3250.0 75.7219141241161
3350.0 75.90071898571622
3450.0 75.93060352073441
3550.0 75.98120117345364
3650.0 76.15015041344702
3750.0 76.30847625298378
3870.0 76.47547813648424
4000.0 76.55783265502107
4120.0 76.54613188156951
4250.0 76.59310284810651
4370.0 76.77269564878856
4500.0 76.91328649977073
4620.0 77.01734814169916
4750.0 77.11849212825904
4870.0 77.29276832226871
5000.0 77.5310578663054
5150.0 77.8026170946946
5300.0 77.91127333614736
5450.0 77.74902294263035
5600.0 77.98565182910757
5800.0 78.41312496598911
6000.0 78.6153066767406
6150.0 78.44783828015082
6300.0 78.33146922295222
6500.0 78.30831784327324
6700.0 77.96800487501653
6900.0 77.84030485943502
7100.0 77.94991944976194
7300.0 77.67079414392364
7500.0 77.53121375381627
7750.0 77.73321391148276
8000.0 77.60666198216572
8250.0 77.28566224323617
8500.0 77.2627341062142
8750.0 77.12647709020774
9000.0 76.88968789134476
9250.0 76.65632082679232
9500.0 76.8036506027996
9750.0 77.1252027015407
10000.0 77.31169600357077
10300.0 77.59227665642447
10600.0 77.65052707629346
10900.0 77.50722284735096
11200.0 77.3773928639864
11500.0 77.031761248922
11800.0 76.50809412465921
12200.0 76.0260416022097
12500.0 75.67262424514433
12800.0 75.3135396830205
13200.0 75.27403615483597
13600.0 74.85592980067341
14000.0 74.27583016801727
14500.0 74.12575301612239
15000.0 72.63160416709482
15500.0 71.37321177903904
16000.0 70.21729286009595
16500.0 69.1118859408065
17000.0 68.19416993909527
17500.0 68.05427172966299
18000.0 67.89725730114041
18500.0 68.21772928420975
19000.0 67.78930807440867
19500.0 64.54487088096712
