Freq "On Axis"
22.4 39.241772151898715
23.0 40.241772151898715
23.6 41.34177215189874
24.0 42.541772151898726
25.0 43.84177215189874
25.8 45.14177215189872
26.5 46.541772151898726
27.2 48.041772151898726
28.0 49.44177215189873
29.0 50.84177215189874
30.0 52.14177215189872
30.7 53.44177215189873
31.5 54.741772151898715
32.5 55.94177215189873
33.5 57.14177215189872
34.5 58.44177215189873
35.5 59.741772151898715
36.5 61.34177215189874
37.5 63.14177215189872
38.7 65.14177215189872
40.0 67.04177215189873
41.2 68.94177215189873
42.5 70.74177215189872
43.7 72.24177215189873
45.0 73.74177215189873
46.2 75.04177215189873
47.5 76.34177215189872
48.7 77.54177215189873
50.0 78.74177215189873
51.5 79.84177215189872
53.0 80.84177215189872
54.5 81.84177215189871
56.0 82.84177215189874
58.0 83.74177215189873
60.0 84.54177215189873
61.5 85.34177215189874
63.0 85.94177215189873
65.0 86.54177215189873
67.0 87.04177215189873
69.0 87.44177215189873
71.0 87.64177215189872
73.0 87.84177215189874
75.0 87.94177215189873
77.5 87.94177215189873
80.0 88.04177215189873
82.5 88.04177215189873
85.0 88.14177215189872
87.5 88.24177215189872
90.0 88.24177215189872
92.5 88.34177215189872
95.0 88.34177215189872
97.5 88.44177215189873
100.0 88.44177215189873
103.0 88.44177215189873
106.0 88.44177215189873
109.0 88.44177215189873
112.0 88.44177215189873
115.0 88.54177215189873
118.0 88.54177215189873
122.0 88.54177215189873
125.0 88.54177215189873
128.0 88.54177215189873
132.0 88.54177215189873
136.0 88.54177215189873
140.0 88.54177215189873
145.0 88.54177215189873
150.0 88.54177215189873
155.0 88.54177215189873
160.0 88.54177215189873
165.0 88.54177215189873
170.0 88.54177215189873
175.0 88.64177215189872
180.0 88.64177215189872
185.0 88.64177215189872
190.0 88.64177215189872
195.0 88.64177215189872
200.0 88.64177215189872
206.0 88.64177215189872
212.0 88.54177215189873
218.0 88.54177215189873
224.0 88.54177215189873
230.0 88.44177215189873
236.0 88.44177215189873
240.0 88.34177215189872
250.0 88.24177215189872
258.0 88.24177215189872
265.0 88.14177215189872
272.0 88.14177215189872
280.0 88.04177215189873
290.0 88.04177215189873
300.0 88.04177215189873
307.0 88.04177215189873
315.0 88.14177215189872
325.0 88.14177215189872
335.0 88.24177215189872
345.0 88.24177215189872
355.0 88.24177215189872
365.0 88.24177215189872
375.0 88.24177215189872
387.0 88.14177215189872
400.0 88.14177215189872
412.0 88.04177215189873
425.0 87.84177215189874
437.0 87.84177215189874
450.0 87.84177215189874
462.0 87.84177215189874
475.0 87.84177215189874
487.0 87.84177215189874
500.0 87.84177215189874
515.0 87.84177215189874
530.0 87.74177215189873
545.0 87.74177215189873
560.0 87.64177215189872
580.0 87.44177215189873
600.0 87.44177215189873
615.0 87.44177215189873
630.0 87.44177215189873
650.0 87.54177215189873
670.0 87.54177215189873
690.0 87.44177215189873
710.0 87.34177215189872
730.0 87.24177215189873
750.0 87.24177215189873
775.0 87.34177215189872
800.0 87.34177215189872
825.0 87.24177215189873
850.0 87.14177215189872
875.0 87.04177215189873
900.0 86.94177215189873
925.0 86.94177215189873
950.0 87.04177215189873
975.0 87.04177215189873
1000.0 87.04177215189873
1030.0 86.94177215189873
1060.0 86.74177215189874
1090.0 86.64177215189872
1120.0 86.64177215189872
1150.0 86.74177215189874
1180.0 86.84177215189871
1220.0 86.84177215189871
1250.0 86.74177215189874
1280.0 86.64177215189872
1320.0 86.54177215189873
1360.0 86.54177215189873
1400.0 86.54177215189873
1450.0 86.54177215189873
1500.0 86.54177215189873
1550.0 86.54177215189873
1600.0 86.44177215189873
1650.0 86.34177215189872
1700.0 86.14177215189872
1750.0 86.04177215189873
1800.0 86.04177215189873
1850.0 86.04177215189873
1900.0 86.14177215189872
1950.0 86.24177215189873
2000.0 86.04177215189873
2060.0 85.94177215189873
2120.0 85.94177215189873
2180.0 85.94177215189873
2240.0 85.94177215189873
2300.0 85.94177215189873
2360.0 85.94177215189873
2400.0 85.94177215189873
2500.0 85.94177215189873
2580.0 85.94177215189873
2650.0 85.84177215189872
2720.0 85.84177215189872
2800.0 85.84177215189872
2900.0 85.74177215189872
3000.0 85.44177215189873
3070.0 85.24177215189873
3150.0 85.44177215189873
3250.0 85.44177215189873
3350.0 85.44177215189873
3450.0 85.24177215189873
3550.0 85.14177215189872
3650.0 84.84177215189872
3750.0 84.64177215189872
3870.0 84.44177215189873
4000.0 84.44177215189873
4120.0 84.44177215189873
4250.0 84.34177215189871
4370.0 84.24177215189874
4500.0 84.04177215189873
4620.0 83.84177215189872
4750.0 83.64177215189872
4870.0 83.74177215189873
5000.0 83.94177215189873
5150.0 84.14177215189872
5300.0 84.24177215189874
5450.0 84.24177215189874
5600.0 84.24177215189874
5800.0 84.04177215189873
6000.0 83.74177215189873
6150.0 83.24177215189872
6300.0 82.74177215189873
6500.0 82.34177215189872
6700.0 82.24177215189873
6900.0 82.14177215189872
7100.0 81.94177215189873
7300.0 81.44177215189873
7500.0 80.64177215189872
7750.0 79.84177215189872
8000.0 79.24177215189874
8250.0 79.14177215189872
8500.0 79.54177215189873
8750.0 79.54177215189873
9000.0 79.34177215189871
9250.0 79.44177215189873
9500.0 79.64177215189872
9750.0 78.94177215189873
10000.0 77.44177215189873
10300.0 76.74177215189874
10600.0 77.44177215189873
10900.0 78.34177215189872
11200.0 79.04177215189873
11500.0 79.64177215189872
11800.0 80.14177215189872
12200.0 80.34177215189874
12500.0 80.34177215189874
12800.0 79.94177215189873
13200.0 79.34177215189871
13600.0 78.84177215189872
14000.0 78.54177215189873
14500.0 78.14177215189872
15000.0 77.64177215189872
15500.0 77.04177215189873
16000.0 76.34177215189872
16500.0 75.64177215189872
17000.0 74.84177215189872
17500.0 73.84177215189872
18000.0 72.64177215189872
18500.0 71.44177215189873
19000.0 69.94177215189873
19500.0 68.24177215189872
