Freq "Side Wall Bounce"
22.4 71.96244965331123
23.0 73.66244965331124
23.6 74.96244965331123
24.0 76.34246053230244
25.0 77.98060007782728
25.8 79.36244965331123
26.5 80.92043663028579
27.2 82.49671297694124
28.0 83.85678912644875
29.0 84.67862990826221
30.0 85.49671297694123
30.7 86.09671297694123
31.5 86.79671297694124
32.5 87.41313953999232
33.5 88.05153631355071
34.5 88.47340346144436
35.5 88.95153631355073
36.5 89.35153631355071
37.5 89.71313953999233
38.7 90.01313953999232
40.0 90.26813431484035
41.2 90.51313953999231
42.5 90.75153631355072
43.7 91.01313953999234
45.0 91.21313953999231
46.2 91.59671297694123
47.5 91.91313953999232
48.7 92.39671297694123
50.0 92.8786299082622
51.5 93.46244965331125
53.0 94.04246053230243
54.5 94.6863606964899
56.0 95.22651678214955
58.0 95.80855764119327
60.0 96.3705775918328
61.5 96.9085576411933
63.0 97.38636069648992
65.0 97.84657925221912
67.0 98.26244965331124
69.0 98.58636069648988
71.0 98.86244965331123
73.0 99.08636069648989
75.0 99.2705775918328
77.5 99.41715136362976
80.0 99.5841875890533
82.5 99.70909764670199
85.0 99.84207582704609
87.5 99.94207582704608
90.0 100.02753601492294
92.5 100.0960782841995
95.0 100.11039079867912
97.5 100.08490641670748
100.0 100.00215233668895
103.0 99.94207582704608
106.0 99.81677723671054
109.0 99.71677723671054
112.0 99.61677723671052
115.0 99.57940338926876
118.0 99.50215233668895
122.0 99.41039079867912
125.0 99.31039079867912
128.0 99.24513806681017
132.0 99.11452371514129
136.0 99.02745355433875
140.0 98.99131511707567
145.0 99.09131511707567
150.0 99.22139476114586
155.0 99.38552008031016
160.0 99.51666364196662
165.0 99.68255283808308
170.0 99.8825528380831
175.0 100.11478112571487
180.0 100.31291440077744
185.0 100.37821003569009
190.0 100.44610508544237
195.0 100.42181886425662
200.0 100.40721096067234
206.0 100.37638445891928
212.0 100.37638445891928
218.0 100.36228813829793
224.0 100.30499945157855
230.0 100.18319125293506
236.0 100.04218112228284
240.0 99.84218112228284
250.0 99.64218112228285
258.0 99.4697514692014
265.0 99.26975146920138
272.0 99.02623634444593
280.0 98.7539077773693
290.0 98.41292931441781
300.0 97.94068539343601
307.0 97.45182744063585
315.0 96.99584277970793
325.0 96.55549855461186
335.0 96.04474976175733
345.0 95.48686740437998
355.0 94.96633317446079
365.0 94.50986386817455
375.0 93.90719133045747
387.0 92.21792950062975
400.0 89.23403706219928
412.0 88.10867241435818
425.0 84.83412252248476
437.0 78.92846204106877
450.0 72.25914011624305
462.0 85.82324607946344
475.0 90.04810322649253
487.0 91.25555928326852
500.0 91.57122509927028
515.0 91.98477858139685
530.0 90.71732110080943
545.0 91.11765030125154
560.0 92.2427913885504
580.0 93.07917372253415
600.0 94.27241380365585
615.0 95.23609827220285
630.0 95.7244124991939
650.0 95.57001735688134
670.0 95.88823112178649
690.0 96.88693958974206
710.0 96.80336646006843
730.0 96.14000863409667
750.0 96.33967890727091
775.0 96.07123109435996
800.0 95.35332548495126
825.0 94.24014839565271
850.0 93.6575490687173
875.0 92.48813729972524
900.0 92.16825643088545
925.0 91.5920905792917
950.0 90.42853224269386
975.0 90.18403508456021
1000.0 89.80034363514942
1030.0 88.72933320934916
1060.0 87.79360286807123
1090.0 86.37248668288338
1120.0 86.02448490180488
1150.0 85.48263167638008
1180.0 86.05830974664374
1220.0 86.64808489620845
1250.0 87.94165441928699
1280.0 88.373888617319
1320.0 88.77618399829684
1360.0 89.28972511360955
1400.0 90.10797727079257
1450.0 91.13332702532959
1500.0 92.00948432613238
1550.0 93.13231441620209
1600.0 93.01810097624862
1650.0 92.13948513505993
1700.0 92.37425634568378
1750.0 93.50865863770221
1800.0 94.19985757201746
1850.0 94.04472332764725
1900.0 93.07132086060716
1950.0 91.8392008087528
2000.0 90.46246869710887
2060.0 88.76553840554514
2120.0 88.79273866961191
2180.0 89.08872510759173
2240.0 89.93282765818033
2300.0 89.92843208593173
2360.0 89.05197558979746
2400.0 89.53939380069333
2500.0 91.121235861072
2580.0 91.856869367702
2650.0 91.31495601123942
2720.0 90.26527899237239
2800.0 88.04728688844706
2900.0 86.0825328094491
3000.0 85.05513920342936
3070.0 85.40185717755242
3150.0 86.33183493726096
3250.0 86.56163578194786
3350.0 85.97591306721746
3450.0 85.16255482021366
3550.0 85.76948178854262
3650.0 86.75840068991657
3750.0 86.73687632068854
3870.0 87.47831135428694
4000.0 88.77041901945468
4120.0 88.80646348786118
4250.0 88.87037131196107
4370.0 91.01403553206221
4500.0 95.24445881584695
4620.0 94.7361269594173
4750.0 90.2437534504506
4870.0 88.79436099917491
5000.0 95.26551829461508
5150.0 96.16012097707907
5300.0 94.26977202185523
5450.0 95.5367363165573
5600.0 96.75896441525884
5800.0 93.82642669664219
6000.0 89.53151730285944
6150.0 88.17981186417211
6300.0 84.30915692357009
6500.0 85.38787778842648
6700.0 86.42096641162797
6900.0 86.25367695680754
7100.0 85.07850986516044
7300.0 82.67041203026108
7500.0 80.29530754757722
7750.0 83.42778499525743
8000.0 81.79204187614637
8250.0 80.04984376108398
8500.0 79.3686022315864
8750.0 81.16833988132908
9000.0 80.10562422682784
9250.0 78.09991911491832
9500.0 76.94496532758083
9750.0 78.9217234845523
10000.0 77.51849001605079
10300.0 79.22844731697323
10600.0 79.39766966576285
10900.0 79.7547579619023
11200.0 81.39659983563034
11500.0 81.6283473872692
11800.0 82.31640903476249
12200.0 83.91351221566725
12500.0 83.13888134201021
12800.0 83.68041760974977
13200.0 81.5157507863013
13600.0 82.6121891621988
14000.0 83.92402578418468
14500.0 85.44964560037941
15000.0 86.35646070629242
15500.0 87.12830172599233
16000.0 85.3699405265002
16500.0 84.06237749782876
17000.0 82.96442816994589
17500.0 80.68613233747665
18000.0 76.71764938390677
18500.0 77.89089124914098
19000.0 77.31476862277083
19500.0 79.47104477347321
