Freq "Listening Window"
20.5078 47.08485131452446
21.9727 48.59818676740883
23.4375 53.74720711219996
24.9023 53.87760768048361
26.3672 54.502843599615574
27.832 55.89667573536812
29.2969 57.67720341851023
30.7617 58.977457836105145
32.2266 60.67339265878553
33.6914 62.30279897431015
35.1562 64.72891394625339
36.6211 65.60876455336663
38.0859 67.7517393715406
39.5508 68.42815572386526
41.0156 69.42260998510422
42.4805 70.63824099352809
43.9453 71.67459356284365
45.4102 72.69348320669923
46.875 73.76187904646773
48.3398 74.62215025014488
51.2695 76.2008640966181
52.7344 76.87666131378333
54.1992 77.45718960627842
55.6641 78.00657360546859
58.5938 78.92804100272087
60.0586 79.3154359621652
62.9883 79.98727023149912
64.4531 80.25939347333633
67.3828 80.79955640474141
68.8477 80.98900698811951
71.7773 81.39047956631475
74.707 81.73988308274954
77.6367 81.9962977533292
79.1016 82.12832410853957
82.0312 82.44272856616023
84.9609 82.72379037522597
87.8906 82.89556041453915
90.8203 83.16775047493728
95.2148 83.48919476449367
98.1445 83.67444467966277
101.074 83.85520411627105
105.469 84.12161994172223
108.398 84.1862290625211
112.793 84.36177274086303
117.188 84.48953154511983
120.117 84.60933239678016
124.512 84.84473626311757
128.906 85.03758384396096
133.301 85.23829678073504
139.16 85.16765482460328
143.555 85.19357585891838
147.949 85.2880454011749
153.809 85.20666011935185
159.668 85.00316596336447
165.527 85.10011181071715
171.387 85.33296473970489
177.246 85.42220361797504
183.105 85.5329819078152
188.965 85.49255149086109
196.289 85.50196662843763
203.613 85.52239820332818
210.938 85.54872149233758
218.262 85.43877715564369
225.586 85.32240748360495
232.91 85.38936708593006
241.699 85.45082366216153
250.488 85.22214423529847
259.277 85.67932422608516
268.066 85.77252110505077
276.855 85.37939648090943
287.109 85.2843338589521
297.363 85.36738521557939
307.617 85.29571847950703
319.336 84.84539878823301
329.59 84.62646914193039
341.309 84.60811007906943
353.027 85.15844160993332
366.211 84.84034916859252
379.395 84.77862405313147
392.578 84.40438955302977
405.762 84.96677312652942
420.41 84.42439174103994
435.059 84.68769121206435
451.172 83.92612300983814
465.82 84.01364529230024
483.398 84.32267384618234
499.512 84.425284690213
517.09 84.38702330008527
536.133 84.07477205300967
555.176 84.35174872170954
574.219 84.74205458303999
594.727 84.42250197925857
615.234 84.376360620913
637.207 84.6533880490368
659.18 84.19558093255274
682.617 84.68545969983711
707.52 85.09422300714148
732.422 84.64562551050068
757.324 85.55834573336541
785.156 85.36887670626689
811.523 84.80279207822555
840.82 85.2739058283878
870.117 84.97898596370233
900.879 85.10087175702421
933.105 84.79827254833845
965.332 84.45896878602858
1000.49 84.54486794476213
1035.64 84.79376707966323
1072.27 85.07319640059129
1108.89 85.21035214134038
1148.44 85.30270865607994
1189.45 85.61534624315208
1230.47 85.1443881501592
1274.41 86.1414641893635
1319.82 86.47344371273611
1366.7 86.50957528778918
1413.57 86.26293510622548
1463.38 85.85833490156624
1516.11 85.85368650695332
1568.85 86.39528687588763
1624.51 86.35744543686413
1681.64 85.67255340781442
1741.7 85.42656698609882
1803.22 85.87961321930136
1866.21 85.63600038997075
1932.13 85.33463955699759
1999.51 86.12440467507255
2069.82 86.34573690658227
2143.07 85.5065929896972
2219.24 85.61904386603732
2296.88 86.01762802707391
2378.91 85.21506846093077
2462.4 84.9992307060831
2548.83 85.5072476104319
2639.65 84.84794991616367
2731.93 84.9781158162662
2828.61 85.3851412012742
2928.22 85.5274564194076
3030.76 85.68687314670045
3137.7 86.48693911675653
3249.02 86.47123011938581
3363.28 86.98749293374547
3481.93 86.78363009253971
3604.98 87.04961480943459
3732.42 86.80607473207814
3864.26 87.12316094953192
4000.49 86.84918980289854
4141.11 87.18843756444214
4287.6 86.93444052875131
4438.48 87.07849547369267
4595.21 86.62699040836388
4756.35 86.50720855739539
4924.8 86.28946356653687
5097.66 86.17973874582114
5277.83 85.92596594677141
5463.87 85.85741475660151
5657.23 85.84965392700815
5856.45 85.91509624517346
6062.99 85.99651667406926
6276.86 85.97354209692418
6498.05 85.93400898170555
6726.56 85.99755770639788
6963.87 86.08841450838614
7209.96 86.07774050273235
7464.84 86.08825519672848
7727.05 86.11591196803073
7999.51 86.23845996977047
8282.23 86.38801721130966
8573.73 86.50510323152231
8876.95 86.61973172828615
9188.96 86.78992514073295
9514.16 87.01168819405788
9849.61 87.21274032229955
10196.8 87.45245688546473
10555.7 87.59083003980865
10927.7 87.64166013961034
11313.0 87.46061970443562
11712.9 87.33183427419071
12126.0 87.38082278456064
12553.7 87.59176404157685
12996.1 87.70708404690208
13454.6 87.61306821925886
13929.2 87.20945292483103
14419.9 86.76532651765056
14928.2 86.32403515704824
15455.6 85.92328867757517
16000.5 85.43428861568705
16564.5 84.82073922337793
17148.9 84.14019102761864
17752.4 83.43327642679027
18379.4 82.54388998797532
19026.9 81.55899882104251
19697.8 80.4341325802931
19999.5 79.87881840228962
