Freq "Rear Wall Bounce"
20.0 43.96857099999998
20.290899 43.841572
20.586 43.710571
20.8855 43.575569000000016
21.189301 43.437572
21.497499 43.299572
21.8102 43.16357000000001
22.127399 43.02857199999998
22.4492 42.89357
22.775801 42.76057100000001
23.1071 42.624568999999994
23.443199 42.48257099999999
23.7841 42.33256899999999
24.1301 42.17157000000002
24.4811 41.999568999999994
24.8372 41.81657
25.1984 41.624568999999994
25.564899 41.42756999999999
25.9368 41.22856900000001
26.3141 41.030570999999995
26.6968 40.837570000000014
27.0851 40.64556900000001
27.479099 40.453571
27.878799 40.258572
28.2843 40.056572
28.6957 39.845569999999995
29.1131 39.62356900000002
29.536501 39.389572
29.966101 39.14957
30.402 38.905570999999995
30.8442 38.66556899999999
31.2929 38.434569999999994
31.748 38.214569
32.209801 38.01057100000001
32.678299 37.829571
33.153599 37.672568999999996
33.635899 37.544571000000005
34.125099 37.45557000000001
34.621498 37.41457000000001
35.125 37.424572
35.635899 37.49457199999999
36.154301 37.620571
36.680199 37.809569999999994
37.213699 38.06856900000001
37.755 38.387569
38.3041 38.757571999999996
38.861301 39.16457000000001
39.426498 39.609570000000005
40.0 40.085571
40.581799 40.579571
41.1721 41.087570000000014
41.771 41.609570000000005
42.378502 42.14556900000001
42.9949 42.68257100000001
43.6203 43.21857099999998
44.254799 43.75456999999999
44.898499 44.28957000000001
45.551498 44.822570999999996
46.2141 45.354572000000005
46.886299 45.880568999999994
47.568298 46.40156900000001
48.260201 46.91556899999999
48.962101 47.422568999999996
49.674301 47.925571000000005
50.396801 48.42485452041073
51.129902 48.9181118594053
51.8736 49.40634702665777
52.628101 49.9175545329408
53.3936 50.3607359151673
54.1702 50.83188992882329
54.958099 51.298017103707096
55.7575 51.75911895774577
56.568501 52.21719125832281
57.391399 52.67423630006341
58.226101 53.12825430412211
59.073 53.576239337071954
59.932301 54.02319891212623
60.804 54.469130039022204
61.6884 54.91302799817116
62.585701 55.35389731468864
63.496 55.791733758391146
64.419601 56.22953760734303
65.356598 56.66331263850462
66.307297 57.0950561252091
67.271698 57.52576406774308
68.250198 57.95343952327748
69.242897 58.376080254554964
70.250099 58.79868753970264
71.271896 59.22226216048726
72.308601 59.64579837367832
73.360298 60.06629998006717
74.427399 60.48776500126543
75.509903 60.909193440010355
76.608299 61.332582135022264
77.722603 61.755938048676526
78.853104 62.17925049483246
80.0 62.60352800353799
81.163597 63.03076084829716
82.3442 63.46095830500609
83.541901 63.895114155560165
84.757 64.33023068776134
85.989899 64.76629794712927
87.240601 65.20432792702049
88.509598 65.64531445919467
89.797 66.08825528286228
91.103104 66.53115169303643
92.4282 66.97800900137729
93.772598 67.43080847205553
95.136597 67.88456939539186
96.520401 68.34028228739116
97.924301 68.79795345741547
99.348602 69.25856718159221
100.794 69.72213680729779
102.26 70.19065451101012
103.747 70.66112134800214
105.256 71.13753194361588
106.787 71.61889629858196
108.34 72.10320641364176
109.916 72.59346591423618
111.515 73.08666980116303
113.137 73.57781207523179
114.783 74.06690636198825
116.452 74.55194003756502
118.146 75.03291735230565
119.865 75.51483430714227
121.608 76.00069227824618
123.377 76.48749551611348
125.171 76.97722939695579
126.992 77.47190517138867
128.839 77.97051621566673
130.713 78.47606715568855
132.615 78.98455061742332
134.543 79.4959703523043
136.5 79.9963192360867
138.486 80.42260927001989
140.5 80.85782083045852
142.544 81.2969661685005
144.617 81.67404666055232
146.721 82.0310495578553
148.855 82.40897623687079
151.02 82.77083932399864
153.217 83.11561944572308
155.445 83.43332597856902
157.706 83.72295417413608
160.0 83.98150603406701
162.327 84.20498356002855
164.688 84.37437937880222
167.084 84.51968311726374
169.514 84.63691315213345
171.98 84.71405673551895
174.481 84.74312124421242
177.019 84.7290899305037
179.594 84.67997579646055
182.206 84.60377284418094
184.856 84.5184777010317
187.545 84.43609599448874
190.273 84.34261972686141
193.041 84.24604252579141
195.849 84.14637139371695
198.697 84.03761133311153
201.587 83.92575259720698
204.52 83.8127858140594
207.494 83.70271873563662
210.512 83.59555424090506
213.574 83.4842863327893
216.681 83.37290463972893
219.833 83.25242116480328
223.03 83.11383391113647
226.274 82.95313113298252
229.565 82.78831183369972
232.905 82.64038126787774
236.292 82.50634018788907
239.729 82.38118247416449
243.216 82.2708981304895
246.754 82.15950078639767
250.343 82.03198344586382
253.984 81.91833573866627
257.678 81.88856129474911
261.426 81.9726657442261
265.229 82.14763471738472
269.087 82.37247621883304
273.001 82.60218187913166
276.972 82.82275832902445
281.0 83.05619157349845
285.088 83.31349249553558
289.234 83.55664784853052
293.441 83.71965751588894
297.709 83.84452750326558
302.04 83.957247068595
306.433 84.0328165917585
310.89 84.08923833108581
315.412 84.13150491905999
320.0 84.13261498838918
324.655 84.10556617201162
329.377 84.09435747680084
334.168 84.11198516239904
339.028 84.15244323609211
343.959 84.19473995808448
348.962 84.21186396253613
354.038 84.20482088386751
359.188 84.19159835676486
364.412 84.17219538962878
369.713 84.1606128707682
375.09 84.17885018254579
380.546 84.21190621399636
386.081 84.22576997462207
391.697 84.19343672757755
397.394 84.1409154828919
403.175 84.13719813126389
409.039 84.2122870565156
414.989 84.31916115016377
421.025 84.37183942349118
427.149 84.38130914197968
433.362 84.39456594457629
439.665 84.44060647058448
446.06 84.47343598682745
452.548 84.50303913348442
459.131 84.47942317836801
465.809 84.41157613527112
472.584 84.3324982728893
479.458 84.29018786052173
486.432 84.34464054063243
493.507 84.38186295611011
503.906 84.38186295611011
509.766 84.39626021735388
515.625 84.40854759402733
521.484 84.41883165871143
527.344 84.4272953715222
533.203 84.43400159020182
539.062 84.43910340115065
544.922 84.44274393017696
550.781 84.44503508609974
556.641 84.44613273556446
562.5 84.44614047020973
568.359 84.44520973873173
574.219 84.44345525345268
580.078 84.44096308083301
585.938 84.43789643844218
591.797 84.43431031884774
597.656 84.43032306657369
603.516 84.42600380961012
609.375 84.42145717473629
615.234 84.41665824744929
621.094 84.41173352508929
626.953 84.40669399350843
632.812 84.4016003299746
638.672 84.39640067445778
644.531 84.39117878859234
650.391 84.38584054839038
656.25 84.38042678783457
662.109 84.37487894054844
667.969 84.36918383291587
673.828 84.36329070225545
679.688 84.35713701858405
685.547 84.35068578898121
691.406 84.34384703462331
697.266 84.33658238180496
703.125 84.32881539691131
708.984 84.32049363511895
714.844 84.31150406756366
720.703 84.30185086765114
726.562 84.29141935849357
732.422 84.28017253695889
738.281 84.26802736262442
744.141 84.25497520956178
750.0 84.2409086852631
755.859 84.2258780649029
761.719 84.20977960553942
767.578 84.19260781297208
773.438 84.17436922612544
779.297 84.15503907809729
785.156 84.13458661140896
791.016 84.11304986629467
796.875 84.09044228352143
802.734 84.06677833397981
808.594 84.04212277320474
814.453 84.01644203112417
820.312 83.98981865715264
826.172 83.96229259081126
832.031 83.93392575603406
837.891 83.8898570223872
843.75 83.87477493984895
849.609 83.84422905651309
855.469 83.81307402510058
861.328 83.78138255751713
867.188 83.74925325936603
873.047 83.71670629550779
878.906 83.68384703848588
884.766 83.65072033839357
890.625 83.61741061223249
896.484 83.5839645133825
902.344 83.55043408375883
908.203 83.51690104557866
914.062 83.48339989229235
919.922 83.45001740495952
925.781 83.4167903901177
931.641 83.38370111772616
937.5 83.3508695861224
943.359 83.31828632097303
949.219 83.28595748934292
955.078 83.25394759407688
960.938 83.22225596453973
966.797 83.19087952542905
972.656 83.15987427793415
978.516 83.12917015016977
984.375 83.0988678756542
990.234 83.06889206761271
996.094 83.0392101480879
1001.95 83.00988126229291
1007.81 82.98088355288216
1013.67 82.9521976981606
1019.53 82.92378956852924
1025.39 82.89565765380152
1031.25 82.86778446665619
1037.11 82.84016029295165
1042.97 82.81277280518421
1048.83 82.78558132489273
1054.69 82.75859413769246
1060.55 82.73179024173895
1066.41 82.70514147419281
1072.27 82.67864449032419
1078.12 82.65226311114078
1083.98 82.62601068182518
1089.84 82.59984542333127
1095.7 82.57375161327919
1101.56 82.54773243906455
1107.42 82.52173659478883
1113.28 82.4957928909539
1119.14 82.46986356820081
1125.0 82.44390544153832
1130.86 82.41791790403863
1136.72 82.39184546126147
1142.58 82.36573858292252
1148.44 82.33951417875976
1154.3 82.31312433717744
1160.16 82.28661283178215
1166.02 82.25990004563577
1171.88 82.23292453745985
1177.73 82.20575053755138
1183.59 82.17825765181512
1189.45 82.15049309008126
1195.31 82.12235740336781
1201.17 82.09385480659914
1207.03 82.06496360074556
1212.89 82.03565813803054
1218.75 82.00591415790079
1224.61 81.97570019096344
1230.47 81.94504418110269
1236.33 81.91388235401041
1242.19 81.88226637617443
1248.05 81.85017326321186
1253.91 81.81758348275922
1259.77 81.78457750574314
1265.62 81.75112042037357
1271.48 81.71730033296132
1277.34 81.68308881235625
1283.2 81.6486017391129
1289.06 81.61382206485317
1294.92 81.57886185726262
1300.78 81.54374786736552
1306.64 81.50859674724938
1312.5 81.47344689968025
1318.36 81.43842871132182
1324.22 81.40357470575185
1330.08 81.36901607744652
1335.94 81.33481856760959
1341.8 81.30111264601335
1347.66 81.26796336534845
1353.52 81.23548709800316
1359.38 81.20377637840737
1365.23 81.17289682357053
1371.09 81.14293948094162
1376.95 81.11397651244637
1382.81 81.08614229104411
1388.67 81.05937885290845
1394.53 81.0338405551115
1400.39 81.00953211004435
1406.25 80.98647404785562
1412.11 80.96469686369514
1417.97 80.94419807572154
1423.83 80.92496912699768
1429.69 80.9070028415362
1435.55 80.89023754541607
1441.41 80.87468765555772
1447.27 80.8602336118781
1453.12 80.84686742123245
1458.98 80.83449994492646
1464.84 80.82305964620542
1470.7 80.81244657253626
1476.56 80.80260383997675
1482.42 80.79346912372958
1488.28 80.78489946408
1494.14 80.77684808471203
1500.0 80.76923147823344
1505.86 80.7619586703445
1511.72 80.75495338878814
1517.58 80.74820054056761
1523.44 80.74160190046766
1529.3 80.73514587305186
1535.16 80.7287438924877
1541.02 80.72240252920987
1546.88 80.71612780722343
1552.73 80.7098817743245
1558.59 80.70368056557253
1564.45 80.6975108794841
1570.31 80.69140264913773
1576.17 80.68542218830305
1582.03 80.67955106522133
1587.89 80.67385090666055
1593.75 80.66834613426661
1599.61 80.66311593645136
1605.47 80.65819219905804
1611.33 80.65361258242538
1617.19 80.6494431372362
1623.05 80.64570384584049
1628.91 80.64245399072836
1634.77 80.63972207308228
1640.62 80.63754563060884
1646.48 80.63591922951194
1652.34 80.63491031308673
1658.2 80.63447143300833
1664.06 80.63461578121907
1669.92 80.63530401708526
1675.78 80.63657534797478
1681.64 80.63831157460517
1687.5 80.64051100142551
1693.36 80.6430877098728
1699.22 80.64601126655393
1705.08 80.64919845075867
1710.94 80.65252274444391
1716.8 80.65596280214704
1722.66 80.65939933160253
1728.52 80.66271360263089
1734.38 80.66580994317691
1740.23 80.66864655082475
1746.09 80.67106776974639
1751.95 80.67299718228472
1757.81 80.6743516361664
1763.67 80.67502791897039
1769.53 80.67494800928272
1775.39 80.67403872624233
1781.25 80.67222708865945
1787.11 80.66948937595966
1792.97 80.66572343562824
1798.83 80.66093890307985
1804.69 80.65509655430667
1810.55 80.64815764591906
1816.41 80.64014897840795
1822.27 80.63106906579566
1828.12 80.62090837232263
1833.98 80.60970540348006
1839.84 80.59749302650137
1845.7 80.5843306763548
1851.56 80.57023911789929
1857.42 80.55529408959995
1863.28 80.5395553650693
1869.14 80.52311259848344
1875.0 80.50598163809126
1880.86 80.48834446884705
1886.72 80.47017841234498
1892.58 80.45159183598072
1898.44 80.43264573731686
1904.3 80.41348062669732
1910.16 80.39412426907204
1916.02 80.37465449359247
1921.88 80.35512929156982
1927.73 80.33567932387459
1933.59 80.31627985959751
1939.45 80.29702321279895
1945.31 80.27794715103124
1951.17 80.25911381601992
1957.03 80.24052413011255
1962.89 80.22223888037477
1968.75 80.20425240490154
1974.61 80.18658127880984
1980.47 80.16927375378897
1986.33 80.15228601291595
1992.19 80.13567610139073
1998.05 80.11937901052232
2003.91 80.10342975139014
2009.77 80.08782815020172
2015.62 80.07255383258577
2021.48 80.0576029867453
2027.34 80.04294730044215
2033.2 80.0286214739443
2039.06 80.01458098951888
2044.92 80.0008521859027
2050.78 79.98742312912472
2056.64 79.97429283786265
2062.5 79.96152058353549
2068.36 79.94905145330723
2074.22 79.9369240580048
2080.08 79.92516213022472
2085.94 79.91376552944362
2091.8 79.90277000378366
2097.66 79.89219205269632
2103.52 79.88205971637738
2109.38 79.87237696199658
2115.23 79.86318025324618
2121.09 79.85447039676407
2126.95 79.84629863967069
2132.81 79.83864067063556
2138.67 79.83147106886716
2144.53 79.82484427575464
2150.39 79.81874013399057
2156.25 79.81312085262293
2162.11 79.80799896792118
2167.97 79.8032811767713
2173.83 79.7989555201397
2179.69 79.79497675308987
2185.55 79.79128377228726
2191.41 79.78780320365927
2197.27 79.7844542249931
2203.12 79.78115261898188
2208.98 79.77780596842659
2214.84 79.77433022813631
2220.7 79.77063575329232
2226.56 79.76658051790675
2232.42 79.76213649453204
2238.28 79.75711482454939
2244.14 79.75147887248049
2250.0 79.74510023737999
2255.86 79.73789972726279
2261.72 79.72980419045471
2267.58 79.72069874812563
2273.44 79.71056550096846
2279.3 79.69926042683551
2285.16 79.68680040924096
2291.02 79.67314740150668
2296.88 79.65818676153258
2302.73 79.64201415392368
2308.59 79.62452705539346
2314.45 79.60578435627926
2320.31 79.58581598007146
2326.17 79.56459046955105
2332.03 79.54219779230174
2337.89 79.518651184919
2343.75 79.49406192334048
2349.61 79.46851522263619
2355.47 79.44203311384231
2361.33 79.41476445227903
2367.19 79.38674466004791
2373.05 79.3581420502848
2378.91 79.32904092323442
2384.77 79.29955579120549
2390.62 79.26981105172405
2396.48 79.23991556706517
2402.34 79.21001582628467
2408.2 79.18015875703118
2414.06 79.15048903549496
2419.92 79.12111020763531
2425.78 79.09208024380848
2431.64 79.06356205667136
2437.5 79.03553377503387
2443.36 79.00809996999378
2449.22 78.98129085543499
2455.08 78.95514770744232
2460.94 78.92968300579953
2466.8 78.90489143228375
2472.66 78.88078986683186
2478.52 78.85733100181886
2484.38 78.83448722223721
2490.23 78.81218400911071
2496.09 78.79039061022259
2501.95 78.7690286726023
2507.81 78.737703857626
2513.67 78.71705905408582
2519.53 78.70682321469548
2525.39 78.68627251198865
2531.25 78.66574433003035
2537.11 78.64511734270619
2542.97 78.62434388000791
2548.83 78.60329400526759
2554.69 78.58189355790093
2560.55 78.56009597533848
2566.41 78.53782473339305
2572.27 78.51506902107054
2578.12 78.49171443963606
2583.98 78.46775556773719
2589.84 78.44317446586486
2595.7 78.41798726337767
2601.56 78.3921283886387
2607.42 78.36563810697389
2613.28 78.33856896939625
2619.14 78.31090326105509
2625.0 78.28268093935225
2630.86 78.25397963629597
2636.72 78.22484633222393
2642.58 78.19533345800046
2648.44 78.165502634328
2654.3 78.13547282281637
2660.16 78.10527066884252
2666.02 78.07499550635193
2671.88 78.04474318300126
2677.73 78.0145859154844
2683.59 77.98459558581979
2689.45 77.95489227378202
2695.31 77.92551591505965
2701.17 77.89655556757089
2707.03 77.86808253508896
2712.89 77.840175895901
2718.75 77.81285466754987
2724.61 77.78621201461061
2730.47 77.76027733979572
2736.33 77.7350536121811
2742.19 77.71064801864004
2748.05 77.68701631306531
2753.91 77.6641983291864
2759.77 77.64218027387055
2765.62 77.62102078884458
2771.48 77.60067949617518
2777.34 77.58109399275749
2783.2 77.56233061871593
2789.06 77.54431834521566
2794.92 77.52707374818965
2800.78 77.5105603741482
2806.64 77.4947309331869
2812.5 77.47955524002484
2818.36 77.46502085849401
2824.22 77.45108961689749
2830.08 77.43776031669192
2835.94 77.42493918974166
2841.8 77.41267748022527
2847.66 77.4009117277018
2853.52 77.3895614421604
2859.38 77.37866008195816
2865.23 77.36818475765897
2871.09 77.35808367838699
2876.95 77.34834617040555
2882.81 77.33891649328244
2888.67 77.32980747121117
2894.53 77.32096892726912
2900.39 77.31237408353225
2906.25 77.30399643860568
2912.11 77.29577463776711
2917.97 77.28769854626272
2923.83 77.27974034682762
2929.69 77.27182879307874
2935.55 77.26393623883679
2941.41 77.25601790131377
2947.27 77.24799160232268
2953.12 77.23984102287164
2958.98 77.23146434083536
2964.84 77.22286903269692
2970.7 77.21394747206274
2976.56 77.20467767236478
2982.42 77.19495257269442
2988.28 77.18474844928714
2994.14 77.17399330479138
3000.0 77.1626735656663
3005.86 77.15067008071033
3011.72 77.13801248331637
3017.58 77.12461321099602
3023.44 77.11043882784823
3029.3 77.0955179031171
3035.16 77.07974333557178
3041.02 77.06319787020392
3046.88 77.04580424519992
3052.73 77.02757172396035
3058.59 77.00858030987946
3064.45 76.98877627838102
3070.31 76.9682178810044
3076.17 76.94693038688105
3082.03 76.92494803138611
3087.89 76.90234346355892
3093.75 76.87917449197975
3099.61 76.85551340686276
3105.47 76.83136645532166
3111.33 76.80689680307005
3117.19 76.7820793566477
3123.05 76.75703552114665
3128.91 76.7318605309684
3134.77 76.70657642330495
3140.62 76.68133603727318
3146.48 76.65615716018614
3152.34 76.6311703282794
3158.2 76.60633027701454
3164.06 76.58184904570469
3169.92 76.55770135136683
3175.78 76.53389902307613
3181.64 76.51060519450814
3187.5 76.48778310390429
3193.36 76.4654974045511
3199.22 76.44371751863747
3205.08 76.42255507025338
3210.94 76.40196200725386
3216.8 76.38190044074837
3222.66 76.36243322216555
3228.52 76.34348019629981
3234.38 76.32507294170587
3240.23 76.30712195939512
3246.09 76.28964024593009
3251.95 76.27256629799324
3257.81 76.25578099640566
3263.67 76.2393333552006
3269.53 76.22307224140523
3275.39 76.20701512409538
3281.25 76.19105717173782
3287.11 76.17515689013419
3292.97 76.15925129217541
3298.83 76.14326383140002
3304.69 76.12712813559169
3310.55 76.11082277832018
3316.41 76.09433348230506
3322.27 76.07756867949644
3328.12 76.06047504407498
3333.98 76.04310288901229
3339.84 76.02538709746614
3345.7 76.00730676847992
3351.56 75.98885464458537
3357.42 75.97005374192157
3363.28 75.950882255187
3369.14 75.93135181391726
3375.0 75.91152243299189
3380.86 75.89137588366174
3386.72 75.87091689363068
3392.58 75.85020904857583
3398.44 75.8292769085757
3404.3 75.80813032530891
3410.16 75.7868000882608
3416.02 75.7653606687423
3421.88 75.74379449751105
3427.73 75.72214854068304
3433.59 75.70046276029011
3439.45 75.67873894150577
3445.31 75.65702528451772
3451.17 75.63532025574973
3457.03 75.61366404476513
3462.89 75.59204192986313
3468.75 75.570513405003
3474.61 75.54902455502811
3480.47 75.52762958556904
3486.33 75.50631852802586
3492.19 75.48505897996901
3498.05 75.46390961305387
3503.91 75.44279850105711
3509.77 75.42177890964412
3515.62 75.40083055167871
3521.48 75.37989161706592
3527.34 75.35899203085425
3533.2 75.33812785460317
3539.06 75.31726875893084
3544.92 75.29642113320824
3550.78 75.27559258913246
3556.64 75.25475015739183
3562.5 75.23388398083269
3568.36 75.21302092994786
3574.22 75.19211517658293
3580.08 75.17121208884103
3585.94 75.1502875300489
3591.8 75.12936725117765
3597.66 75.10845192589962
3603.52 75.08756374866242
3609.38 75.06669552897367
3615.23 75.04588678528323
3621.09 75.0251503813262
3626.95 75.00447867956062
3632.81 74.98395016494943
3638.67 74.96358115408103
3644.53 74.94335937596657
3650.39 74.92335152936701
3656.25 74.90356326897452
3662.11 74.88404575903436
3667.97 74.86479626123162
3673.83 74.84589425444906
3679.69 74.82732192032331
3685.55 74.80907179224276
3691.41 74.79124974501077
3697.27 74.77382538445225
3703.12 74.75678025827399
3708.98 74.74015571248437
3714.84 74.72396385972014
3720.7 74.7081716476874
3726.56 74.69275274804124
3732.42 74.67776270062724
3738.28 74.66309799422407
3744.14 74.64876173652489
3750.0 74.634727157499
3755.86 74.62095600850422
3761.72 74.60742588657764
3767.58 74.5940537062508
3773.44 74.58082697302305
3779.3 74.567724577804
3785.16 74.55462604199583
3791.02 74.54156458409108
3796.88 74.52847087702429
3802.73 74.51532999498131
3808.59 74.50207655520066
3814.45 74.48867867578913
3820.31 74.47516628906169
3826.17 74.46143014451016
3832.03 74.44754563208964
3837.89 74.43348370513388
3843.75 74.41917756255235
3849.61 74.40471436964118
3855.47 74.39001911061645
3861.33 74.37515508303831
3867.19 74.36014210856301
3873.05 74.34493919581382
3878.91 74.3296290714524
3884.77 74.31414738317578
3890.62 74.29859186442228
3896.48 74.28295767379915
3902.34 74.26727693715722
3908.2 74.25155242349024
3914.06 74.2357967831932
3919.92 74.2200659016138
3925.78 74.204371084744
3931.64 74.18868373791155
3937.5 74.17309333235286
3943.36 74.15756944978504
3949.22 74.14212025172576
3955.08 74.12678793273852
3960.94 74.11157443784809
3966.8 74.09645402180976
3972.66 74.08145416401231
3978.52 74.06658953472898
3984.38 74.05183309678374
3990.23 74.03718235397493
3996.09 74.02263181749963
4001.95 74.00817218925621
4007.81 73.99376908751708
4013.67 73.97941926402594
4019.53 73.96506606018905
4025.39 73.95076191851948
4031.25 73.93641169441611
4037.11 73.9220179087075
4042.97 73.90756274222012
4048.83 73.89298351155145
4054.69 73.8782688149876
4060.55 73.86337557129094
4066.41 73.84831076644475
4072.27 73.83304986536214
4078.12 73.81754043840607
4083.98 73.8017708467692
4089.84 73.78575722802229
4095.7 73.76945615532185
4101.56 73.75289307146663
4107.42 73.73603788062299
4113.28 73.7188824880998
4119.14 73.70147696141807
4125.0 73.68379124280747
4130.86 73.6658610855444
4136.72 73.64772545989928
4142.58 73.62932997026014
4148.44 73.6107997847753
4154.3 73.59209071420116
4160.16 73.57327510384037
4166.02 73.55436306624468
4171.88 73.53543803887946
4177.73 73.50706790781783
4183.59 73.48823117144099
4189.45 73.46951088979644
4195.31 73.46030454117147
4201.17 73.44190521071293
4207.03 73.42366715378975
4212.89 73.40575667967482
4218.75 73.3881896514025
4224.61 73.37097695619813
4230.47 73.35420538395952
4236.33 73.33787844294845
4242.19 73.32209420183322
4248.05 73.30685116835991
4253.91 73.29221263397497
4259.77 73.27818370231226
4265.62 73.26477759268643
4271.48 73.25209560784624
4277.34 73.24008606752984
4283.2 73.22885102206203
4289.06 73.218333224674
4294.92 73.20858831226796
4300.78 73.1996034539194
4306.64 73.19140805246401
4312.5 73.18396752467916
4318.36 73.17735311052824
4324.22 73.17149695067093
4330.08 73.16641518493894
4335.94 73.1621042166553
4341.8 73.1585913922266
4347.66 73.15578370588716
4353.52 73.15368829486887
4359.38 73.15232783701698
4365.23 73.15165633914101
4371.09 73.15163877331297
4376.95 73.15227471904431
4382.81 73.15349002014732
4388.67 73.15527072569164
4394.53 73.15759041436499
4400.39 73.16037981799566
4406.25 73.16359113031854
4412.11 73.16722867149683
4417.97 73.17118766253421
4423.83 73.17542578502447
4429.69 73.1799202859576
4435.55 73.18460731788873
4441.41 73.18936645018394
4447.27 73.19421700950389
4453.12 73.19905031798292
4458.98 73.20384021040658
4464.84 73.20852643574835
4470.7 73.21301503221748
4476.56 73.21728048911335
4482.42 73.22125362499254
4488.28 73.22491462425042
4494.14 73.22816042238524
4500.0 73.23096862382003
4505.86 73.23328408168909
4511.72 73.23507794257311
4517.58 73.2363233129343
4523.44 73.23697644384785
4529.3 73.2369761826759
4535.16 73.23638542198152
4541.02 73.23509891730104
4546.88 73.2331448296282
4552.73 73.23054824532169
4558.59 73.22725721989544
4564.45 73.22329412161425
4570.31 73.21872887256137
4576.17 73.2134756159761
4582.03 73.20764607026506
4587.89 73.20122782849099
4593.75 73.19422594999607
4599.61 73.18670896387636
4605.47 73.17870014482163
4611.33 73.17020225381857
4617.19 73.16128209160094
4623.05 73.15192801045366
4628.91 73.14218933819721
4634.77 73.13206249111799
4640.62 73.12158685070928
4646.48 73.11079360204748
4652.34 73.09961114925974
4658.2 73.08813008312993
4664.06 73.0762845528531
4669.92 73.06406965986912
4675.78 73.05149040360615
4681.64 73.03852471676065
4687.5 73.02515973965386
4693.36 73.01134103966847
4699.22 72.99707950654575
4705.08 72.98230957054425
4710.94 72.9670723091882
4716.8 72.95124678520757
4722.66 72.93489735593467
4728.52 72.91793870012062
4734.38 72.90042345382841
4740.23 72.8822928877379
4746.09 72.86356557602328
4751.95 72.84418473041472
4757.81 72.82425212179226
4763.67 72.80371976583326
4769.53 72.78261893490756
4775.39 72.76097493666217
4781.25 72.73884957607648
4787.11 72.71625190072122
4792.97 72.69326988062224
4798.83 72.66994163339369
4804.69 72.64634939962374
4810.55 72.62255762757967
4816.41 72.59870473897506
4822.27 72.57483918296319
4828.12 72.5510787999511
4833.98 72.52754513736052
4839.84 72.50435093743275
4845.7 72.48165230970184
4851.56 72.4595323051114
4857.42 72.43816008377895
4863.28 72.41765010659752
4869.14 72.39816050027373
4875.0 72.3798123560387
4880.86 72.36274649262494
4886.72 72.34707011749248
4892.58 72.3329146944905
4898.44 72.32036489826278
4904.3 72.30957730541324
4910.16 72.30055781937362
4916.02 72.29338042710363
4921.88 72.28810940642533
4927.73 72.28474479839441
4933.59 72.2833364806515
4939.45 72.28379910356672
4945.31 72.28618234378305
4951.17 72.29040086666916
4957.03 72.29635279362054
4962.89 72.30399397960953
4968.75 72.31320719815226
4974.61 72.32384497261789
4980.47 72.33581203074478
4986.33 72.34897556077063
4992.19 72.36319997004857
4998.05 72.3782981860089
5003.91 72.39416915396964
5009.77 72.41058144896856
5015.62 72.42750493166494
5021.48 72.44473071122486
5027.34 72.46211276619717
5033.2 72.47957901807499
5039.06 72.4969619200582
5044.92 72.51423944619103
5050.78 72.53121700524926
5056.64 72.54790160515448
5062.5 72.56422608752719
5068.36 72.58012941241482
5074.22 72.59558521871175
5080.08 72.61058062803401
5085.94 72.62515180584084
5091.8 72.63926788023011
5097.66 72.65298890357204
5103.52 72.66634568236184
5109.38 72.67932918029916
5115.23 72.69206729887416
5121.09 72.70456018718146
5126.95 72.71690999923689
5132.81 72.72915129488113
5138.67 72.741366759607
5144.53 72.75357929544923
5150.39 72.76583933489765
5156.25 72.77822977613926
5162.11 72.79075486863894
5167.97 72.80344578592859
5173.83 72.81631737032646
5179.69 72.82939669566598
5185.55 72.8426126814749
5191.41 72.85604427040971
5197.27 72.86959648048925
5203.12 72.88326889780284
5208.98 72.89699024890324
5214.84 72.91071483374468
5220.7 72.92435526273452
5226.56 72.93785062584566
5232.42 72.95116944108345
5238.28 72.96415692621301
5244.14 72.97672724647624
5250.0 72.98889345188873
5255.86 73.00046631572332
5261.72 73.01139288968882
5267.58 73.02161832298667
5273.44 73.03101115104683
5279.3 73.03954925876039
5285.16 73.04713224374342
5291.02 73.05372125716698
5296.88 73.05923213836697
5302.73 73.06363036592954
5308.59 73.06691401705694
5314.45 73.06904847252721
5320.31 73.06996506420316
5326.17 73.06972618200672
5332.03 73.0683158843481
5337.89 73.06571740673577
5343.75 73.06201797175247
5349.61 73.0572121832943
5355.47 73.05136649208939
5361.33 73.04452487488881
5367.19 73.03675772437491
5373.05 73.02814373096635
5378.91 73.0187512955684
5384.77 73.00863222810915
5390.62 72.99792896128066
5396.48 72.98667316976318
5402.34 72.9749928736223
5408.2 72.96292344498927
5414.06 72.95060105427446
5419.92 72.93806408609343
5425.78 72.9253994042687
5431.64 72.91269133081728
5437.5 72.90000409521996
5443.36 72.88736631964359
5449.22 72.87485405009423
5455.08 72.86248982447538
5460.94 72.85031149119449
5466.8 72.83837207075219
5472.66 72.82666331511618
5478.52 72.81518160273943
5484.38 72.80396653149809
5490.23 72.79299065888114
5496.09 72.78223544634083
5501.95 72.77172216256292
5507.81 72.76138077048246
5513.67 72.75124835728177
5519.53 72.74128931701917
5525.39 72.73144118014022
5531.25 72.72169621836686
5537.11 72.7120628943181
5542.97 72.70246447327308
5548.83 72.69291818900544
5554.69 72.6834407124388
5560.55 72.6739676366613
5566.41 72.66454517349067
5572.27 72.65513913479484
5578.12 72.64583340049684
5583.98 72.63659318280882
5589.84 72.62746879169126
5595.7 72.61850887853352
5601.56 72.60975460994747
5607.42 72.60126419117357
5613.28 72.59314123388198
5619.14 72.58542341165825
5625.0 72.57815496556155
5630.86 72.57148205632681
5636.72 72.56544519782429
5642.58 72.56016724759282
5648.44 72.55570933172721
5654.3 72.5521826245286
5660.16 72.54960559716102
5666.02 72.54811067865062
5671.88 72.5477274671304
5677.73 72.54854417463892
5683.59 72.55059250705801
5689.45 72.55393755044643
5695.31 72.55857534865518
5701.17 72.56452214989156
5707.03 72.57184204283497
5712.89 72.58049441379069
5718.75 72.59047904896615
5724.61 72.60177677310519
5730.47 72.61439200392645
5736.33 72.62822240671899
5742.19 72.64330880191827
5748.05 72.65960490300618
5753.91 72.67698236558883
5759.77 72.6954769347109
5765.62 72.7149774094833
5771.48 72.73542392638132
5777.34 72.75680462559554
5783.2 72.77903810531188
5789.06 72.80204612398994
5794.92 72.82577853833943
5800.78 72.85018021287998
5806.64 72.8751697122546
5812.5 72.90070011229484
5818.36 72.92671455607017
5824.22 72.9531040357402
5830.08 72.97985350034739
5835.94 73.0068406684862
5841.8 73.03407253690715
5847.66 73.06143983191988
5853.52 73.102220541385
5859.38 73.12968334519378
5865.23 73.15714811829719
5871.09 73.17027886390385
5876.95 73.19754741279273
5882.81 73.22470478269067
5888.67 73.25167428086674
5894.53 73.27841316965306
5900.39 73.3049323299169
5906.25 73.33120643782595
5912.11 73.35722799220738
5917.97 73.38296048576018
5923.83 73.40843072367527
5929.69 73.43363302854728
5935.55 73.45859474827225
5941.41 73.4833252526903
5947.27 73.5078065029531
5953.12 73.53214318297326
5958.98 73.55626381789703
5964.84 73.58032124598022
5970.7 73.60428194953249
5976.56 73.62820242308328
5982.42 73.65215519216886
5988.28 73.6761494381161
5994.14 73.7002653903419
6000.0 73.72451249742282
6005.86 73.74898168096634
6011.72 73.77368458617453
6017.58 73.79870115135036
6023.44 73.82402971328145
6029.3 73.84974931621007
6035.16 73.87579591457278
6041.02 73.90232712871328
6046.88 73.92924231916267
6052.73 73.95662902230742
6058.59 73.98442294937162
6064.45 74.01261994805141
6070.31 74.04121350223802
6076.17 74.07021897531074
6082.03 74.09951985145587
6087.89 74.12908485428764
6093.75 74.15891633140053
6099.61 74.188871205066
6105.47 74.21895138687121
6111.33 74.24902106888729
6117.19 74.27901327750871
6123.05 74.30888644957797
6128.91 74.33846242052712
6134.77 74.36775838125092
6140.62 74.3966206264595
6146.48 74.42495710877117
6152.34 74.45270178865474
6158.2 74.47973357110028
6164.06 74.50596803776276
6169.92 74.53133671386
6175.78 74.55577200559857
6181.64 74.57918384503837
6187.5 74.60147490935968
6193.36 74.62261620614098
6199.22 74.64256418336079
6205.08 74.66122336082594
6210.94 74.67859477000916
6216.8 74.69458273040023
6222.66 74.7092029812937
6228.52 74.72244095666963
6234.38 74.7342621086839
6240.23 74.7447057971539
6246.09 74.75371488102502
6251.95 74.76134448093933
6257.81 74.7676141289239
6263.67 74.7725295352155
6269.53 74.77613291923633
6275.39 74.77851425740361
6281.25 74.77969574585114
6287.11 74.77972737389926
6292.97 74.7786981915483
6298.83 74.77664368822158
6304.69 74.77368170126033
6310.55 74.76983605155544
6316.41 74.76522613718285
6322.27 74.75991865940104
6328.12 74.75402008252337
6333.98 74.74756701471709
6339.84 74.74064741473488
6345.7 74.73338864663607
6351.56 74.72581974755359
6357.42 74.71803028902066
6363.28 74.71010096141377
6369.14 74.7020528007005
6375.0 74.69398061017456
6380.86 74.68594594171556
6386.72 74.677974296679
6392.58 74.67015044108858
6398.44 74.66248834391233
6404.3 74.6550097900528
6410.16 74.64777199380838
6416.02 74.6407861373464
6421.88 74.634073301811
6427.73 74.6276740471731
6433.59 74.62157185881854
6439.45 74.6157857009951
6445.31 74.6103247207197
6451.17 74.60520310139093
6457.03 74.60040438739263
6462.89 74.5959136736808
6468.75 74.59173687028286
6474.61 74.587905285028
6480.47 74.584367501224
6486.33 74.58115407028386
6492.19 74.57824296570944
6498.05 74.57564604114056
6503.91 74.57335885321542
6509.77 74.57139803103952
6515.62 74.56974558604973
6521.48 74.56847429746244
6527.34 74.56753062043293
6533.2 74.56696021335236
6539.06 74.5667955580415
6544.92 74.56705061182649
6550.78 74.56776194720582
6556.64 74.56896793416436
6562.5 74.57065145702695
6568.36 74.57293990368746
6574.22 74.57580311109379
6580.08 74.57930370440381
6585.94 74.58348472364382
6591.8 74.58835355438437
6597.66 74.59399525727993
6603.52 74.60042252075812
6609.38 74.6076511217004
6615.23 74.61574914271957
6621.09 74.62470331293778
6626.95 74.63455997536646
6632.81 74.6453286660634
6638.67 74.65705201924384
6644.53 74.66970345634724
6650.39 74.68330976584247
6656.25 74.69786547484442
6662.11 74.71339778057241
6667.97 74.72982641029907
6673.83 74.74718236105669
6679.69 74.76547499881823
6685.55 74.78463390618711
6691.41 74.80467165895557
6697.27 74.82552388119342
6703.12 74.84718642317303
6708.98 74.86958457927572
6714.84 74.89275271747807
6720.7 74.91661179356915
6726.56 74.9411394965547
6732.42 74.96625958670347
6738.28 74.9919696347083
6744.14 75.01821829863391
6750.0 75.04500543791598
6755.86 75.07227268113677
6761.72 75.10002300658168
6767.58 75.12820784303857
6773.44 75.15677670333169
6779.3 75.18580602503395
6785.16 75.21519795353295
6791.02 75.24502702376533
6796.88 75.27524294065663
6802.73 75.30587053029177
6808.59 75.33689691787801
6814.45 75.36836395203994
6820.31 75.40029348172678
6826.17 75.43267190875906
6832.03 75.46556067482985
6837.89 75.49894737264543
6843.75 75.53286800010153
6849.61 75.56736018381027
6855.47 75.602422008967
6861.33 75.6381040736508
6867.19 75.67437182100451
6873.05 75.71128266541992
6878.91 75.74881920138401
6884.77 75.787000994993
6890.62 75.82581142715047
6896.48 75.86524506370422
6902.34 75.9053027736356
6908.2 75.94592843202368
6914.06 75.98710494451963
6919.92 76.02878005680483
6925.78 76.07095994616803
6931.64 76.11351783549576
6937.5 76.15646975701354
6943.36 76.19965758083488
6949.22 76.24308125803931
6955.08 76.28664936908925
6960.94 76.33025530959796
6966.8 76.37383459409627
6972.66 76.4172806197799
6978.52 76.46051683149496
6984.38 76.50343054004837
6990.23 76.54593650188157
6996.09 76.58790589165864
7001.95 76.62931563068447
7007.81 76.67000868656233
7013.67 76.70994500026627
7019.53 76.74903723085299
7025.39 76.78718379419054
7031.25 76.82433711782966
7037.11 76.86043975658768
7042.97 76.89540417178212
7048.83 76.92924126738241
7054.69 76.9618701295895
7060.55 76.99332419745234
7066.41 77.02354660199536
7072.27 77.05252440004348
7078.12 77.0802931381496
7083.98 77.10686443845748
7089.84 77.13224534420195
7095.7 77.15649909183902
7101.56 77.17964402720054
7107.42 77.20176286995857
7113.28 77.2228633946388
7119.14 77.24304858557193
7125.0 77.26240094707619
7130.86 77.28093090354874
7136.72 77.29882190298922
7142.58 77.31606625571557
7148.44 77.33275072894062
7154.3 77.34901777851393
7160.16 77.36491935605692
7166.02 77.38053287606361
7171.88 77.39590441318681
7177.73 77.4111951508557
7183.59 77.42637612825287
7189.45 77.44156592856719
7195.31 77.45683246184632
7201.17 77.47219605433847
7207.03 77.48769165163507
7212.89 77.50338718833
7218.75 77.51929005068727
7224.61 77.53543571058943
7230.47 77.55182453682737
7236.33 77.56844752671161
7242.19 77.58530399386846
7248.05 77.60239436527603
7253.91 77.61969529401311
7259.77 77.63712995600808
7265.62 77.65472864836272
7271.48 77.67243542954652
7277.34 77.69014082740212
7283.2 77.70789734520635
7289.06 77.72559954702693
7294.92 77.7431677407685
7300.78 77.76060724659764
7306.64 77.77784268984054
7312.5 77.79482007923538
7318.36 77.81148696734412
7324.22 77.82779538653247
7330.08 77.84371456554906
7335.94 77.8591833849161
7341.8 77.87420727724827
7347.66 77.88867857260762
7353.52 77.90266715486295
7359.38 77.9160872443825
7365.23 77.92896744260253
7371.09 77.9412545141207
7376.95 77.95297151104414
7382.81 77.96414815320458
7388.67 77.97478587257343
7394.53 77.98483917839233
7400.39 77.99443231582664
7406.25 78.0034851331575
7412.11 78.01206942671901
7417.97 78.02020692244768
7423.83 78.02795209236356
7429.69 78.03526239880873
7435.55 78.04227875172677
7441.41 78.04893752409673
7447.27 78.05533665625994
7453.12 78.06141959275682
7458.98 78.06730962240307
7464.84 78.07298513723764
7470.7 78.07845606898009
7476.56 78.0837684480093
7482.42 78.08888817832447
7488.28 78.09385760641538
7494.14 78.098665426086
7500.0 78.10332647332348
7505.86 78.10780545609998
7511.72 78.11210859426853
7517.58 78.11617419481199
7523.44 78.12160389683729
7529.3 78.12503905003521
7535.16 78.12813372540454
7541.02 78.13090187961394
7546.88 78.13176357067756
7552.73 78.13389531842877
7558.59 78.13559035042613
7564.45 78.13677661201602
7570.31 78.13743831463765
7576.17 78.13752674031069
7582.03 78.13698706452205
7587.89 78.13580013224122
7593.75 78.13389937634172
7599.61 78.13127862570003
7605.47 78.12786068698632
7611.33 78.1237055698234
7617.19 78.11870387869303
7623.05 78.11290132741557
7628.91 78.10620652396655
7634.77 78.09868855805509
7640.62 78.09033823545508
7646.48 78.08109998273626
7652.34 78.07107822980439
7658.2 78.06022246163714
7664.06 78.04855372510936
7669.92 78.03615520016199
7675.78 78.02300893140365
7681.64 78.00916705848903
7687.5 77.99469243117555
7693.36 77.97961329281621
7699.22 77.96400810588725
7705.08 77.94788574455846
7710.94 77.93135784663268
7716.8 77.91445632849128
7722.66 77.89722231111558
7728.52 77.87978044447824
7734.38 77.86210539334822
7740.23 77.84430013853463
7746.09 77.82642497390273
7751.95 77.80851070672514
7757.81 77.79060739836474
7763.67 77.7727627106854
7769.53 77.7549963562628
7775.39 77.73733252579727
7781.25 77.71980942138411
7787.11 77.70245774853171
7792.97 77.68523544054723
7798.83 77.66818480769207
7804.69 77.65128539856218
7810.55 77.63453575975572
7816.41 77.6179114043824
7822.27 77.60140961420595
7828.12 77.58494587157617
7833.98 77.5685450566619
7839.84 77.55216137022832
7845.7 77.53576097984418
7851.56 77.51925451952931
7857.42 77.50265211016139
7863.28 77.4859201491647
7869.14 77.46896324211284
7875.0 77.4517645072489
7880.86 77.43429704211844
7886.72 77.41650526959074
7892.58 77.39836618489623
7898.44 77.37983747307455
7904.3 77.36089487128758
7910.16 77.341517691052
7916.02 77.32166045858865
7921.88 77.3013637962716
7927.73 77.28058441636578
7933.59 77.25927205666083
7939.45 77.2374966561001
7945.31 77.21521556268146
7951.17 77.19249032029052
7957.03 77.16924787707077
7962.89 77.14558758879956
7968.75 77.12145958459386
7974.61 77.09696647845294
7980.47 77.07204606758496
7986.33 77.04678168053617
7992.19 77.02120236245939
7998.05 76.99533207153762
8003.91 76.96920455584906
8009.77 76.9428377965376
8015.62 76.91627708193847
8021.48 76.88957457426272
8027.34 76.86274720049897
8033.2 76.83583013319625
8039.06 76.80884051287448
8044.92 76.7818400200555
8050.78 76.75479004019377
8056.64 76.72777572045459
8062.5 76.7007635961556
8068.36 76.67379354949927
8074.22 76.64689649688744
8080.08 76.62001023822268
8085.94 76.59318006779868
8091.8 76.56638900423287
8097.66 76.5396533657141
8103.52 76.51292804961396
8109.38 76.48619551679235
8115.23 76.45949190562251
8121.09 76.43272918901833
8126.95 76.4058916313491
8132.81 76.37901822996201
8138.67 76.35200292877586
8144.53 76.32488581937433
8150.39 76.29759163376816
8156.25 76.2701491386588
8162.11 76.24245389371352
8167.97 76.21455134313086
8173.83 76.18642080832832
8179.69 76.15798423344519
8185.55 76.129285381814
8191.41 76.10030492575068
8197.27 76.0710292543505
8203.12 76.04143132265752
8208.98 76.0115355980554
8214.84 75.98136088450619
8220.7 75.95087670547498
8226.56 75.92013108457675
8232.42 75.88909388053729
8238.28 75.85781273758813
8244.14 75.82631865913913
8250.0 75.79457374368455
8255.86 75.76268363770578
8261.72 75.73059705857357
8267.58 75.69837812783473
8273.44 75.66604072906695
8279.3 75.63359062853458
8285.16 75.60106552234872
8291.02 75.56847231915019
8296.88 75.535828944241
8302.73 75.5031365987443
8308.59 75.4704155600878
8314.45 75.4376856549003
8320.31 75.40490094967456
8326.17 75.37208621926113
8332.03 75.33925542092486
8337.89 75.30631885697842
8343.75 75.27333879712957
8349.61 75.24024386030545
8355.47 75.2070398234886
8361.33 75.17370203756421
8367.19 75.14013665000904
8373.05 75.10640775657491
8378.91 75.07243563263432
8384.77 75.03814421254465
8390.62 75.00355495432972
8396.48 74.96862196927422
8402.34 74.9332945600793
8408.2 74.89753230177837
8414.06 74.86133259968096
8419.92 74.82464681968884
8425.78 74.78746379071984
8431.64 74.74977268204212
8437.5 74.71149000869664
8443.36 74.67268752323396
8449.22 74.63330170490444
8455.08 74.59331265509535
8460.94 74.5527612545892
8466.8 74.51162155713948
8472.66 74.46991453906062
8478.52 74.42762719871554
8484.38 74.38482520981132
8490.23 74.3414638585955
8496.09 74.29762258208416
8501.95 74.25326433586991
8507.81 74.20845920194577
8513.67 74.16324355816914
8519.53 74.11761622610845
8525.39 74.07165955145426
8531.25 74.02534883028811
8537.11 73.97877612780546
8542.97 73.93194755886715
8548.83 73.88492993374594
8554.69 73.83772847231909
8560.55 73.79041575479549
8566.41 73.74298579190464
8572.27 73.69552307817328
8578.12 73.64802837783702
8583.98 73.60056303781097
8589.84 73.55314254473348
8595.7 73.50580224803647
8601.56 73.45855793835021
8607.42 73.41146215593172
8613.28 73.3645304468913
8619.14 73.31781772855916
8625.0 73.27129741380713
8630.86 73.22499447483473
8636.72 73.17893630347761
8642.58 73.1331749555398
8648.44 73.08767616238063
8654.3 73.04243321837743
8660.16 72.99751529427272
8666.02 72.95288510599777
8671.88 72.90857426215682
8677.73 72.86453653950875
8683.59 72.82077913826059
8689.45 72.77738021276274
8695.31 72.73420721930718
8701.17 72.69133704529172
8707.03 72.64876019044823
8712.89 72.60643995471547
8718.75 72.56433503368291
8724.61 72.52246298076275
8730.47 72.48079270586277
8736.33 72.43933703060254
8742.19 72.39803356318846
8748.05 72.35690889738967
8753.91 72.3158881815785
8759.77 72.2749623564586
8765.62 72.23413689993755
8771.48 72.19334944035619
8777.34 72.15258271373754
8783.2 72.11183023070734
8789.06 72.07101529998398
8794.92 72.03012682472288
8800.78 71.98911813694987
8806.64 71.94799672627815
8812.5 71.90663999175709
8818.36 71.86507773657854
8824.22 71.82327566583238
8830.08 71.7811161958341
8835.94 71.73857134277235
8841.8 71.69562330340203
8847.66 71.65221786375447
8853.52 71.60830981834542
8859.38 71.56381922524612
8865.23 71.51870746862771
8871.09 71.47294967288
8876.95 71.426471328452
8882.81 71.379264697289
8888.67 71.33126490848592
8894.53 71.28245400657256
8900.39 71.23278067225822
8906.25 71.18227157764728
8912.11 71.13089832717672
8917.97 71.07860076854448
8923.83 71.02544517379032
8929.69 70.97140770363214
8935.55 70.91653779901598
8941.41 70.86085580084368
8947.27 70.80441192981347
8953.12 70.74724437445963
8958.98 70.68945213499522
8964.84 70.63106248561927
8970.7 70.57222289119169
8976.56 70.51297882463953
8982.42 70.45343754492609
8988.28 70.39376658236523
8994.14 70.33402894368287
9000.0 70.27438149225101
9005.86 70.21498547764376
9011.72 70.15594428466018
9017.58 70.0974082591994
9023.44 70.03954989460564
9029.3 69.98245734334402
9035.16 69.9263685403434
9041.02 69.87141678737423
9046.88 69.81769384789403
9052.73 69.76542049592676
9058.59 69.71464417648929
9064.45 69.6656156480921
9070.31 69.61834025030714
9076.17 69.57300627740457
9082.03 69.52972454726716
9087.89 69.48858661288007
9093.75 69.44968664853724
9099.61 69.41310019462752
9105.47 69.3789050741208
9111.33 69.34711019081975
9117.19 69.31782766296372
9123.05 69.29106235080792
9128.91 69.2668100442408
9134.77 69.24514917925077
9140.62 69.22600275693858
9146.48 69.2094055845154
9152.34 69.19528797442688
9158.2 69.1836431819524
9164.06 69.17444404052758
9169.92 69.16760913952801
9175.78 69.16311519356901
9181.64 69.1608036993249
9187.5 69.16067961736026
9193.36 69.16568164759344
9199.22 69.17039980738132
9205.08 69.17687953646114
9210.94 69.18507157740127
9216.8 69.19479384135023
9222.66 69.20114521461318
9228.52 69.2128002927756
9234.38 69.22571737625127
9240.23 69.23969454277055
9246.09 69.25466207770674
9251.95 69.27046280197719
9257.81 69.28694402371279
9263.67 69.30392597564057
9269.53 69.32139354173744
9275.39 69.33911949840731
9281.25 69.35704236939274
9287.11 69.37501240680113
9292.97 69.39294092719969
9298.83 69.41067486284862
9304.69 69.4281790697016
9310.55 69.44534165331255
9316.41 69.46202577677009
9322.27 69.47826753783882
9328.12 69.4939296880989
9333.98 69.50899718896589
9339.84 69.52339054610799
9345.7 69.53709617524544
9351.56 69.55011415451843
9357.42 69.56236214396161
9363.28 69.57388421256535
9369.14 69.58466651246154
9375.0 69.59469596592687
9380.86 69.60399743613392
9386.72 69.61260921710615
9392.58 69.62053812069776
9398.44 69.62781479165511
9404.3 69.63448453640046
9410.16 69.64058759227765
9416.02 69.6461332701518
9421.88 69.65115880285576
9427.73 69.6558000273119
9433.59 69.65998503820919
9439.45 69.66377478492366
9445.31 69.66724813629675
9451.17 69.67043380616789
9457.03 69.67334978340406
9462.89 69.67601259857933
9468.75 69.67847594979179
9474.61 69.68075064808917
9480.47 69.68284114723818
9486.33 69.68475638327165
9492.19 69.68652041407356
9498.05 69.68812030193607
9503.91 69.68953008900947
9509.77 69.69078522079501
9515.62 69.69184172686961
9521.48 69.69265093404323
9527.34 69.69324563201407
9533.2 69.69359412410381
9539.06 69.6936036270847
9544.92 69.69333162435886
9550.78 69.6926634213172
9556.64 69.69166527089963
9562.5 69.69021672743061
9568.36 69.68834904000717
9574.22 69.68600204878821
9580.08 69.68314836299984
9585.94 69.67980027191021
9591.8 69.67592325291126
9597.66 69.67146056463876
9603.52 69.66647154844959
9609.38 69.66087180641405
9615.23 69.65468802620356
9621.09 69.64790849019244
9626.95 69.64053491402224
9632.81 69.63257136078398
9638.67 69.62400104275805
9644.53 69.6148906321623
9650.39 69.60513711280318
9656.25 69.59491531081365
9662.11 69.58413184235485
9667.97 69.57283601288664
9673.83 69.56104085694581
9679.69 69.54885759751521
9685.55 69.53626355838227
9691.41 69.52329570444432
9697.27 69.5100155739572
9703.12 69.4964769618728
9708.98 69.48273327273898
9714.84 69.46885236419169
9720.7 69.45487254444616
9726.56 69.4408535400005
9732.42 69.42688296841473
9738.28 69.41299159104413
9744.14 69.39929123404643
9750.0 69.38579785105416
9755.86 69.372574760316
9761.72 69.3596583733454
9767.58 69.34713628269155
9773.44 69.33505358697566
9779.3 69.32339665988458
9785.16 69.31226809757321
9791.02 69.30164536167436
9796.88 69.29159199838128
9802.73 69.28207738467808
9808.59 69.27318166868191
9814.45 69.26485334105442
9820.31 69.2571090714536
9826.17 69.2499702172825
9832.03 69.24339922394434
9837.89 69.23733281371535
9843.75 69.23184467004641
9849.61 69.22685999774102
9855.47 69.2222873905802
9861.33 69.21820976099167
9867.19 69.21447991195463
9873.05 69.2111012971295
9878.91 69.20801153859024
9884.77 69.2051208456234
9890.62 69.20240507391607
9896.48 69.19978642979152
9902.34 69.19715301644358
9908.2 69.19445109000611
9914.06 69.19162693523454
9919.92 69.18854423469996
9925.78 69.18516203810769
9931.64 69.18133870251332
9937.5 69.17705362181447
9943.36 69.17213731087263
9949.22 69.16656228948533
9955.08 69.16021790436793
9960.94 69.15299502332888
9966.8 69.14483673161075
9972.66 69.1356895643232
9978.52 69.12542311520144
9984.38 69.11404208778211
9990.23 69.10145152353677
9996.09 69.08761233558694
10002.0 69.07248303030056
10007.8 69.05604456149551
10013.7 69.03827298046168
10019.5 69.01918247437541
10025.4 68.99870577876163
10031.2 68.97693232640783
10037.1 68.9538922396345
10043.0 68.92953797831848
10048.8 68.90399979712949
10054.7 68.87726353615777
10060.5 68.84941941688437
10066.4 68.8205855130375
10072.3 68.79076003932074
10078.1 68.76010405743962
10084.0 68.72868087281884
10089.8 68.696575169783
10095.7 68.66394840250076
10101.6 68.63084740969008
10107.4 68.59739019293094
10113.3 68.56369660247053
10119.1 68.52991425502303
10125.0 68.4961081290853
10130.9 68.4623881689535
10136.7 68.42882642854532
10142.6 68.39557551336502
10148.4 68.3627046308762
10154.3 68.33028602670288
10160.2 68.2983562515222
10166.0 68.26703867426757
10171.9 68.23636673739006
10177.7 68.20635927166968
10183.6 68.17711454272496
10189.5 68.1486188283664
10195.3 68.1209175370059
10201.2 68.093986292015
10207.0 68.06786708958361
10212.9 68.04254297134209
10218.8 68.0180229440399
10224.6 67.99433944221143
10230.5 67.97139949214287
10236.3 67.94923522570662
10242.2 67.9278528862426
10248.0 67.90719227395462
10253.9 67.88724610868235
10259.8 67.86800163375267
10265.6 67.84944710939895
10271.5 67.83154730158056
10277.3 67.81430418625004
10283.2 67.79771727446722
10289.1 67.78175413952037
10294.9 67.76640274030957
10300.8 67.7516577304265
10306.6 67.73751759754767
10312.5 67.72398854758512
10318.4 67.7110469539041
10324.2 67.69871443938392
10330.1 67.68700652888006
10335.9 67.67593449254196
10341.8 67.66545078392262
10347.7 67.65563305447932
10353.5 67.64645114761568
10359.4 67.63792684591463
10365.2 67.63009750904057
10371.1 67.62292159751185
10377.0 67.61649196564609
10382.8 67.6107724610277
10388.7 67.60575696558253
10394.5 67.60150016820187
10400.4 67.59798713870039
10406.2 67.59520818834642
10412.1 67.59314944012021
10418.0 67.59182387672175
10423.8 67.59124489759468
10429.7 67.59130081382479
10435.5 67.59198869281401
10441.4 67.59332002014652
10447.3 67.59517566144588
10453.1 67.59753643968558
10459.0 67.60034069414935
10464.8 67.6034816559083
10470.7 67.606912800039
10476.6 67.61048696730874
10482.4 67.61412856067514
10488.3 67.61778573927803
10494.1 67.62125500012394
10500.0 67.62452855759766
10505.9 67.62747235156215
10511.7 67.6299240766935
10517.6 67.63180496603947
10523.4 67.63302356547946
10529.3 67.6334989083895
10535.2 67.63309443674717
10541.0 67.63176676483508
10546.9 67.62945376935588
10552.7 67.62599660556235
10558.6 67.62146099353545
10564.5 67.61578498197126
10570.3 67.608865432123
10576.2 67.60082319211793
10582.0 67.59156458504256
10587.9 67.58111343289629
10593.8 67.56959470381382
10599.6 67.55693873493802
10605.5 67.54329486846841
10611.3 67.52874319111136
10617.2 67.51330323874645
10623.0 67.49711892592433
10628.9 67.48027011299354
10634.8 67.462948928653
10640.6 67.44516975525468
10646.5 67.42715039150217
10652.3 67.40892876750966
10658.2 67.390660546553
10664.1 67.37250332625689
10669.9 67.35451930950096
10675.8 67.33684045183499
10681.6 67.31954237169877
10687.5 67.30274747538913
10693.4 67.28651010012149
10699.2 67.2708839585803
10705.1 67.25590813525626
10710.9 67.24159927579448
10716.8 67.22804286913215
10722.7 67.21518003777024
10728.5 67.20306450100142
10734.4 67.19156657268405
10740.2 67.18076090252075
10746.1 67.17054453230354
10752.0 67.16083229789864
10757.8 67.1516008644685
10763.7 67.14281271331349
10769.5 67.13425763993945
10775.4 67.12600281313935
10781.2 67.11785160050503
10787.1 67.10973244312643
10793.0 67.10159394991271
10798.8 67.09328553024962
10804.7 67.08478515242791
10810.5 67.07597479298987
10816.4 67.06677308079442
10822.3 67.05709151865621
10828.1 67.0469034817941
10834.0 67.0361494050449
10839.8 67.02470462915862
10845.7 67.01261902999859
10851.6 66.99979832926755
10857.4 66.98623660730621
10863.3 66.96332046779916
10869.1 66.94789012360366
10875.0 66.93172368453243
10880.9 66.9148645381468
10886.7 66.89730770436243
10892.6 66.87913371594692
10898.4 66.86038211437787
10904.3 66.84987970766524
10910.2 66.83043655027215
10916.0 66.81055016660211
10921.9 66.79031236309406
10927.7 66.76977002818771
10933.6 66.7490629145451
10939.5 66.72821008149238
10945.3 66.7073408075351
10951.2 66.68649544414724
10957.0 66.66584844647782
10962.9 66.6453690595204
10968.8 66.62523046649717
10974.6 66.60548428481702
10980.5 66.58620099716954
10986.3 66.56748550854334
10992.2 66.54941218202724
10998.0 66.53199006002671
11003.9 66.51537227359665
11009.8 66.49957703026072
11015.6 66.48464391448455
11021.5 66.47061956125562
11027.3 66.4575954843893
11033.2 66.44554621250796
11039.1 66.43454189425553
11044.9 66.42461270889645
11050.8 66.41573472493738
11056.6 66.40795500714722
11062.5 66.4012609447509
11068.4 66.39566343198189
11074.2 66.39116288183494
11080.1 66.38776656474276
11085.9 66.38536533261625
11091.8 66.38406036994003
11097.7 66.38379515741084
11103.5 66.38444911325114
11109.4 66.38603672124846
11115.2 66.38858867017709
11121.1 66.391971269378
11127.0 66.39619662079285
11132.8 66.40118292946964
11138.7 66.40691703123628
11144.5 66.4133608260744
11150.4 66.42046790450931
11156.2 66.42814670807472
11162.1 66.43639002041213
11168.0 66.44518614622623
11173.8 66.45445128305123
11179.7 66.46413010828506
11185.5 66.47430228024406
11191.4 66.48482198844381
11197.3 66.49574587150748
11203.1 66.50698218456846
11209.0 66.51855407350861
11214.8 66.53044636041717
11220.7 66.5425870735625
11226.6 66.55506593215678
11232.4 66.56775507268455
11238.3 66.58074734351399
11244.1 66.59399136958908
11250.0 66.60746209338758
11255.9 66.62117272950712
11261.7 66.63517061141611
11267.6 66.64938929848225
11273.4 66.66388799317595
11279.3 66.67866166656945
11285.2 66.69368574167538
11291.0 66.70899884788727
11296.9 66.72458472212443
11302.7 66.74051419548105
11308.6 66.75676868593818
11314.5 66.7733553719983
11320.3 66.79033467472173
11326.2 66.807723922271
11332.0 66.82547436518585
11337.9 66.84373401736705
11343.8 66.86245149836668
11349.6 66.8816349586319
11355.5 66.9014231117549
11361.3 66.92174029321713
11367.2 66.94266891030824
11373.0 66.9641896054402
11378.9 66.98635631610347
11384.8 67.00916949698009
11390.6 67.03268152852009
11396.5 67.05692720295264
11402.3 67.08183649419095
11408.2 67.10747826681971
11414.1 67.13381559177724
11419.9 67.16087601212722
11425.8 67.18860539795678
11431.6 67.21705381382903
11437.5 67.24610656348628
11443.4 67.27578243521182
11449.2 67.30603430082728
11455.1 67.33682637793508
11460.9 67.36808409717462
11466.8 67.3997407228401
11472.7 67.43177777557725
11478.5 67.46410046567387
11484.4 67.49667155551226
11490.2 67.52934566422267
11496.1 67.56210057683884
11502.0 67.5949083520222
11507.8 67.62759091407864
11513.7 67.66016225218846
11519.5 67.69250146888872
11525.4 67.72458313097304
11531.2 67.7563102419466
11537.1 67.78762982453607
11543.0 67.81850068672608
11548.8 67.84886247113646
11554.7 67.87871160496348
11560.5 67.90795972082134
11566.4 67.93658272995319
11572.3 67.96453948656092
11578.1 67.99191089671918
11584.0 68.01856540522341
11589.8 68.04455865532168
11595.7 68.06986758032163
11601.6 68.09456690567066
11607.4 68.11859393458373
11613.3 68.14202843197452
11619.1 68.16485398178558
11625.0 68.18711749761947
11630.9 68.20885485578738
11636.7 68.23007291028459
11642.6 68.25082402334982
11648.4 68.27113613465745
11654.3 68.29106646224685
11660.2 68.3106008398483
11666.0 68.32977712569996
11671.9 68.3486059826308
11677.7 68.36711352451931
11683.6 68.38531180895129
11689.5 68.40317401566911
11695.3 68.42074179193374
11701.2 68.4379890108699
11707.0 68.4548664500918
11712.9 68.47136508759719
11718.8 68.48748551574276
11724.6 68.5031687433285
11730.5 68.51837578997764
11736.3 68.53307442788854
11742.2 68.54727067396006
11748.0 68.56083113084482
11753.9 68.57380087640212
11759.8 68.58607624537662
11765.6 68.59772315108364
11771.5 68.60861749922893
11777.3 68.618778097249
11783.2 68.62815932961881
11789.1 68.63678330084389
11794.9 68.64463766840883
11800.8 68.65172791937741
11806.6 68.65803614920543
11812.5 68.6636267772224
11818.4 68.66851258047696
11824.2 68.67270233193038
11830.1 68.6762964690217
11835.9 68.67929490913858
11841.8 68.68176034487927
11847.7 68.68378074794929
11853.5 68.68541210178192
11859.4 68.68668291835664
11865.2 68.68772082583656
11871.1 68.68857501080899
11877.0 68.68928097556592
11882.8 68.69000340642417
11888.7 68.69068524423999
11894.5 68.69150377670823
11900.4 68.69243198453964
11906.2 68.69358377768783
11912.1 68.69496548830145
11918.0 68.69660091729773
11923.8 68.69855631109972
11929.7 68.7008145401917
11935.5 68.70341638294849
11941.4 68.70635634890823
11947.3 68.70962440069833
11953.1 68.71316223968381
11959.0 68.71697088668127
11964.8 68.72104169861113
11970.7 68.72525640934863
11976.6 68.72958231209307
11982.4 68.73399196294305
11988.3 68.73834005313223
11994.1 68.74260834371836
12000.0 68.74671982483844
12005.9 68.75054071662397
12011.7 68.7540001547136
12017.6 68.75703426108831
12023.4 68.7595054899859
12029.3 68.76139048099789
12035.2 68.76255465256109
12041.0 68.76292984683674
12046.9 68.76245132410989
12052.7 68.76103561804096
12058.6 68.75864584235791
12064.5 68.75525147454876
12070.3 68.75074374618676
12076.2 68.74519626185258
12082.0 68.73849585374049
12087.9 68.73069228444854
12093.8 68.72176911627996
12099.6 68.71172985757735
12105.5 68.70067265446092
12111.3 68.68855312730118
12117.2 68.67544495849208
12123.0 68.66140162909186
12128.9 68.64651255557905
12134.8 68.63077647318384
12140.6 68.61433706147541
12146.5 68.59721306284403
12152.3 68.57951061150335
12158.2 68.56127416527416
12164.1 68.54258621641006
12169.9 68.52350283019264
12175.8 68.50409503886236
12181.6 68.48442503211608
12187.5 68.46453538983293
12193.4 68.44445455419722
12199.2 68.42421035127086
12205.1 68.40385903454121
12210.9 68.38340597509149
12216.8 68.36282853512938
12222.7 68.3421331285116
12228.5 68.32133817635273
12234.4 68.3003935583544
12240.2 68.27926506999094
12246.1 68.25794182431112
12252.0 68.23635663642925
12257.8 68.21449833657447
12263.7 68.19228520149358
12269.5 68.16969788250516
12275.4 68.14666868984544
12281.2 68.12310583678799
12287.1 68.09900197315775
12293.0 68.07426885462444
12298.8 68.04886118433876
12304.7 68.02273229118846
12310.5 67.99582150487292
12316.4 67.96809598044337
12322.3 67.93951045922581
12328.1 67.91000218873111
12334.0 67.87959945517298
12339.8 67.84824918780676
12345.7 67.81588078766758
12351.6 67.78258711012802
12357.4 67.7483635989955
12363.3 67.71313643777069
12369.1 67.6769958520932
12375.0 67.6399677739851
12380.9 67.60205098899966
12386.7 67.56334137110896
12392.6 67.52383053020993
12398.4 67.4836286241357
12404.3 67.44276799988411
12410.2 67.40135030047722
12416.0 67.35943475531838
12421.9 67.31710218940624
12427.7 67.27441828334425
12433.6 67.23149382560847
12439.5 67.18837102445224
12445.3 67.14516026525736
12451.2 67.10195471837484
12457.0 67.05879980761854
12462.9 67.01579188689547
12468.8 66.97294931280284
12474.6 66.93039697037311
12480.5 66.88812687928011
12486.3 66.84622949026046
12492.2 66.804713995905
12498.0 66.76361572846102
12503.9 66.72297493537413
12509.8 66.68279276627959
12515.6 66.64303865339626
12521.5 66.6037821385193
12527.3 66.5649527067887
12533.2 66.5078207458201
12539.1 66.47002119122574
12544.9 66.4325805324013
12550.8 66.39543088580265
12556.6 66.35861242971592
12562.5 66.32204532506638
12568.4 66.28568498256386
12574.2 66.24947836822686
12580.1 66.23125339547644
12585.9 66.19512272036492
12591.8 66.15901111242779
12597.7 66.12284603114195
12603.5 66.08665119255612
12609.4 66.05024725594824
12615.2 66.01369195148816
12621.1 65.97683642030364
12627.0 65.93967543912788
12632.8 65.90212276564752
12638.7 65.86413371623458
12644.5 65.82559689812079
12650.4 65.78652140513002
12656.2 65.74678875826343
12662.1 65.70637114103077
12668.0 65.66522260105596
12673.8 65.62328863982967
12679.7 65.58054324969743
12685.5 65.53694680660516
12691.4 65.49248129685346
12697.3 65.44711976510064
12703.1 65.40086869961173
12709.0 65.35376289761805
12714.8 65.30580191189961
12720.7 65.25700076220296
12726.6 65.20743742718197
12732.4 65.15711543917773
12738.3 65.10615004303003
12744.1 65.05457234413291
12750.0 65.00242577774809
12755.9 64.94982414418534
12761.7 64.89688332059711
12767.6 64.84362378374523
12773.4 64.7901488548081
12779.3 64.73655079835407
12785.2 64.68289940808675
12791.0 64.62929886966724
12796.9 64.5757937070045
12802.7 64.52247493828592
12808.6 64.46943952433757
12814.5 64.41671604968451
12820.3 64.36437715940475
12826.2 64.31248999873279
12832.0 64.26116790616469
12837.9 64.21037911441526
12843.8 64.16023701698585
12849.6 64.11079278824764
12855.5 64.06204863615882
12861.3 64.01409236527945
12867.2 63.9669549729701
12873.0 63.920608884855355
12878.9 63.87520510954185
12884.8 63.83065304693095
12890.6 63.78708457094298
12896.5 63.74439971665585
12902.3 63.70266482695804
12908.2 63.661897272089035
12914.1 63.62204698663383
12919.9 63.583152635620436
12925.8 63.54516637156546
12931.6 63.508102321565374
12937.5 63.471938374714156
12943.4 63.4365951817462
12949.2 63.402125147851606
12955.1 63.368460791646285
12960.9 63.33563935780178
12966.8 63.30358630214796
12972.7 63.27235608129199
12978.5 63.24189620983664
12984.4 63.21227724722162
12990.2 63.18346584888958
12996.1 63.15556704823938
13002.0 63.12860946425276
13007.8 63.10270383204853
13013.7 63.07785898196961
13019.5 63.05423888841689
13025.4 63.03194153763671
13031.2 63.01110509567398
13037.1 62.99184426079127
13043.0 62.97428096886814
13048.8 62.95859568386298
13054.7 62.944899447703236
13060.5 62.9333712731263
13066.4 62.92412145596579
13072.3 62.91732173581762
13078.1 62.91307735265464
13084.0 62.91152610259219
13089.8 62.912749910862814
13095.7 62.916864588682145
13101.6 62.92397837490658
13107.4 62.934139298171985
13113.3 62.94737998370785
13119.1 62.96379670245328
13125.0 62.983338295104815
13130.9 63.00605396366187
13136.7 63.0318862420301
13142.6 63.06087405736851
13148.4 63.09290672485956
13154.3 63.12791317597832
13160.2 63.1658382869211
13166.0 63.20658449104231
13171.9 63.25003853859299
13177.7 63.29604998843023
13183.6 63.34454045956504
13189.5 63.395341474314066
13195.3 63.44829000621537
13201.2 63.50325604605304
13207.0 63.56007272774782
13212.9 63.61858761830079
13218.8 63.67864270724432
13224.6 63.74007964371479
13230.5 63.80271828741125
13236.3 63.86647227028057
13242.2 63.931188085701436
13248.0 63.99671199265266
13253.9 64.06295214256741
13259.8 64.12979624162186
13265.6 64.19713283439786
13271.5 64.26490124059532
13277.3 64.33302656962103
13283.2 64.40140646142711
13289.1 64.47006045120553
13294.9 64.53886434746472
13300.8 64.60782753460678
13306.6 64.67692341038061
13312.5 64.74608439180143
13318.4 64.81531185177597
13324.2 64.88454169268016
13330.1 64.95383904747207
13335.9 65.0231086472795
13341.8 65.09236550293356
13347.7 65.16160408516234
13353.5 65.2308654415775
13359.4 65.30008071346502
13365.2 65.36927401672709
13371.1 65.43845054043655
13377.0 65.50757215996089
13382.8 65.57668839346464
13388.7 65.64565827927949
13394.5 65.71457506963306
13400.4 65.78333349155223
13406.2 65.85188295063982
13412.1 65.92020599053508
13418.0 65.98822695879502
13423.8 66.05587168531375
13429.7 66.1231664497358
13435.5 66.18993342878288
13441.4 66.25623757748387
13447.3 66.32195976588166
13453.1 66.38713518029081
13459.0 66.45164576121071
13464.8 66.51551059001126
13470.7 66.57875788136361
13476.6 66.64123439267391
13482.4 66.70310598975338
13488.3 66.76430785352359
13494.1 66.82481469103324
13500.0 66.88474959136035
13505.9 66.9441025707309
13511.7 67.00289803579003
13517.6 67.06120262908874
13523.4 67.11907302540024
13529.3 67.17656931859439
13535.2 67.23373553950005
13541.0 67.29063563189753
13546.9 67.34739375981644
13552.7 67.40392167419473
13558.6 67.46042192502229
13564.5 67.5168814015896
13570.3 67.57327872701102
13576.2 67.6297654262164
13582.0 67.68628266438714
13587.9 67.74286318632468
13593.8 67.79952408320116
13599.6 67.85623205842275
13605.5 67.9130041676972
13611.3 67.96983045867773
13617.2 68.02667014155163
13623.0 68.08350498450798
13628.9 68.14026520725267
13634.8 68.19697272048285
13640.6 68.25354857758099
13646.5 68.30995208399231
13652.3 68.36613925182
13658.2 68.42207987765885
13664.1 68.47768244703771
13669.9 68.53295329405613
13675.8 68.58786675690239
13681.6 68.64238998092218
13687.5 68.69641628606094
13693.4 68.74996639203258
13699.2 68.80299882726885
13705.1 68.85553458626352
13710.9 68.90749910254318
13716.8 68.95889258839932
13722.7 69.00966729500767
13728.5 69.05982221510672
13734.4 69.10940159201178
13740.2 69.15840626517954
13746.1 69.20675474195208
13752.0 69.2545210257671
13757.8 69.30174855687076
13763.7 69.34839284081023
13769.5 69.39453511043423
13775.4 69.44012127496588
13781.2 69.48529426316962
13787.1 69.52998980561108
13793.0 69.57432118450843
13798.8 69.61831009522625
13804.7 69.66198859905349
13810.5 69.70545831632516
13816.4 69.74873086284164
13822.3 69.79181517397858
13828.1 69.83484307656802
13834.0 69.87782236329369
13839.8 69.92083996980331
13845.7 69.96392313617233
13851.6 70.0070808326125
13857.4 70.05037908187892
13863.3 70.09384583715563
13869.1 70.13755257994521
13875.0 70.1815063805808
13880.9 70.22567454404522
13886.7 70.27010082094604
13892.6 70.3148627434338
13898.4 70.35984122196004
13904.3 70.4051011619276
13910.2 70.45060958676761
13916.0 70.49640021117405
13921.9 70.54237162032199
13927.7 70.58854924691782
13933.6 70.63485976012409
13939.5 70.68127513637616
13945.3 70.72775949668484
13951.2 70.77422326145417
13957.0 70.82068449084747
13962.9 70.86700564951985
13968.8 70.91320040340416
13974.6 70.9591033134853
13980.5 71.00472291052203
13986.3 71.0499486972683
13992.2 71.09476803294088
13998.0 71.13902007401835
14003.9 71.1827409017785
14009.8 71.22578340552965
14015.6 71.26812747799346
14021.5 71.30964478997699
14027.3 71.35038342985168
14033.2 71.39016906996942
14039.1 71.42907866738751
14044.9 71.46695335007418
14050.8 71.50383544361362
14056.6 71.53964469573602
14062.5 71.57433561200142
14068.4 71.60797924929898
14074.2 71.64047333462034
14080.1 71.67185289232452
14085.9 71.70205809538328
14091.8 71.73120662013424
14097.7 71.75928701435208
14103.5 71.78626214358745
14109.4 71.8121647652143
14115.2 71.83706109424675
14121.1 71.86094903932945
14127.0 71.88394570853325
14132.8 71.9059900956289
14138.7 71.92724095402744
14144.5 71.94770420241082
14150.4 71.96743312487096
14156.2 71.98645661649333
14162.1 72.00486303382246
14168.0 72.02271552615854
14173.8 72.0400568980702
14179.7 72.056925755509
14185.5 72.07342969863011
14191.4 72.08953576580775
14197.3 72.10531239806808
14203.1 72.1280985243307
14209.0 72.14325993620639
14214.8 72.15816867145536
14220.7 72.17291582213366
14226.6 72.18739353708314
14232.4 72.20167795638272
14238.3 72.21574721090515
14244.1 72.22963558850932
14250.0 72.24324775946218
14255.9 72.24943375137165
14261.7 72.26257146551535
14267.6 72.27539041291041
14273.4 72.28778779277692
14279.3 72.29982675052318
14285.2 72.3114658253413
14291.0 72.3225319597974
14296.9 72.33311409814287
14302.7 72.34310676582771
14308.6 72.35246376367988
14314.5 72.36115334017681
14320.3 72.36913159867206
14326.2 72.37634888321327
14332.0 72.38278518045395
14337.9 72.38842026882985
14343.8 72.39315974876912
14349.6 72.39703727708306
14355.5 72.4000560152141
14361.3 72.40212793545273
14367.2 72.40326194493352
14373.0 72.40354407893291
14378.9 72.402852689532
14384.8 72.40134967517189
14390.6 72.398887943649
14396.5 72.39564411201027
14402.3 72.39157314847401
14408.2 72.38670458502267
14414.1 72.38111715735994
14419.9 72.37488851978586
14425.8 72.36801375852308
14431.6 72.36059036985043
14437.5 72.35263892963243
14443.4 72.34428083122823
14449.2 72.33552106688414
14455.1 72.3264486083881
14460.9 72.31716235794093
14466.8 72.30764999712774
14472.7 72.29804192162656
14478.5 72.28839035327697
14484.4 72.27870189354964
14490.2 72.2690659393784
14496.1 72.25955569267737
14502.0 72.25016590302154
14507.8 72.2409625544124
14513.7 72.23194091846209
14519.5 72.2231741519923
14525.4 72.21464104641014
14531.2 72.20641618342346
14537.1 72.19841088553802
14543.0 72.19077140462359
14548.8 72.18339430928212
14554.7 72.17625701073135
14560.5 72.16947651947585
14566.4 72.16295423953758
14572.3 72.15672539015146
14578.1 72.15079891454049
14584.0 72.14509676177902
14589.8 72.13965964035378
14595.7 72.13450463937674
14601.6 72.12959995800372
14607.4 72.12497430200354
14613.3 72.12059694737634
14619.1 72.11648559993384
14625.0 72.1126578572963
14630.9 72.10910075242366
14636.7 72.10584590048296
14642.6 72.10294849400543
14648.4 72.10040727241253
14654.3 72.09820794602419
14660.2 72.09639737726421
14666.0 72.0951126136942
14671.9 72.09422984943323
14677.7 72.09388833736928
14683.6 72.09409165052104
14689.5 72.09490728085747
14695.3 72.09639897468442
14701.2 72.09856289712825
14707.0 72.10148062464664
14712.9 72.1051394811899
14718.8 72.1096273435096
14724.6 72.11496097072937
14730.5 72.12117711425256
14736.3 72.12827987968227
14742.2 72.13631891744159
14748.0 72.14529031864049
14753.9 72.15521934588087
14759.8 72.16609463934832
14765.6 72.17789749635725
14771.5 72.19063030595484
14777.3 72.20427651911973
14783.2 72.21883207806587
14789.1 72.2341875826506
14794.9 72.2504256027305
14800.8 72.26739599926245
14806.6 72.28509537488141
14812.5 72.30346490921083
14818.4 72.32247451288525
14824.2 72.34199876071716
14830.1 72.36204174562693
14835.9 72.38251840202784
14841.8 72.40335509613058
14847.7 72.42451184363244
14853.5 72.44593927352032
14859.4 72.46756442747231
14865.2 72.48931249748138
14871.1 72.51118132650326
14877.0 72.53310257962475
14882.8 72.55502424966913
14888.7 72.57691044802075
14894.5 72.59877140586336
14900.4 72.62056397348535
14906.2 72.64225928420072
14912.1 72.66382611366654
14918.0 72.68535182307734
14923.8 72.70670184538827
14929.7 72.72800391397466
14935.5 72.7491640506211
14941.4 72.77027350504574
14947.3 72.79137354586982
14953.1 72.81240954061606
14959.0 72.83343710962835
14964.8 72.85449908746229
14970.7 72.87562361485574
14976.6 72.89681584404465
14982.4 72.91813738771691
14988.3 72.93956313090759
14994.1 72.9612065614463
15000.0 72.98304466172878
15005.9 73.00511158986815
15011.7 73.02741141661376
15017.6 73.04993527929929
15023.4 73.07272222095757
15029.3 73.09578108589129
15035.2 73.11912220852125
15041.0 73.14268474802962
15046.9 73.16647478895247
15052.7 73.19050506233047
15058.6 73.21470419338749
15064.5 73.23907759479904
15070.3 73.26354506703768
15076.2 73.28810754907741
15082.0 73.31270467576888
15087.9 73.33731540675876
15093.8 73.36181685867207
15099.6 73.38622433527986
15105.5 73.41047487677388
15111.3 73.43445114084473
15117.2 73.4581479515014
15123.0 73.4815415281322
15128.9 73.50455561439122
15134.8 73.52710424570222
15140.6 73.54917788940081
15146.5 73.57073016518069
15152.3 73.59174275746888
15158.2 73.61214379568442
15164.1 73.63192622099898
15169.9 73.65103250457447
15175.8 73.66951060493294
15181.6 73.68734315605154
15187.5 73.70446970332823
15193.4 73.72092788244422
15199.2 73.73669138320733
15205.1 73.7518346970303
15210.9 73.76633744015645
15216.8 73.78021316942647
15222.7 73.79350278687504
15228.5 73.80625012694394
15234.4 73.81844533057395
15240.2 73.83019244323087
15246.1 73.84144903167387
15252.0 73.85232061643794
15257.8 73.86284478008801
15263.7 73.87302589350567
15269.5 73.88290975278117
15275.4 73.89255498425338
15281.2 73.90196956572409
15287.1 73.9112393490668
15293.0 73.92032111951627
15298.8 73.92930679333831
15304.7 73.93818493117453
15310.5 73.9469518585362
15316.4 73.95570455545037
15322.3 73.9643946002686
15328.1 73.97298862359993
15334.0 73.981551843287
15339.8 73.99000304761957
15345.7 73.99843802404145
15351.6 74.00676294540771
15357.4 74.01497909619046
15363.3 74.02305704160138
15369.1 74.03105843087039
15375.0 74.0388219692553
15380.9 74.04643966371772
15386.7 74.0538617958298
15392.6 74.06104245178263
15398.4 74.06799135643321
15404.3 74.07461897861316
15410.2 74.08100175806614
15416.0 74.0870808941926
15421.9 74.09286220916675
15427.7 74.09832186920359
15433.6 74.1035085292346
15439.5 74.1084106807905
15445.3 74.11302800507872
15451.2 74.11739488464865
15457.0 74.12153718459523
15462.9 74.125482831689
15468.8 74.12930617251956
15474.6 74.13295000802425
15480.5 74.13656844582408
15486.3 74.1401772003336
15492.2 74.14381996386786
15498.0 74.14755116664661
15503.9 74.15141989515486
15509.8 74.15554523337039
15515.6 74.15988550708197
15521.5 74.16458191078722
15527.3 74.1696877999304
15533.2 74.17521862545198
15539.1 74.18123735574086
15544.9 74.18777330957602
15550.8 74.194894742778
15556.6 74.20265570766254
15562.5 74.21103961487994
15568.4 74.22008807415087
15574.2 74.22988276965062
15580.1 74.24028954918431
15585.9 74.25145589964414
15591.8 74.26330725858878
15597.7 74.27586665488795
15603.5 74.28905835639699
15609.4 74.30299873799746
15615.2 74.31751308750059
15621.1 74.33268348123411
15627.0 74.34843488997434
15632.8 74.36472968452925
15638.7 74.38155224285137
15644.5 74.39882965091367
15650.4 74.4165491368394
15656.2 74.43470659835621
15662.1 74.45318164614568
15668.0 74.47199199143539
15673.8 74.49114330041188
15679.7 74.51048566622445
15685.5 74.53004863960966
15691.4 74.54981012833609
15697.3 74.56972623898118
15703.1 74.58978399099426
15709.0 74.60996660737821
15714.8 74.63024448297813
15720.7 74.65063165655924
15726.6 74.67109655982887
15732.4 74.69165029354093
15738.3 74.71230070972003
15744.1 74.73303469809767
15750.0 74.75385307832168
15755.9 74.77482028557296
15761.7 74.79594945009244
15767.6 74.81720682654377
15773.4 74.83866843158363
15779.3 74.86035188136132
15785.2 74.88223208547662
15791.0 74.90441352525865
15796.9 74.92685672926169
15802.7 74.9496237477737
15808.6 74.97271466417239
15814.5 74.99617020905208
15820.3 75.02001684082825
15826.2 75.04423589831445
15832.0 75.06886513626294
15837.9 75.09388490008936
15843.8 75.11928845720699
15849.6 75.14510865705837
15855.5 75.17130311669735
15861.3 75.19788039098977
15867.2 75.22482028948063
15873.0 75.26624023561006
15878.9 75.29385882162313
15884.8 75.3217221176544
15890.6 75.34975665435924
15896.5 75.37799055411034
15902.3 75.40633639572316
15908.2 75.43475239469092
15914.1 75.46319438743079
15919.9 75.49163827282254
15925.8 75.51999502717145
15931.6 75.53382341118503
15937.5 75.56192021828126
15943.4 75.58986978981056
15949.2 75.61758847467661
15955.1 75.64512946003309
15960.9 75.6723436353554
15966.8 75.69929758947076
15972.7 75.72586782585083
15978.5 75.75214289277399
15984.4 75.77804437770067
15990.2 75.8035496786212
15996.1 75.8287237289242
16002.0 75.853416826898
16007.8 75.87776602129668
16013.7 75.90170782182645
16019.5 75.92526044425811
16025.4 75.94844745009867
16031.2 75.97121994223306
16037.1 75.99366233614211
16043.0 76.01578892814571
16048.8 76.03756959561674
16054.7 76.05902166267396
16060.5 76.08018607082064
16066.4 76.1010637597587
16072.3 76.12168362304584
16078.1 76.14207412988992
16084.0 76.16223887112129
16089.8 76.18215731795296
16095.7 76.20190613464315
16101.6 76.22143873362245
16107.4 76.24079132941732
16113.3 76.25993931869819
16119.1 76.27885967464984
16125.0 76.29760004162235
16130.9 76.31612379951092
16136.7 76.3344166622113
16142.6 76.35243630446963
16148.4 76.3702107154474
16154.3 76.38769922029427
16160.2 76.40483731271495
16166.0 76.42166413778858
16171.9 76.43805575974322
16177.7 76.45406088207245
16183.6 76.4696247111413
16189.5 76.48466897639956
16195.3 76.49919890063953
16201.2 76.51316163456127
16207.0 76.52649080568092
16212.9 76.53925236083695
16218.8 76.55132199123894
16224.6 76.56269798228291
16230.5 76.57336495132533
16236.3 76.58326454981939
16242.2 76.59239091792327
16248.0 76.60072469329357
16253.9 76.60826348192073
16259.8 76.61497307619199
16265.6 76.62084744669001
16271.5 76.62585736832695
16277.3 76.63006801271179
16283.2 76.6333799170849
16289.1 76.63580308201784
16294.9 76.63740797719966
16300.8 76.63814687658565
16306.6 76.63800809180584
16312.5 76.63701718645227
16318.4 76.63514958123996
16324.2 76.6324177201273
16330.1 76.62882730864597
16335.9 76.6243949447613
16341.8 76.61909557193664
16347.7 76.61297146567182
16353.5 76.60597632192106
16359.4 76.59809593535346
16365.2 76.5894330868014
16371.1 76.57985273737017
16377.0 76.56946028281627
16382.8 76.55818674924586
16388.7 76.54601555874213
16394.5 76.53303314618107
16400.4 76.51916498372597
16406.2 76.50446185117428
16412.1 76.48888263227184
16418.0 76.4724413682324
16423.8 76.45514132959644
16429.7 76.43695920058155
16435.5 76.41789898208066
16441.4 76.3980757413882
16447.3 76.37738795828315
16453.1 76.35591648559091
16459.0 76.33364655117983
16464.8 76.31056612317781
16470.7 76.28681491177818
16476.6 76.2623332855276
16482.4 76.23714220308814
16488.3 76.21129683894621
16494.1 76.18492334072666
16500.0 76.15794803474022
16505.9 76.13045386314413
16511.7 76.1025361937114
16517.6 76.07418579815547
16523.4 76.04547650838045
16529.3 76.0165177390529
16535.2 75.98729706126413
16541.0 75.95788056255151
16546.9 75.92831359903461
16552.7 75.89866742999676
16558.6 75.86900459991487
16564.5 75.83935484636034
16570.3 75.8097492386512
16576.2 75.78022939670147
16582.0 75.75087137846413
16587.9 75.72161780094999
16593.8 75.69256580250244
16599.6 75.663752319809
16605.5 75.63509909979284
16611.3 75.60662773698925
16617.2 75.5783999880402
16623.0 75.55035773697368
16628.9 75.52251968849306
16634.8 75.49484487365471
16640.6 75.46724417082802
16646.5 75.43977642064725
16652.3 75.41234997549967
16658.2 75.38499326498001
16664.1 75.35752658768399
16669.9 75.33002732854416
16675.8 75.30244046697526
16681.6 75.27461065098073
16687.5 75.24657192540114
16693.4 75.21820857702856
16699.2 75.18956745939012
16705.1 75.1604989077721
16710.9 75.13097552927312
16716.8 75.10098956753892
16722.7 75.07048380331622
16728.5 75.03946015175462
16734.4 75.0077882011921
16740.2 74.97552087966177
16746.1 74.94261535187928
16752.0 74.90910513966811
16757.8 74.874885306069
16763.7 74.84003054522181
16769.5 74.80452965423082
16775.4 74.76839250755984
16781.2 74.73163085729863
16787.1 74.69427990348427
16793.0 74.65634280825974
16798.8 74.61789350572171
16804.7 74.57895118512386
16810.5 74.53954762123472
16816.4 74.49974918383832
16822.3 74.45957579919447
16828.1 74.41908022883925
16834.0 74.37832803344796
16839.8 74.33736727375243
16845.7 74.29618682744407
16851.6 74.2548846701209
16857.4 74.213524342723
16863.3 74.17210024604073
16869.1 74.1306697217417
16875.0 74.08924973870084
16880.9 74.04783564528772
16886.7 74.00655921345168
16892.6 73.9653205639281
16898.4 73.9241919400793
16904.3 73.88319384116768
16910.2 73.84230309684959
16916.0 73.80151524704706
16921.9 73.7608271095569
16927.7 73.72030497760302
16933.6 73.67984898556493
16939.5 73.63948950882074
16945.3 73.59919794443768
16951.2 73.55893516379442
16957.0 73.51874534106673
16962.9 73.47856566361709
16968.8 73.43838558230574
16974.6 73.39820295024668
16980.5 73.35795373738286
16986.3 73.3176722086741
16992.2 73.2772604546319
16998.0 73.23682015113495
17003.9 73.19623129292313
17009.8 73.15555808241922
17015.6 73.114715252448
17021.5 73.07371100856825
17027.3 73.03259199065036
17033.2 72.9912439070212
17039.1 72.94977363112028
17044.9 72.90807626139885
17050.8 72.86619525885767
17056.6 72.82412033077053
17062.5 72.78183047946187
17068.4 72.73933010383105
17074.2 72.6966033409255
17080.1 72.6536158196986
17085.9 72.61039605277429
17091.8 72.56693887795525
17097.7 72.52317867678204
17103.5 72.47910014221925
17109.4 72.43475746690538
17115.2 72.39006967009968
17121.1 72.3450332147233
17127.0 72.29962068898693
17132.8 72.25381356084182
17138.7 72.20755856664012
17144.5 72.16086744303699
17150.4 72.1136339186916
17156.2 72.0659252337497
17162.1 72.01764953111967
17168.0 71.96880373191262
17173.8 71.91934473391288
17179.7 71.8692648477401
17185.5 71.81847666377291
17191.4 71.76703227242554
17197.3 71.71483033471749
17203.1 71.66194261356705
17209.0 71.6083001285647
17214.8 71.55391220788947
17220.7 71.49877880283003
17226.6 71.44287451391683
17232.4 71.38625806054024
17238.3 71.32895219732558
17244.1 71.27090655468594
17250.0 71.21227204648834
17255.9 71.1530131577924
17261.7 71.09316631808115
17267.6 71.03283124456797
17273.4 70.9720503678116
17279.3 70.91087474545257
17285.2 70.84943481226286
17291.0 70.78775330056511
17296.9 70.72593729170573
17302.7 70.66410250289809
17308.6 70.6022741769474
17314.5 70.54055494713724
17320.3 70.47901023575767
17326.2 70.41773798530213
17332.0 70.35686277190031
17337.9 70.2963347691812
17343.8 70.23630422332535
17349.6 70.1767985867363
17355.5 70.11781413238727
17361.3 70.0594564019808
17367.2 70.00165950443363
17373.0 69.94449923753002
17378.9 69.88792242078615
17384.8 69.83192850091957
17390.6 69.77645845904748
17396.5 69.72154936196573
17402.3 69.66703617649853
17408.2 69.61293895473139
17414.1 69.55916374399466
17419.9 69.50558918821768
17425.8 69.45218824485316
17431.6 69.39876460607448
17437.5 69.34533966853856
17443.4 69.29173404299026
17449.2 69.23784527484558
17455.1 69.18360603411467
17460.9 69.12883082935657
17466.8 69.07352733916159
17472.7 69.01753710009875
17478.5 68.96076984332088
17484.4 68.90317067378751
17490.2 68.8446888064913
17496.1 68.78531119971552
17502.0 68.72489932140935
17507.8 68.66351708883676
17513.7 68.60113812892546
17519.5 68.5377479291732
17525.4 68.4734557341192
17531.2 68.40824160921291
17537.1 68.34217176659403
17543.0 68.27537720434718
17548.8 68.17253967265019
17554.7 68.10452550428336
17560.5 68.03615543629299
17566.4 67.96761640939984
17572.3 67.89894339655909
17578.1 67.8303875501616
17584.0 67.76201065487149
17589.8 67.69400101383215
17595.7 67.62650065273823
17601.6 67.55969518559755
17607.4 67.52790065594631
17613.3 67.46255781782213
17619.1 67.39812683969879
17625.0 67.33477707661305
17630.9 67.27262176073287
17636.7 67.21165352993657
17642.6 67.15206941609543
17648.4 67.09381216392404
17654.3 67.03699485952903
17660.2 66.98162565270476
17666.0 66.92774528370397
17671.9 66.87531354232806
17677.7 66.82428162484503
17683.6 66.77471735457833
17689.5 66.7265042189857
17695.3 66.6795609456238
17701.2 66.63378430573546
17707.0 66.58911821127971
17712.9 66.54544908781939
17718.8 66.5025948382341
17724.6 66.46045160947953
17730.5 66.41887734612735
17736.3 66.37771489618287
17742.2 66.33676906491579
17748.0 66.2958934367367
17753.9 66.25497679979749
17759.8 66.21374571416996
17765.6 66.17215175937532
17771.5 66.13001531519436
17777.3 66.08713905853693
17783.2 66.04348971844001
17789.1 65.99886945873044
17794.9 65.95322598261009
17800.8 65.90645882608128
17806.6 65.858473859782
17812.5 65.8092366504444
17818.4 65.75870501307064
17824.2 65.70678712455117
17830.1 65.65357625161305
17835.9 65.59898821794653
17841.8 65.54309398775025
17847.7 65.48604653707596
17853.5 65.42775685824098
17859.4 65.36821944082406
17865.2 65.3074370257476
17871.1 65.24544082963953
17877.0 65.18231156756211
17882.8 65.11807772624007
17888.7 65.05275790825546
17894.5 64.98644536657898
17900.4 64.91924113110436
17906.2 64.85115382416988
17912.1 64.78232510525484
17918.0 64.71277885753241
17923.8 64.6426614098356
17929.7 64.57203405413672
17935.5 64.50095649735698
17941.4 64.42954316633585
17947.3 64.35795595935683
17953.1 64.28625225923618
17959.0 64.2145869781276
17964.8 64.14311377178684
17970.7 64.07216841825485
17976.6 64.001846548752
17982.4 63.932045312609844
17988.3 63.86272821896945
17994.1 63.79400869920538
18000.0 63.72597523936331
18005.9 63.658615111275296
18011.7 63.59205290166658
18017.6 63.52632713984015
18023.4 63.46146366335499
18029.3 63.397504606947635
18035.2 63.33445437893543
18041.0 63.27228096081389
18046.9 63.211063403579615
18052.7 63.15064231216117
18058.6 63.0910859593687
18064.5 63.03232720071979
18070.3 62.974280119267675
18076.2 62.91692587614632
18082.0 62.860188507662215
18087.9 62.80394554457747
18093.8 62.7482275395693
18099.6 62.692968713721896
18105.5 62.638049847045906
18111.3 62.58352568749952
18117.2 62.529357587061426
18123.0 62.47543727677278
18128.9 62.42174732364144
18134.8 62.36825772375208
18140.6 62.31482007887628
18146.5 62.26139634072878
18152.3 62.207988347611305
18158.2 62.1545009256095
18164.1 62.10092752269965
18169.9 62.04727842814735
18175.8 61.99362139730822
18181.6 61.94001209266143
18187.5 61.886469196345004
18193.4 61.83309343338381
18199.2 61.7799884138294
18205.1 61.727189617905154
18210.9 61.674864861481936
18216.8 61.62303898735048
18222.7 61.571859739574805
18228.5 61.52139719409992
18234.4 61.47169948404424
18240.2 61.422843875001476
18246.1 61.37494397967588
18252.0 61.32795639466609
18257.8 61.282036638060546
18263.7 61.23716880490768
18269.5 61.193409587308324
18275.4 61.150789037899
18281.2 61.10942939139305
18287.1 61.06933127108222
18293.0 61.03057650748359
18298.8 60.993228225209904
18304.7 60.957375679215986
18310.5 60.923099040133835
18316.4 60.890400948386244
18322.3 60.85939887682564
18328.1 60.830130098761956
18334.0 60.802575981460805
18339.8 60.776805181974666
18345.7 60.75271290828384
18351.6 60.730323196506205
18357.4 60.7094655516603
18363.3 60.69009549447061
18369.1 60.67207711620141
18375.0 60.6554018388632
18380.9 60.6401176909046
18386.7 60.62643260479824
18392.6 60.61429109032112
18398.4 60.603610079814345
18404.3 60.59437968795963
18410.2 60.586535285812985
18416.0 60.580208893435454
18421.9 60.57538304220394
18427.7 60.57222930130315
18433.6 60.570900008269646
18439.5 60.571524417256555
18445.3 60.574359114005276
18451.2 60.57960683240999
18457.0 60.58744292608078
18462.9 60.59811652087696
18468.8 60.611849264423185
18474.6 60.62874199401462
18480.5 60.64896684090813
18486.3 60.672666976576906
18492.2 60.699856117595075
18498.0 60.730627877385345
18503.9 60.76504325743316
18509.8 60.80315124263713
18515.6 60.84478014583762
18521.5 60.889329746019044
18527.3 60.93636089192243
18533.2 60.98538267092259
18539.1 61.03611275498962
18544.9 61.08817238187537
18550.8 61.14123825964573
18556.6 61.19492925985931
18562.5 61.24896637695842
18568.4 61.30302119669891
18574.2 61.35680725156037
18580.1 61.41002946057863
18585.9 61.462449869143896
18591.8 61.51382774428855
18597.7 61.563928566876584
18603.5 61.61255789941838
18609.4 61.65954406341551
18615.2 61.70471975053063
18621.1 61.74790153299689
18627.0 61.78900849077205
18632.8 61.827883566344084
18638.7 61.864423435329186
18644.5 61.8985748621178
18650.4 61.9303059921623
18656.2 61.95956520503425
18662.1 61.986346211971195
18668.0 62.010718782472125
18673.8 62.03269015021242
18679.7 62.0523598157565
18685.5 62.06988013225494
18691.4 62.08530032526831
18697.3 62.09881668008326
18703.1 62.110626933728284
18709.0 62.120906338018
18714.8 62.129853547605606
18720.7 62.13766613905442
18726.6 62.144611991040804
18732.4 62.1508947194835
18738.3 62.156767813953124
18744.1 62.162470875858574
18750.0 62.16820579613555
18755.9 62.174216769233155
18761.7 62.18072813802168
18767.6 62.187932025842414
18773.4 62.19599679293883
18779.3 62.205112316672555
18785.2 62.21547576310964
18791.0 62.2271358979214
18796.9 62.24033753784518
18802.7 62.25503415052107
18808.6 62.271379424036766
18814.5 62.28944652282145
18820.3 62.3091867496605
18826.2 62.33064405769669
18832.0 62.35383770335484
18837.9 62.37868214184839
18843.8 62.40513111476817
18849.6 62.43316654017728
18855.5 62.46260546959259
18861.3 62.49341459784783
18867.2 62.52543766958239
18873.0 62.558528523494985
18878.9 62.5925654727432
18884.8 62.62738216719593
18890.6 62.662843495653945
18896.5 62.698749343835814
18902.3 62.73499119496465
18908.2 62.77136569112274
18914.1 62.807708245933966
18919.9 62.843902002559346
18925.8 62.879802660890775
18931.6 62.915277094716444
18937.5 62.950235565882494
18943.4 62.98458895112985
18949.2 63.01827829824698
18955.1 63.051216419141625
18960.9 63.08343887990172
18966.8 63.11493837101263
18972.7 63.14571592959091
18978.5 63.17578949958575
18984.4 63.205267937480116
18990.2 63.23416204852184
18996.1 63.26262811624461
19002.0 63.29069668297306
19007.8 63.31851055511633
19013.7 63.34611740149471
19019.5 63.37367890557722
19025.4 63.40117692265652
19031.2 63.42881435014179
19037.1 63.45652916114334
19043.0 63.484441454953
19048.8 63.51254556425751
19054.7 63.54090359477071
19060.5 63.569435573014275
19066.4 63.598198231813214
19072.3 63.62715388176947
19078.1 63.656223207451305
19084.0 63.68535982632817
19089.8 63.714610246935464
19095.7 63.74384022244111
19101.6 63.77297477703202
19107.4 63.80203634906131
19113.3 63.830894089567934
19119.1 63.85949490820555
19125.0 63.88777273445869
19130.9 63.915701629934304
19136.7 63.943134773161674
19142.6 63.9700911301877
19148.4 63.99641770614268
19154.3 64.02208432277125
19160.2 64.0470525117744
19166.0 64.07119338525094
19171.9 64.09451259445707
19177.7 64.11697542314434
19183.6 64.13851521807275
19189.5 64.15916178238963
19195.3 64.1788861800368
19201.2 64.19772608000568
19207.0 64.21572823539356
19212.9 64.23291330892052
19218.8 64.25598233188238
19224.6 64.27173134412361
19230.5 64.2870331968702
19236.3 64.30192141038883
19242.2 64.31652296815666
19248.0 64.33096831261528
19253.9 64.34530086362578
19259.8 64.35965942576108
19265.6 64.37408500043928
19271.5 64.38857665945973
19277.3 64.4033242068892
19283.2 64.41127589358048
19289.1 64.42633530914226
19294.9 64.44155201568991
19300.8 64.45686664362894
19306.6 64.47226572299171
19312.5 64.48765054188263
19318.4 64.5030235838839
19324.2 64.51824246973122
19330.1 64.53320015372513
19335.9 64.54784359818548
19341.8 64.56204016693965
19347.7 64.57567408992139
19353.5 64.58864802143643
19359.4 64.6008483357444
19365.2 64.61218495591521
19371.1 64.62252853946663
19377.0 64.63179443574259
19382.8 64.63985022359138
19388.7 64.64661301501042
19394.5 64.65199855261768
19400.4 64.65587686986136
19406.2 64.6582089595845
19412.1 64.65888237914226
19418.0 64.65787281157837
19423.8 64.65514637131257
19429.7 64.65070553014482
19435.5 64.64453619501366
19441.4 64.63664380151089
19447.3 64.62717286275956
19453.1 64.6162158314837
19459.0 64.60386381674826
19464.8 64.59034693520915
19470.7 64.57573934560945
19476.6 64.56038676956223
19482.4 64.54428992959701
19488.3 64.52787078523919
19494.1 64.5112297799503
19500.0 64.49464666898112
19505.9 64.47827732048023
19511.7 64.46238151702102
19517.6 64.4471604872159
19523.4 64.43267979684433
19529.3 64.41915761369759
19535.2 64.40667366401647
19541.0 64.39535341964871
19546.9 64.38518411772189
19552.7 64.37621512207704
19558.6 64.36850353318549
19564.5 64.36194110439233
19570.3 64.3565285730919
19576.2 64.35221114228565
19582.0 64.3488720552505
19587.9 64.3464790448385
19593.8 64.34488429630797
19599.6 64.34386468437938
19605.5 64.34330313024866
19611.3 64.34302104029544
19617.2 64.34274322712585
19623.0 64.34228556665734
19628.9 64.34133243911026
19634.8 64.3397064709083
19640.6 64.3370622667602
19646.5 64.33302656347611
19652.3 64.32743420129695
19658.2 64.31987076073226
19664.1 64.31013212335041
19669.9 64.29786067030906
19675.8 64.2828013974934
19681.6 64.26476251314125
19687.5 64.24358585172196
19693.4 64.2191765562243
19699.2 64.19148807987665
19705.1 64.16053301732812
19710.9 64.12642389885508
19716.8 64.08938461113354
19722.7 64.04967731516382
19728.5 64.00769824566835
19734.4 63.96387144612855
19740.2 63.91869567121675
19746.1 63.87274733270793
19752.0 63.82663466240216
19757.8 63.78101584693495
19763.7 63.73650560232214
19769.5 63.6936660042188
19775.4 63.65299541262324
19781.2 63.615073691311764
19787.1 63.58025672162201
19793.0 63.54881416859267
19798.8 63.52126504749812
19804.7 63.497860456586
19810.5 63.47904456007656
19816.4 63.465232610368574
19822.3 63.45713045320933
19828.1 63.455217055104285
19834.0 63.46005094351243
19839.8 63.47208915287648
19845.7 63.49576035465536
19851.6 63.53664139075984
19857.4 63.59422351360071
19863.3 63.66883586627803
19869.1 63.76060816269096
19875.0 63.86943558137004
19880.9 63.99510713141491
19886.7 64.13730426127937
19892.6 64.29572476263259
19898.4 64.4700189998181
19904.3 64.65978477474367
19910.2 64.86461142510495
19916.0 65.08376722979702
19921.9 65.31653958386282
19927.7 65.56216549807448
19933.6 65.81969036518909
19939.5 66.08832903757244
19945.3 66.36717841996183
19951.2 66.65550075075711
19957.0 66.95256276123781
19962.9 67.25749701892597
19968.8 67.56953455368601
19974.6 67.88797215428164
19980.5 68.21300798902347
19986.3 68.5476417422342
19992.2 68.89055547900249
19998.0 69.22819906029603
