Freq "Ceiling Bounce"
20.5078 49.74360417187333
21.9727 51.52536977258464
23.4375 48.472707869455604
24.9023 51.21079733998681
26.3672 55.57085038825525
27.832 56.96037971406295
29.2969 58.68576712501161
30.7617 60.38333341758053
32.2266 62.070398705644465
33.6914 63.3896980225619
35.1563 64.93856883648402
36.6211 66.64091314104905
38.0859 68.2475715182461
39.5508 69.59487458230149
41.0156 70.65183467578618
42.4805 71.4211902818175
43.9453 72.37564012644867
45.4102 73.21557634322669
46.875 74.19764839229452
48.3398 74.9133326925066
51.2695 76.35205196982953
52.7344 76.92096181796607
54.1992 77.3048254822246
55.6641 77.6582067249042
58.5938 78.55782095891378
60.0586 78.96771108867036
62.9883 79.66466025933836
64.4531 79.90489947986359
67.3828 80.23543419813862
68.8477 80.42162903373642
71.7773 81.03545935676487
74.707 81.5803887299954
77.6367 81.75030725003377
79.1016 81.88354055211342
82.0313 82.50130580403898
84.9609 82.97351307870724
87.8906 82.89899787630817
90.8203 82.82713647820056
95.2148 83.56704052419296
98.1445 83.59548895278976
101.074 83.75180547009327
105.469 83.7530417858826
108.398 83.89168129033395
112.793 84.33175918810008
117.188 84.40301987733832
120.117 84.4564146941663
124.512 84.50736830054105
128.906 84.36890317169835
133.301 84.52776410415066
139.16 84.3540128747734
143.555 84.17147174639831
147.949 84.00321499756205
153.809 84.11272395995077
159.668 84.25313143025878
165.527 84.15004925933488
171.387 83.98367275021815
177.246 83.84193525733055
183.105 83.60190288052722
188.965 83.43272110844939
196.289 83.58958295163984
203.613 83.37487808585594
210.938 83.29306325496515
218.262 83.18502172716323
225.586 83.09170107730263
232.91 83.4192522936771
241.699 83.10491736883282
250.488 82.79857888171162
259.277 83.21557732773189
268.066 82.62597416854459
276.855 82.63244164430084
287.109 82.73856032368772
297.363 82.86569204263245
307.617 82.81061277485065
319.336 82.81665684343089
329.59 82.85498345397562
341.309 82.41399202030121
353.027 82.1252025172005
366.211 82.45125753795614
379.395 83.0985568725206
392.578 82.88593113672633
405.762 82.24512580514757
420.41 83.38298632277218
435.059 83.70260423936793
451.172 84.15015652467817
465.82 84.20436112754489
483.398 84.00103442074943
499.512 83.97686650413222
517.09 84.42268428002754
536.133 83.49463724284614
555.176 83.20501029940311
574.219 83.36824079381239
594.727 83.34562998281038
615.234 82.97596965135051
637.207 82.44855840230743
659.18 82.95484836460884
682.617 82.7370214248355
707.52 83.1335810612537
732.422 83.3553268173277
757.324 83.1112747721354
785.156 83.66118153110293
811.523 83.75852806308558
840.82 83.72277937307916
870.117 83.86450909967198
900.879 84.38363197915076
933.105 84.22712420945231
965.332 84.09614396265057
1000.49 83.60115976279867
1035.64 84.72602815870063
1072.27 84.8783463185166
1108.89 84.80080458001866
1148.44 84.40473041191066
1189.45 83.80081707942014
1230.47 83.56725766706354
1274.41 83.31767775182098
1319.82 81.74184627598588
1366.7 81.28838425890967
1413.57 80.43439191625433
1463.38 79.18641921289806
1516.11 78.74421792087485
1568.85 78.43005935497767
1624.51 78.85831827089811
1681.64 79.99164910911072
1741.7 78.4323957301896
1803.22 78.65905853575498
1866.21 78.10224831042727
1932.13 79.92119214736087
1999.51 80.49610497944471
2069.82 81.243938980816
2143.07 82.10497333279713
2219.24 81.26039404484041
2296.88 80.89808690131687
2378.91 80.93697280119316
2462.4 80.57715089085868
2548.83 79.80458357534047
2639.65 79.19814176990431
2731.93 78.53051265842541
2828.61 77.78690864794908
2928.22 76.92998280244055
3030.76 76.71489837617253
3137.7 76.47305054157303
3249.02 76.74551757149523
3363.28 77.12928040911342
3481.93 77.36115573210873
3604.98 78.15471921716488
3732.42 78.9704299319893
3864.26 79.15827496710601
4000.49 79.51905554015384
4141.11 80.06761476929363
4287.6 81.01062827141828
4438.48 81.58980087804215
4595.21 82.00937771012813
4756.35 82.1150654150405
4924.8 82.50116280018496
5097.66 82.78383092709383
5277.83 83.13240819671415
5463.87 83.66759065564844
5657.23 84.10345348721863
5856.45 84.3978552852749
6062.99 84.01181962170341
6276.86 83.43035198048443
6498.05 82.75702707903757
6726.56 82.27192156768328
6963.87 81.86781651561631
7209.96 81.63642262322941
7464.84 81.75498257393318
7727.05 81.48172240298553
7999.51 81.24110087384055
8282.23 80.85538765734967
8573.73 80.47356264008161
8876.95 79.91179733497826
9188.96 79.34498354390449
9514.16 79.25345801868534
9849.61 79.19354214802546
10196.8 78.96339664287711
10555.7 78.6523406501595
10927.7 78.57503955080215
11313.0 78.7813910065156
11712.9 78.6657026009276
12126.0 78.17196242689363
12553.7 77.57764433360026
12996.1 76.73131820598226
13454.6 75.44635416725106
13929.2 73.95273452528338
14419.9 72.57636456447753
14928.2 71.0527110185867
15455.6 69.1220645259133
16000.5 67.01998897660974
16564.5 65.52310055176905
17148.9 63.539674891356356
17752.4 61.56784366959684
18379.4 61.15136796076317
19026.9 62.23036095527351
19697.8 63.090898129074176
19999.5 63.50427743995233
