Freq "Rear Wall Bounce"
20.5078 53.76518778346649
21.2402 57.8979014537541
21.9727 60.88817377753976
22.7051 59.83915413032166
23.4375 61.71297746106576
24.1699 60.75821929342409
25.6348 65.43833383064528
26.3672 67.22555110461427
27.0996 68.93030329054803
27.832 69.33301984582009
29.2969 71.50399602679745
30.0293 72.43580525565443
31.4941 74.06473667824376
32.2266 74.56322339102455
33.6914 75.80016692598038
34.4238 75.94769864044409
35.8887 76.64115090125757
37.3535 77.07743149961156
38.8184 77.53373818322098
39.5508 77.51259592574164
41.0156 77.40632506976313
42.4805 77.63748842089889
43.9453 77.82708655800874
45.4102 77.96252804938453
47.6074 78.11951012051601
49.0723 78.30618132040522
50.5371 78.37622024660273
52.7344 78.57926950531251
54.1992 78.72526125823887
56.3965 78.92650932136208
58.5938 79.0851040431752
60.0586 79.40971463827046
62.2559 79.4414063649046
64.4531 79.6832521894062
66.6504 79.84691475172419
69.5801 79.98658760343524
71.7773 80.20895604133912
73.9746 80.3962832488474
76.9043 80.4419050092951
79.834 80.51363781834588
82.7637 80.63767013239888
85.6934 80.85510261911647
88.623 80.9471966920534
91.5527 81.06050082630153
94.4824 81.07502124601486
98.1445 81.00961713690737
101.807 80.98766589945768
105.469 81.0889105766788
109.131 80.81705577269234
112.793 80.68370232377124
116.455 80.59670411369548
120.85 80.53060149727183
125.244 80.5072097541004
129.639 80.72074172407896
134.033 80.34910555426585
138.428 80.08083615295874
143.555 80.00950523559601
148.682 79.92924198097036
153.809 79.8057976304464
159.668 79.55916620392827
164.795 79.39868327127841
170.654 79.24527275244044
176.514 79.14669677933091
183.105 79.13289708134836
189.697 78.54534675561817
196.289 78.58693021660248
202.881 78.17677844540897
210.205 78.2179763679664
217.529 78.03056180683866
225.586 77.84091725054118
232.91 77.61680370144049
241.699 76.94825022258722
249.756 77.32613938506404
258.545 77.38884319552845
268.066 77.06380546197381
277.588 76.92697310146988
287.109 77.12777679900802
297.363 76.3864671601678
307.617 76.22953115672384
318.604 76.0983220281614
329.59 76.28033567228316
341.309 76.80174957723902
353.76 76.31517797925325
366.211 75.94912579440542
378.662 76.14621767610507
392.578 75.81641849436409
405.762 75.70435054314416
420.41 75.48188735611285
435.059 74.93756523768154
450.439 75.41108341701738
466.553 75.21665646044553
482.666 76.27391367927652
500.244 77.31871703721636
517.822 77.11557666070983
536.133 75.96604483382596
554.443 76.5207380064173
574.219 77.06782071583352
594.727 77.89407274373909
615.234 76.8909930706208
637.207 77.03188234835248
659.912 76.43791090444296
683.35 75.91069479749557
706.787 74.56997483082078
731.689 74.19901820137521
758.057 74.38407824945169
784.424 73.10363500905358
812.256 73.02058709870873
840.82 73.17299349305675
870.85 73.70644675125025
901.611 72.89797011409622
933.105 73.8180295331055
966.064 73.93595400502126
999.756 73.35074907444034
1034.91 73.4286179857515
1071.53 71.83047928698548
1109.62 71.61057531174913
1148.44 72.10751628905237
1189.45 71.35075182091875
1231.2 71.26176693676207
1274.41 70.38573221172376
1319.82 69.44946700822693
1365.97 69.2050830746354
1414.31 69.00433672378203
1464.11 68.39581919341265
1515.38 68.33135531676184
1568.85 67.68202720321648
1624.51 67.20216391809109
1681.64 68.0411623465598
1740.97 68.30204729095414
1802.49 68.97463474649838
1866.21 69.78707353719663
1932.13 70.02117582527703
2000.24 69.63767651070934
2070.56 70.59921684999372
2143.8 70.2238891718224
2219.24 70.13817486045566
2297.61 70.81184886306265
2378.17 71.15404831330827
2462.4 69.7604193805885
2548.83 69.77507776300091
2638.92 70.36373586778112
2731.93 69.56229509425222
2828.61 70.01999055067876
2928.22 70.30124844538946
3031.49 69.55427412376652
3138.43 69.6654798460822
3249.02 69.4020477167923
3363.28 69.12106106989725
3481.93 69.86172622868267
3604.98 69.28717189180564
3732.42 68.4658415251645
3863.53 68.79508926763413
3999.76 68.83484667897802
4141.11 69.66357521805467
4286.87 68.57379340736712
4438.48 69.05716332400316
4594.48 67.36990317150708
4757.08 67.1431532779995
4924.8 67.25867022321661
5098.39 66.2425824579278
5277.83 67.47244855546914
5463.87 66.5096464715262
5656.49 65.89951111007129
5856.45 66.05150635869303
6062.99 65.08991105945535
6276.86 65.01382557416449
6498.05 65.12463204574955
6727.29 65.88533087545686
6964.6 65.64927617333261
7209.96 64.96364283570477
7464.11 64.83415356580025
7727.78 64.84704816481333
8000.24 65.61825085831781
8282.23 65.21835707047761
8574.46 64.99650523910002
8876.22 66.35020188691003
9189.7 67.04336271558525
9513.43 67.18048491678232
9848.88 67.26471448070191
10196.8 66.78601732752787
10556.4 66.24448223509083
10928.5 65.31902026167155
11313.7 64.06983744786068
11712.9 62.72707139876859
12126.0 60.82684416957429
12553.7 57.69417939808399
12996.1 54.37706495417517
13454.6 52.66855171397934
13928.5 49.360924298599215
14419.9 48.38214556017324
14928.2 48.3242568451533
15454.8 50.95747192941151
15999.8 51.954754735869116
16564.5 49.319704421261875
17148.2 44.88591388535464
17753.2 41.61634873649537
18379.4 45.09003591789697
19027.6 49.335992210779196
19698.5 50.86546295801067
19999.5 52.10503655404669
